1	1352	1.0	1.0	0.0	0
2	1373	1.0	1.0	0.0	0
3	1391	1.0	1.0	0.0	0
4	1408	1.0	1.0	0.0	0
5	1423	1.0	1.0	0.0	0
6	1440	1.0	1.0	0.0	0
7	1457	1.0	1.0	0.0	0
8	1473	1.0	1.0	0.0	0
9	1490	1.0	1.0	0.0	0
10	1508	1.0	1.0	0.0	0
11	1524	1.0	1.0	0.0	0
12	1541	1.0	1.0	0.0	0
13	1557	1.0	1.0	0.0	0
14	1574	1.0	1.0	0.0	0
15	1590	1.0	1.0	0.0	0
16	1607	1.0	1.0	0.0	0
17	1624	1.0	1.0	0.0	0
18	1640	1.0	1.0	0.0	0
19	1657	1.0	1.0	0.0	0
20	1673	1.0	1.0	0.0	0
21	1690	1.0	1.0	0.0	0
22	1707	1.0	1.0	0.0	0
23	1725	1.0	1.0	0.0	0
24	1741	1.0	1.0	0.0	0
25	1758	1.0	1.0	0.0	0
26	1774	1.0	1.0	0.0	0
27	1791	1.0	1.0	0.0	0
28	1807	1.0	1.0	0.0	0
29	1824	1.0	1.0	0.0	0
30	1841	1.0	1.0	0.0	0
31	1857	1.0	1.0	0.0	0
32	1875	1.0	1.0	0.0	0
33	1892	1.0	1.0	0.0	0
34	1909	1.0	1.0	0.0	0
35	1925	1.0	1.0	0.0	0
36	1942	1.0	1.0	0.0	0
37	1959	1.0	1.0	0.0	0
38	1974	1.0	1.0	0.0	0
39	1991	1.0	1.0	0.0	0
40	2007	1.0	1.0	0.0	0
41	2024	1.0	1.0	0.0	0
42	2041	1.0	1.0	0.0	0
43	2057	1.0	1.0	0.0	0
44	2074	1.0	1.0	0.0	0
45	2090	1.0	1.0	0.0	0
46	2107	1.0	1.0	0.0	0
47	2124	1.0	1.0	0.0	0
48	2141	1.0	1.0	0.0	0
49	2157	1.0	1.0	0.0	0
50	2176	1.0	1.0	0.0	0
51	2191	1.0	1.0	0.0	0
52	2208	1.0	1.0	0.0	0
53	2224	1.0	1.0	0.0	0
54	2240	1.0	1.0	0.0	0
55	2257	1.0	1.0	0.0	0
56	2273	1.0	1.0	0.0	0
57	2290	1.0	1.0	0.0	0
58	2307	1.0	1.0	0.0	0
59	2325	1.0	1.0	0.0	0
60	2340	1.0	1.0	0.0	0
61	2357	1.0	1.0	0.0	0
62	2374	1.0	1.0	0.0	0
63	2391	1.0	1.0	0.0	0
64	2407	1.0	1.0	0.0	0
65	2424	1.0	1.0	0.0	0
66	2441	1.0	1.0	0.0	0
67	2458	1.0	1.0	0.0	0
68	2474	1.0	1.0	0.0	0
69	2491	1.0	1.0	0.0	0
70	2506	1.0	1.0	0.0	0
71	2524	1.0	1.0	0.0	0
72	2541	1.0	1.0	0.0	0
73	2556	1.0	1.0	0.0	0
74	2573	1.0	1.0	0.0	0
75	2590	1.0	1.0	0.0	0
76	2608	1.0	1.0	0.0	0
77	2623	1.0	1.0	0.0	0
78	2642	1.0	1.0	0.0	0
79	2657	1.0	1.0	0.0	0
80	2674	1.0	1.0	0.0	0
81	2690	1.0	1.0	0.0	0
82	2707	1.0	1.0	0.0	0
83	2724	1.0	1.0	0.0	0
84	2741	1.0	1.0	0.0	0
85	2757	1.0	1.0	0.0	0
86	2773	1.0	1.0	0.0	0
87	2791	1.0	1.0	0.0	0
88	2807	1.0	1.0	0.0	0
89	2824	1.0	1.0	0.0	0
90	2841	1.0	1.0	0.0	0
91	2857	1.0	1.0	0.0	0
92	2874	1.0	1.0	0.0	0
93	2891	1.0	1.0	0.0	0
94	2907	1.0	1.0	0.0	0
95	2924	1.0	1.0	0.0	0
96	2940	1.0	1.0	0.0	0
97	2957	1.0	1.0	0.0	0
98	2975	1.0	1.0	0.0	0
99	2992	1.0	1.0	0.0	0
100	3008	1.0	1.0	0.0	0
101	3026	1.0	1.0	0.0	0
102	3040	1.0	1.0	0.0	0
103	3058	1.0	1.0	0.0	0
104	3074	1.0	1.0	0.0	0
105	3091	1.0	1.0	0.0	0
106	3107	1.0	1.0	0.0	0
107	3124	1.0	1.0	0.0	0
108	3140	1.0	1.0	0.0	0
109	3157	1.0	1.0	0.0	0
110	3174	1.0	1.0	0.0	0
111	3191	1.0	1.0	0.0	0
112	3208	1.0	1.0	0.0	0
113	3223	1.0	1.0	0.0	0
114	3240	1.0	1.0	0.0	0
115	3258	1.0	1.0	0.0	0
116	3274	1.0	1.0	0.0	0
117	3291	1.0	1.0	0.0	0
118	3307	1.0	1.0	0.0	0
119	3324	1.0	1.0	0.0	0
120	3341	1.0	1.0	0.0	0
121	3358	1.0	1.0	0.0	0
122	3374	1.0	1.0	0.0	0
123	3390	1.0	1.0	0.0	0
124	3407	1.0	1.0	0.0	0
125	3425	1.0	1.0	0.0	0
126	3440	1.0	1.0	0.0	0
127	3458	1.0	1.0	0.0	0
128	3474	1.0	1.0	0.0	0
129	3491	1.0	1.0	0.0	0
130	3507	1.0	1.0	0.0	0
131	3524	1.0	1.0	0.0	0
132	3541	1.0	1.0	0.0	0
133	3557	1.0	1.0	0.0	0
134	3573	1.0	1.0	0.0	0
135	3591	1.0	1.0	0.0	0
136	3608	1.0	1.0	0.0	0
137	3624	1.0	1.0	0.0	0
138	3641	1.0	1.0	0.0	0
139	3657	1.0	1.0	0.0	0
140	3674	1.0	1.0	0.0	0
141	3691	1.0	1.0	0.0	0
142	3707	1.0	1.0	0.0	0
143	3724	1.0	1.0	0.0	0
144	3741	1.0	1.0	0.0	0
145	3757	1.0	1.0	0.0	0
146	3774	1.0	1.0	0.0	0
147	3791	1.0	1.0	0.0	0
148	3807	1.0	1.0	0.0	0
149	3824	1.0	1.0	0.0	0
150	3842	1.0	1.0	0.0	0
151	3857	1.0	1.0	0.0	0
152	3874	1.0	1.0	0.0	0
153	3891	1.0	1.0	0.0	0
154	3907	1.0	1.0	0.0	0
155	3924	1.0	1.0	0.0	0
156	3940	1.0	1.0	0.0	0
157	3957	1.0	1.0	0.0	0
158	3974	1.0	1.0	0.0	0
159	3990	1.0	1.0	0.0	0
160	4007	1.0	1.0	0.0	0
161	4023	1.0	1.0	0.0	0
162	4041	1.0	1.0	0.0	0
163	4057	1.0	1.0	0.0	0
164	4074	1.0	1.0	0.0	0
165	4091	1.0	1.0	0.0	0
166	4107	1.0	1.0	0.0	0
167	4124	1.0	1.0	0.0	0
168	4141	1.0	1.0	0.0	0
169	4158	1.0	1.0	0.0	0
170	4174	1.0	1.0	0.0	0
171	4190	1.0	1.0	0.0	0
172	4207	1.0	1.0	0.0	0
173	4224	1.0	1.0	0.0	0
174	4241	1.0	1.0	0.0	0
175	4257	1.0	1.0	0.0	0
176	4274	1.0	1.0	0.0	0
177	4291	1.0	1.0	0.0	0
178	4307	1.0	1.0	0.0	0
179	4324	1.0	1.0	0.0	0
180	4341	1.0	1.0	0.0	0
181	4357	1.0	1.0	0.0	0
182	4374	1.0	1.0	0.0	0
183	4392	1.0	1.0	0.0	0
184	4408	1.0	1.0	0.0	0
185	4424	1.0	1.0	0.0	0
186	4441	1.0	1.0	0.0	0
187	4457	1.0	1.0	0.0	0
188	4474	1.0	1.0	0.0	0
189	4491	1.0	1.0	0.0	0
190	4507	1.0	1.0	0.0	0
191	4523	1.0	1.0	0.0	0
192	4540	1.0	1.0	0.0	0
193	4557	1.0	1.0	0.0	0
194	4575	1.0	1.0	0.0	0
195	4591	1.0	1.0	0.0	0
196	4607	1.0	1.0	0.0	0
197	4623	1.0	1.0	0.0	0
198	4640	1.0	1.0	0.0	0
199	4657	1.0	1.0	0.0	0
200	4674	1.0	1.0	0.0	0
201	4690	1.0	1.0	0.0	0
202	4707	1.0	1.0	0.0	0
203	4724	1.0	1.0	0.0	0
204	4741	1.0	1.0	0.0	0
205	4758	1.0	1.0	0.0	0
206	4774	1.0	1.0	0.0	0
207	4791	1.0	1.0	0.0	0
208	4807	1.0	1.0	0.0	0
209	4824	1.0	1.0	0.0	0
210	4841	1.0	1.0	0.0	0
211	4857	1.0	1.0	0.0	0
212	4874	1.0	1.0	0.0	0
213	4891	1.0	1.0	0.0	0
214	4907	1.0	1.0	0.0	0
215	4924	1.0	1.0	0.0	0
216	4940	1.0	1.0	0.0	0
217	4959	1.0	1.0	0.0	0
218	4974	1.0	1.0	0.0	0
219	4991	1.0	1.0	0.0	0
220	5008	1.0	1.0	0.0	0
221	5024	1.0	1.0	0.0	0
222	5041	1.0	1.0	0.0	0
223	5058	1.0	1.0	0.0	0
224	5073	1.0	1.0	0.0	0
225	5090	1.0	1.0	0.0	0
226	5107	1.0	1.0	0.0	0
227	5124	1.0	1.0	0.0	0
228	5140	1.0	1.0	0.0	0
229	5157	1.0	1.0	0.0	0
230	5175	1.0	1.0	0.0	0
231	5192	1.0	1.0	0.0	0
232	5209	1.0	1.0	0.0	0
233	5224	1.0	1.0	0.0	0
234	5241	1.0	1.0	0.0	0
235	5258	1.0	1.0	0.0	0
236	5274	1.0	1.0	0.0	0
237	5291	1.0	1.0	0.0	0
238	5307	1.0	1.0	0.0	0
239	5324	1.0	1.0	0.0	0
240	5340	1.0	1.0	0.0	0
241	5357	1.0	1.0	0.0	0
242	5375	1.0	1.0	0.0	0
243	5390	1.0	1.0	0.0	0
244	5408	1.0	1.0	0.0	0
245	5424	1.0	1.0	0.0	0
246	5441	1.0	1.0	0.0	0
247	5457	1.0	1.0	0.0	0
248	5473	1.0	1.0	0.0	0
249	5490	1.0	1.0	0.0	0
250	5507	1.0	1.0	0.0	0
251	5524	1.0	1.0	0.0	0
252	5541	1.0	1.0	0.0	0
253	5557	1.0	1.0	0.0	0
254	5573	1.0	1.0	0.0	0
255	5590	1.0	1.0	0.0	0
256	5608	1.0	1.0	0.0	0
257	5625	1.0	1.0	0.0	0
258	5641	1.0	1.0	0.0	0
259	5657	1.0	1.0	0.0	0
260	5674	1.0	1.0	0.0	0
261	5691	1.0	1.0	0.0	0
262	5707	1.0	1.0	0.0	0
263	5724	1.0	1.0	0.0	0
264	5740	1.0	1.0	0.0	0
265	5758	1.0	1.0	0.0	0
266	5773	1.0	1.0	0.0	0
267	5791	1.0	1.0	0.0	0
268	5807	1.0	1.0	0.0	0
269	5824	1.0	1.0	0.0	0
270	5840	1.0	1.0	0.0	0
271	5857	1.0	1.0	0.0	0
272	5874	1.0	1.0	0.0	0
273	5890	1.0	1.0	0.0	0
274	5907	1.0	1.0	0.0	0
275	5924	1.0	1.0	0.0	0
276	5940	1.0	1.0	0.0	0
277	5957	1.0	1.0	0.0	0
278	5974	1.0	1.0	0.0	0
279	5990	1.0	1.0	0.0	0
280	6007	1.0	1.0	0.0	0
281	6024	1.0	1.0	0.0	0
282	6041	1.0	1.0	0.0	0
283	6057	1.0	1.0	0.0	0
284	6074	1.0	1.0	0.0	0
285	6091	1.0	1.0	0.0	0
286	6108	1.0	1.0	0.0	0
287	6124	1.0	1.0	0.0	0
288	6141	1.0	1.0	0.0	0
289	6157	1.0	1.0	0.0	0
290	6175	1.0	1.0	0.0	0
291	6191	1.0	1.0	0.0	0
292	6208	1.0	1.0	0.0	0
293	6226	1.0	1.0	0.0	0
294	6241	1.0	1.0	0.0	0
295	6258	1.0	1.0	0.0	0
296	6275	1.0	1.0	0.0	0
297	6290	1.0	1.0	0.0	0
298	6308	1.0	1.0	0.0	0
299	6324	1.0	1.0	0.0	0
300	6340	1.0	1.0	0.0	0
301	6357	1.0	1.0	0.0	0
302	6374	1.0	1.0	0.0	0
303	6392	1.0	1.0	0.0	0
304	6407	1.0	1.0	0.0	0
305	6423	1.0	1.0	0.0	0
306	6441	1.0	1.0	0.0	0
307	6457	1.0	1.0	0.0	0
308	6475	1.0	1.0	0.0	0
309	6490	1.0	1.0	0.0	0
310	6507	1.0	1.0	0.0	0
311	6524	1.0	1.0	0.0	0
312	6541	1.0	1.0	0.0	0
313	6557	1.0	1.0	0.0	0
314	6573	1.0	1.0	0.0	0
315	6590	1.0	1.0	0.0	0
316	6607	1.0	1.0	0.0	0
317	6624	1.0	1.0	0.0	0
318	6641	1.0	1.0	0.0	0
319	6657	1.0	1.0	0.0	0
320	6674	1.0	1.0	0.0	0
321	6691	1.0	1.0	0.0	0
322	6707	1.0	1.0	0.0	0
323	6724	1.0	1.0	0.0	0
324	6740	1.0	1.0	0.0	0
325	6758	1.0	1.0	0.0	0
326	6774	1.0	1.0	0.0	0
327	6791	1.0	1.0	0.0	0
328	6807	1.0	1.0	0.0	0
329	6823	1.0	1.0	0.0	0
330	6841	1.0	1.0	0.0	0
331	6857	1.0	1.0	0.0	0
332	6874	1.0	1.0	0.0	0
333	6892	1.0	1.0	0.0	0
334	6908	1.0	1.0	0.0	0
335	6925	1.0	1.0	0.0	0
336	6941	1.0	1.0	0.0	0
337	6958	1.0	1.0	0.0	0
338	6974	1.0	1.0	0.0	0
339	6991	1.0	1.0	0.0	0
340	7007	1.0	1.0	0.0	0
341	7024	1.0	1.0	0.0	0
342	7041	1.0	1.0	0.0	0
343	7057	1.0	1.0	0.0	0
344	7074	1.0	1.0	0.0	0
345	7091	1.0	1.0	0.0	0
346	7107	1.0	1.0	0.0	0
347	7124	1.0	1.0	0.0	0
348	7141	1.0	1.0	0.0	0
349	7157	1.0	1.0	0.0	0
350	7174	1.0	1.0	0.0	0
351	7191	1.0	1.0	0.0	0
352	7208	1.0	1.0	0.0	0
353	7224	1.0	1.0	0.0	0
354	7241	1.0	1.0	0.0	0
355	7258	1.0	1.0	0.0	0
356	7273	1.0	1.0	0.0	0
357	7291	1.0	1.0	0.0	0
358	7306	1.0	1.0	0.0	0
359	7324	1.0	1.0	0.0	0
360	7341	1.0	1.0	0.0	0
361	7358	1.0	1.0	0.0	0
362	7375	1.0	1.0	0.0	0
363	7391	1.0	1.0	0.0	0
364	7407	1.0	1.0	0.0	0
365	7425	1.0	1.0	0.0	0
366	7442	1.0	1.0	0.0	0
367	7457	1.0	1.0	0.0	0
368	7474	1.0	1.0	0.0	0
369	7490	1.0	1.0	0.0	0
370	7507	1.0	1.0	0.0	0
371	7523	1.0	1.0	0.0	0
372	7540	1.0	1.0	0.0	0
373	7557	1.0	1.0	0.0	0
374	7574	1.0	1.0	0.0	0
375	7590	1.0	1.0	0.0	0
376	7607	1.0	1.0	0.0	0
377	7625	1.0	1.0	0.0	0
378	7640	1.0	1.0	0.0	0
379	7657	1.0	1.0	0.0	0
380	7674	1.0	1.0	0.0	0
381	7691	1.0	1.0	0.0	0
382	7708	1.0	1.0	0.0	0
383	7724	1.0	1.0	0.0	0
384	7741	1.0	1.0	0.0	0
385	7757	1.0	1.0	0.0	0
386	7774	1.0	1.0	0.0	0
387	7790	1.0	1.0	0.0	0
388	7807	1.0	1.0	0.0	0
389	7824	1.0	1.0	0.0	0
390	7841	1.0	1.0	0.0	0
391	7857	1.0	1.0	0.0	0
392	7874	1.0	1.0	0.0	0
393	7891	1.0	1.0	0.0	0
394	7908	1.0	1.0	0.0	0
395	7924	1.0	1.0	0.0	0
396	7941	1.0	1.0	0.0	0
397	7957	1.0	1.0	0.0	0
398	7975	1.0	1.0	0.0	0
399	7991	1.0	1.0	0.0	0
400	8007	1.0	1.0	0.0	0
401	8024	1.0	1.0	0.0	0
402	8041	1.0	1.0	0.0	0
403	8057	1.0	1.0	0.0	0
404	8074	1.0	1.0	0.0	0
405	8090	1.0	1.0	0.0	0
406	8107	1.0	1.0	0.0	0
407	8124	1.0	1.0	0.0	0
408	8140	1.0	1.0	0.0	0
409	8157	1.0	1.0	0.0	0
410	8174	1.0	1.0	0.0	0
411	8191	1.0	1.0	0.0	0
412	8207	1.0	1.0	0.0	0
413	8224	1.0	1.0	0.0	0
414	8241	1.0	1.0	0.0	0
415	8258	1.0	1.0	0.0	0
416	8274	1.0	1.0	0.0	0
417	8291	1.0	1.0	0.0	0
418	8308	1.0	1.0	0.0	0
419	8324	1.0	1.0	0.0	0
420	8341	1.0	1.0	0.0	0
421	8357	1.0	1.0	0.0	0
422	8374	1.0	1.0	0.0	0
423	8390	1.0	1.0	0.0	0
424	8407	1.0	1.0	0.0	0
425	8424	1.0	1.0	0.0	0
426	8441	1.0	1.0	0.0	0
427	8457	1.0	1.0	0.0	0
428	8473	1.0	1.0	0.0	0
429	8491	1.0	1.0	0.0	0
430	8507	1.0	1.0	0.0	0
431	8524	1.0	1.0	0.0	0
432	8540	1.0	1.0	0.0	0
433	8557	1.0	1.0	0.0	0
434	8574	1.0	1.0	0.0	0
435	8590	1.0	1.0	0.0	0
436	8608	1.0	1.0	0.0	0
437	8623	1.0	1.0	0.0	0
438	8641	1.0	1.0	0.0	0
439	8657	1.0	1.0	0.0	0
440	8674	1.0	1.0	0.0	0
441	8690	1.0	1.0	0.0	0
442	8707	1.0	1.0	0.0	0
443	8724	1.0	1.0	0.0	0
444	8741	1.0	1.0	0.0	0
445	8757	1.0	1.0	0.0	0
446	8774	1.0	1.0	0.0	0
447	8790	1.0	1.0	0.0	0
448	8808	1.0	1.0	0.0	0
449	8824	1.0	1.0	0.0	0
450	8841	1.0	1.0	0.0	0
451	8858	1.0	1.0	0.0	0
452	8875	1.0	1.0	0.0	0
453	8892	1.0	1.0	0.0	0
454	8908	1.0	1.0	0.0	0
455	8924	1.0	1.0	0.0	0
456	8941	1.0	1.0	0.0	0
457	8958	1.0	1.0	0.0	0
458	8974	1.0	1.0	0.0	0
459	8991	1.0	1.0	0.0	0
460	9008	1.0	1.0	0.0	0
461	9024	1.0	1.0	0.0	0
462	9041	1.0	1.0	0.0	0
463	9057	1.0	1.0	0.0	0
464	9074	1.0	1.0	0.0	0
465	9092	1.0	1.0	0.0	0
466	9108	1.0	1.0	0.0	0
467	9124	1.0	1.0	0.0	0
468	9141	1.0	1.0	0.0	0
469	9157	1.0	1.0	0.0	0
470	9174	1.0	1.0	0.0	0
471	9191	1.0	1.0	0.0	0
472	9209	1.0	1.0	0.0	0
473	9224	1.0	1.0	0.0	0
474	9241	1.0	1.0	0.0	0
475	9257	1.0	1.0	0.0	0
476	9274	1.0	1.0	0.0	0
477	9291	1.0	1.0	0.0	0
478	9307	1.0	1.0	0.0	0
479	9324	1.0	1.0	0.0	0
480	9340	1.0	1.0	0.0	0
481	9357	1.0	1.0	0.0	0
482	9374	1.0	1.0	0.0	0
483	9390	1.0	1.0	0.0	0
484	9407	1.0	1.0	0.0	0
485	9423	1.0	1.0	0.0	0
486	9441	1.0	1.0	0.0	0
487	9458	1.0	1.0	0.0	0
488	9474	1.0	1.0	0.0	0
489	9490	1.0	1.0	0.0	0
490	9507	1.0	1.0	0.0	0
491	9524	1.0	1.0	0.0	0
492	9540	1.0	1.0	0.0	0
493	9557	1.0	1.0	0.0	0
494	9574	1.0	1.0	0.0	0
495	9592	1.0	1.0	0.0	0
496	9607	1.0	1.0	0.0	0
497	9625	1.0	1.0	0.0	0
498	9641	1.0	1.0	0.0	0
499	9658	1.0	1.0	0.0	0
500	9674	1.0	1.0	0.0	0
501	9691	1.0	1.0	0.0	0
502	9707	1.0	1.0	0.0	0
503	9724	1.0	1.0	0.0	0
504	9741	1.0	1.0	0.0	0
505	9757	1.0	1.0	0.0	0
506	9775	1.0	1.0	0.0	0
507	9790	1.0	1.0	0.0	0
508	9808	1.0	1.0	0.0	0
509	9824	1.0	1.0	0.0	0
510	9840	1.0	1.0	0.0	0
511	9858	1.0	1.0	0.0	0
512	9874	1.0	1.0	0.0	0
513	9891	1.0	1.0	0.0	0
514	9907	1.0	1.0	0.0	0
515	9924	1.0	1.0	0.0	0
516	9941	1.0	1.0	0.0	0
517	9958	1.0	1.0	0.0	0
518	9973	1.0	1.0	0.0	0
519	9990	1.0	1.0	0.0	0
520	10007	1.0	1.0	0.0	0
521	10024	1.0	1.0	0.0	0
522	10041	1.0	1.0	0.0	0
523	10058	1.0	1.0	0.0	0
524	10075	1.0	1.0	0.0	0
525	10091	1.0	1.0	0.0	0
526	10108	1.0	1.0	0.0	0
527	10124	1.0	1.0	0.0	0
528	10141	1.0	1.0	0.0	0
529	10158	1.0	1.0	0.0	0
530	10175	1.0	1.0	0.0	0
531	10191	1.0	1.0	0.0	0
532	10208	1.0	1.0	0.0	0
533	10224	1.0	1.0	0.0	0
534	10241	1.0	1.0	0.0	0
535	10257	1.0	1.0	0.0	0
536	10274	1.0	1.0	0.0	0
537	10291	1.0	1.0	0.0	0
538	10307	1.0	1.0	0.0	0
539	10323	1.0	1.0	0.0	0
540	10342	1.0	1.0	0.0	0
541	10357	1.0	1.0	0.0	0
542	10374	1.0	1.0	0.0	0
543	10391	1.0	1.0	0.0	0
544	10408	1.0	1.0	0.0	0
545	10424	1.0	1.0	0.0	0
546	10441	1.0	1.0	0.0	0
547	10457	1.0	1.0	0.0	0
548	10474	1.0	1.0	0.0	0
549	10490	1.0	1.0	0.0	0
550	10507	1.0	1.0	0.0	0
551	10523	1.0	1.0	0.0	0
552	10540	1.0	1.0	0.0	0
553	10558	1.0	1.0	0.0	0
554	10574	1.0	1.0	0.0	0
555	10591	1.0	1.0	0.0	0
556	10608	1.0	1.0	0.0	0
557	10625	1.0	1.0	0.0	0
558	10641	1.0	1.0	0.0	0
559	10658	1.0	1.0	0.0	0
560	10676	1.0	1.0	0.0	0
561	10691	1.0	1.0	0.0	0
562	10707	1.0	1.0	0.0	0
563	10724	1.0	1.0	0.0	0
564	10740	1.0	1.0	0.0	0
565	10759	1.0	1.0	0.0	0
566	10774	1.0	1.0	0.0	0
567	10791	1.0	1.0	0.0	0
568	10807	1.0	1.0	0.0	0
569	10824	1.0	1.0	0.0	0
570	10841	1.0	1.0	0.0	0
571	10858	1.0	1.0	0.0	0
572	10875	1.0	1.0	0.0	0
573	10891	1.0	1.0	0.0	0
574	10908	1.0	1.0	0.0	0
575	10925	1.0	1.0	0.0	0
576	10941	1.0	1.0	0.0	0
577	10958	1.0	1.0	0.0	0
578	10976	1.0	1.0	0.0	0
579	10991	1.0	1.0	0.0	0
580	11008	1.0	1.0	0.0	0
581	11024	1.0	1.0	0.0	0
582	11041	1.0	1.0	0.0	0
583	11058	1.0	1.0	0.0	0
584	11074	1.0	1.0	0.0	0
585	11091	1.0	1.0	0.0	0
586	11107	1.0	1.0	0.0	0
587	11124	1.0	1.0	0.0	0
588	11140	1.0	1.0	0.0	0
589	11157	1.0	1.0	0.0	0
590	11174	1.0	1.0	0.0	0
591	11191	1.0	1.0	0.0	0
592	11208	1.0	1.0	0.0	0
593	11224	1.0	1.0	0.0	0
594	11241	1.0	1.0	0.0	0
595	11258	1.0	1.0	0.0	0
596	11274	1.0	1.0	0.0	0
597	11291	1.0	1.0	0.0	0
598	11307	1.0	1.0	0.0	0
599	11324	1.0	1.0	0.0	0
600	11341	1.0	1.0	0.0	0
601	11357	1.0	1.0	0.0	0
602	11374	1.0	1.0	0.0	0
603	11391	1.0	1.0	0.0	0
604	11407	1.0	1.0	0.0	0
605	11424	1.0	1.0	0.0	0
606	11441	1.0	1.0	0.0	0
607	11458	1.0	1.0	0.0	0
608	11473	1.0	1.0	0.0	0
609	11492	1.0	1.0	0.0	0
610	11507	1.0	1.0	0.0	0
611	11524	1.0	1.0	0.0	0
612	11541	1.0	1.0	0.0	0
613	11557	1.0	1.0	0.0	0
614	11574	1.0	1.0	0.0	0
615	11591	1.0	1.0	0.0	0
616	11607	1.0	1.0	0.0	0
617	11624	1.0	1.0	0.0	0
618	11642	1.0	1.0	0.0	0
619	11657	1.0	1.0	0.0	0
620	11674	1.0	1.0	0.0	0
621	11690	1.0	1.0	0.0	0
622	11708	1.0	1.0	0.0	0
623	11724	1.0	1.0	0.0	0
624	11742	1.0	1.0	0.0	0
625	11759	1.0	1.0	0.0	0
626	11774	1.0	1.0	0.0	0
627	11791	1.0	1.0	0.0	0
628	11807	1.0	1.0	0.0	0
629	11824	1.0	1.0	0.0	0
630	11840	1.0	1.0	0.0	0
631	11857	1.0	1.0	0.0	0
632	11874	1.0	1.0	0.0	0
633	11892	1.0	1.0	0.0	0
634	11907	1.0	1.0	0.0	0
635	11925	1.0	1.0	0.0	0
636	11940	1.0	1.0	0.0	0
637	11957	1.0	1.0	0.0	0
638	11975	1.0	1.0	0.0	0
639	11991	1.0	1.0	0.0	0
640	12007	1.0	1.0	0.0	0
641	12024	1.0	1.0	0.0	0
642	12041	1.0	1.0	0.0	0
643	12057	1.0	1.0	0.0	0
644	12074	1.0	1.0	0.0	0
645	12091	1.0	1.0	0.0	0
646	12107	1.0	1.0	0.0	0
647	12124	1.0	1.0	0.0	0
648	12141	1.0	1.0	0.0	0
649	12157	1.0	1.0	0.0	0
650	12174	1.0	1.0	0.0	0
651	12191	1.0	1.0	0.0	0
652	12207	1.0	1.0	0.0	0
653	12224	1.0	1.0	0.0	0
654	12240	1.0	1.0	0.0	0
655	12257	1.0	1.0	0.0	0
656	12274	1.0	1.0	0.0	0
657	12290	1.0	1.0	0.0	0
658	12307	1.0	1.0	0.0	0
659	12324	1.0	1.0	0.0	0
660	12341	1.0	1.0	0.0	0
661	12358	1.0	1.0	0.0	0
662	12374	1.0	1.0	0.0	0
663	12392	1.0	1.0	0.0	0
664	12408	1.0	1.0	0.0	0
665	12425	1.0	1.0	0.0	0
666	12442	1.0	1.0	0.0	0
667	12458	1.0	1.0	0.0	0
668	12474	1.0	1.0	0.0	0
669	12490	1.0	1.0	0.0	0
670	12507	1.0	1.0	0.0	0
671	12524	1.0	1.0	0.0	0
672	12541	1.0	1.0	0.0	0
673	12557	1.0	1.0	0.0	0
674	12574	1.0	1.0	0.0	0
675	12590	1.0	1.0	0.0	0
676	12607	1.0	1.0	0.0	0
677	12624	1.0	1.0	0.0	0
678	12641	1.0	1.0	0.0	0
679	12657	1.0	1.0	0.0	0
680	12674	1.0	1.0	0.0	0
681	12690	1.0	1.0	0.0	0
682	12708	1.0	1.0	0.0	0
683	12724	1.0	1.0	0.0	0
684	12740	1.0	1.0	0.0	0
685	12758	1.0	1.0	0.0	0
686	12774	1.0	1.0	0.0	0
687	12792	1.0	1.0	0.0	0
688	12808	1.0	1.0	0.0	0
689	12824	1.0	1.0	0.0	0
690	12841	1.0	1.0	0.0	0
691	12857	1.0	1.0	0.0	0
692	12874	1.0	1.0	0.0	0
693	12891	1.0	1.0	0.0	0
694	12909	1.0	1.0	0.0	0
695	12924	1.0	1.0	0.0	0
696	12941	1.0	1.0	0.0	0
697	12958	1.0	1.0	0.0	0
698	12974	1.0	1.0	0.0	0
699	12991	1.0	1.0	0.0	0
700	13009	1.0	1.0	0.0	0
701	13025	1.0	1.0	0.0	0
702	13041	1.0	1.0	0.0	0
703	13058	1.0	1.0	0.0	0
704	13074	1.0	1.0	0.0	0
705	13090	1.0	1.0	0.0	0
706	13107	1.0	1.0	0.0	0
707	13124	1.0	1.0	0.0	0
708	13141	1.0	1.0	0.0	0
709	13157	1.0	1.0	0.0	0
710	13174	1.0	1.0	0.0	0
711	13191	1.0	1.0	0.0	0
712	13207	1.0	1.0	0.0	0
713	13224	1.0	1.0	0.0	0
714	13240	1.0	1.0	0.0	0
715	13257	1.0	1.0	0.0	0
716	13274	1.0	1.0	0.0	0
717	13292	1.0	1.0	0.0	0
718	13307	1.0	1.0	0.0	0
719	13325	1.0	1.0	0.0	0
720	13340	1.0	1.0	0.0	0
721	13358	1.0	1.0	0.0	0
722	13374	1.0	1.0	0.0	0
723	13391	1.0	1.0	0.0	0
724	13408	1.0	1.0	0.0	0
725	13425	1.0	1.0	0.0	0
726	13441	1.0	1.0	0.0	0
727	13457	1.0	1.0	0.0	0
728	13474	1.0	1.0	0.0	0
729	13492	1.0	1.0	0.0	0
730	13507	1.0	1.0	0.0	0
731	13524	1.0	1.0	0.0	0
732	13540	1.0	1.0	0.0	0
733	13558	1.0	1.0	0.0	0
734	13574	1.0	1.0	0.0	0
735	13591	1.0	1.0	0.0	0
736	13608	1.0	1.0	0.0	0
737	13625	1.0	1.0	0.0	0
738	13641	1.0	1.0	0.0	0
739	13658	1.0	1.0	0.0	0
740	13675	1.0	1.0	0.0	0
741	13691	1.0	1.0	0.0	0
742	13709	1.0	1.0	0.0	0
743	13725	1.0	1.0	0.0	0
744	13740	1.0	1.0	0.0	0
745	13758	1.0	1.0	0.0	0
746	13774	1.0	1.0	0.0	0
747	13791	1.0	1.0	0.0	0
748	13808	1.0	1.0	0.0	0
749	13824	1.0	1.0	0.0	0
750	13841	1.0	1.0	0.0	0
751	13858	1.0	1.0	0.0	0
752	13874	1.0	1.0	0.0	0
753	13891	1.0	1.0	0.0	0
754	13908	1.0	1.0	0.0	0
755	13926	1.0	1.0	0.0	0
756	13942	1.0	1.0	0.0	0
757	13957	1.0	1.0	0.0	0
758	13974	1.0	1.0	0.0	0
759	13992	1.0	1.0	0.0	0
760	14009	1.0	1.0	0.0	0
761	14024	1.0	1.0	0.0	0
762	14041	1.0	1.0	0.0	0
763	14057	1.0	1.0	0.0	0
764	14074	1.0	1.0	0.0	0
765	14091	1.0	1.0	0.0	0
766	14108	1.0	1.0	0.0	0
767	14124	1.0	1.0	0.0	0
768	14141	1.0	1.0	0.0	0
769	14157	1.0	1.0	0.0	0
770	14174	1.0	1.0	0.0	0
771	14191	1.0	1.0	0.0	0
772	14207	1.0	1.0	0.0	0
773	14224	1.0	1.0	0.0	0
774	14241	1.0	1.0	0.0	0
775	14257	1.0	1.0	0.0	0
776	14274	1.0	1.0	0.0	0
777	14291	1.0	1.0	0.0	0
778	14307	1.0	1.0	0.0	0
779	14324	1.0	1.0	0.0	0
780	14341	1.0	1.0	0.0	0
781	14357	1.0	1.0	0.0	0
782	14374	1.0	1.0	0.0	0
783	14391	1.0	1.0	0.0	0
784	14408	1.0	1.0	0.0	0
785	14425	1.0	1.0	0.0	0
786	14440	1.0	1.0	0.0	0
787	14458	1.0	1.0	0.0	0
788	14475	1.0	1.0	0.0	0
789	14491	1.0	1.0	0.0	0
790	14508	1.0	1.0	0.0	0
791	14524	1.0	1.0	0.0	0
792	14541	1.0	1.0	0.0	0
793	14558	1.0	1.0	0.0	0
794	14574	1.0	1.0	0.0	0
795	14591	1.0	1.0	0.0	0
796	14608	1.0	1.0	0.0	0
797	14624	1.0	1.0	0.0	0
798	14641	1.0	1.0	0.0	0
799	14657	1.0	1.0	0.0	0
800	14674	1.0	1.0	0.0	0
801	14691	1.0	1.0	0.0	0
802	14707	1.0	1.0	0.0	0
803	14723	1.0	1.0	0.0	0
804	14741	1.0	1.0	0.0	0
805	14757	1.0	1.0	0.0	0
806	14774	1.0	1.0	0.0	0
807	14791	1.0	1.0	0.0	0
808	14807	1.0	1.0	0.0	0
809	14824	1.0	1.0	0.0	0
810	14840	1.0	1.0	0.0	0
811	14857	1.0	1.0	0.0	0
812	14874	1.0	1.0	0.0	0
813	14890	1.0	1.0	0.0	0
814	14907	1.0	1.0	0.0	0
815	14924	1.0	1.0	0.0	0
816	14942	1.0	1.0	0.0	0
817	14957	1.0	1.0	0.0	0
818	14975	1.0	1.0	0.0	0
819	14990	1.0	1.0	0.0	0
820	15007	1.0	1.0	0.0	0
821	15024	1.0	1.0	0.0	0
822	15042	1.0	1.0	0.0	0
823	15058	1.0	1.0	0.0	0
824	15075	1.0	1.0	0.0	0
825	15092	1.0	1.0	0.0	0
826	15108	1.0	1.0	0.0	0
827	15125	1.0	1.0	0.0	0
828	15141	1.0	1.0	0.0	0
829	15158	1.0	1.0	0.0	0
830	15174	1.0	1.0	0.0	0
831	15191	1.0	1.0	0.0	0
832	15208	1.0	1.0	0.0	0
833	15224	1.0	1.0	0.0	0
834	15241	1.0	1.0	0.0	0
835	15258	1.0	1.0	0.0	0
836	15274	1.0	1.0	0.0	0
837	15290	1.0	1.0	0.0	0
838	15308	1.0	1.0	0.0	0
839	15324	1.0	1.0	0.0	0
840	15341	1.0	1.0	0.0	0
841	15357	1.0	1.0	0.0	0
842	15375	1.0	1.0	0.0	0
843	15390	1.0	1.0	0.0	0
844	15407	1.0	1.0	0.0	0
845	15425	1.0	1.0	0.0	0
846	15441	1.0	1.0	0.0	0
847	15457	1.0	1.0	0.0	0
848	15474	1.0	1.0	0.0	0
849	15491	1.0	1.0	0.0	0
850	15508	1.0	1.0	0.0	0
851	15524	1.0	1.0	0.0	0
852	15541	1.0	1.0	0.0	0
853	15557	1.0	1.0	0.0	0
854	15574	1.0	1.0	0.0	0
855	15591	1.0	1.0	0.0	0
856	15608	1.0	1.0	0.0	0
857	15624	1.0	1.0	0.0	0
858	15641	1.0	1.0	0.0	0
859	15657	1.0	1.0	0.0	0
860	15675	1.0	1.0	0.0	0
861	15691	1.0	1.0	0.0	0
862	15709	1.0	1.0	0.0	0
863	15725	1.0	1.0	0.0	0
864	15741	1.0	1.0	0.0	0
865	15757	1.0	1.0	0.0	0
866	15774	1.0	1.0	0.0	0
867	15790	1.0	1.0	0.0	0
868	15807	1.0	1.0	0.0	0
869	15824	1.0	1.0	0.0	0
870	15841	1.0	1.0	0.0	0
871	15857	1.0	1.0	0.0	0
872	15873	1.0	1.0	0.0	0
873	15891	1.0	1.0	0.0	0
874	15907	1.0	1.0	0.0	0
875	15924	1.0	1.0	0.0	0
876	15940	1.0	1.0	0.0	0
877	15957	1.0	1.0	0.0	0
878	15974	1.0	1.0	0.0	0
879	15990	1.0	1.0	0.0	0
880	16008	1.0	1.0	0.0	0
881	16023	1.0	1.0	0.0	0
882	16040	1.0	1.0	0.0	0
883	16057	1.0	1.0	0.0	0
884	16074	1.0	1.0	0.0	0
885	16090	1.0	1.0	0.0	0
886	16107	1.0	1.0	0.0	0
887	16123	1.0	1.0	0.0	0
888	16140	1.0	1.0	0.0	0
889	16157	1.0	1.0	0.0	0
890	16174	1.0	1.0	0.0	0
891	16190	1.0	1.0	0.0	0
892	16208	1.0	1.0	0.0	0
893	16224	1.0	1.0	0.0	0
894	16241	1.0	1.0	0.0	0
895	16257	1.0	1.0	0.0	0
896	16274	1.0	1.0	0.0	0
897	16291	1.0	1.0	0.0	0
898	16307	1.0	1.0	0.0	0
899	16324	1.0	1.0	0.0	0
900	16341	1.0	1.0	0.0	0
901	16358	1.0	1.0	0.0	0
902	16374	1.0	1.0	0.0	0
903	16390	1.0	1.0	0.0	0
904	16407	1.0	1.0	0.0	0
905	16424	1.0	1.0	0.0	0
906	16440	1.0	1.0	0.0	0
907	16457	1.0	1.0	0.0	0
908	16475	1.0	1.0	0.0	0
909	16492	1.0	1.0	0.0	0
910	16508	1.0	1.0	0.0	0
911	16523	1.0	1.0	0.0	0
912	16540	1.0	1.0	0.0	0
913	16556	1.0	1.0	0.0	0
914	16575	1.0	1.0	0.0	0
915	16591	1.0	1.0	0.0	0
916	16607	1.0	1.0	0.0	0
917	16624	1.0	1.0	0.0	0
918	16641	1.0	1.0	0.0	0
919	16658	1.0	1.0	0.0	0
920	16675	1.0	1.0	0.0	0
921	16691	1.0	1.0	0.0	0
922	16708	1.0	1.0	0.0	0
923	16724	1.0	1.0	0.0	0
924	16741	1.0	1.0	0.0	0
925	16757	1.0	1.0	0.0	0
926	16775	1.0	1.0	0.0	0
927	16791	1.0	1.0	0.0	0
928	16807	1.0	1.0	0.0	0
929	16824	1.0	1.0	0.0	0
930	16841	1.0	1.0	0.0	0
931	16858	1.0	1.0	0.0	0
932	16874	1.0	1.0	0.0	0
933	16891	1.0	1.0	0.0	0
934	16908	1.0	1.0	0.0	0
935	16925	1.0	1.0	0.0	0
936	16941	1.0	1.0	0.0	0
937	16958	1.0	1.0	0.0	0
938	16974	1.0	1.0	0.0	0
939	16991	1.0	1.0	0.0	0
940	17008	1.0	1.0	0.0	0
941	17024	1.0	1.0	0.0	0
942	17041	1.0	1.0	0.0	0
943	17058	1.0	1.0	0.0	0
944	17074	1.0	1.0	0.0	0
945	17091	1.0	1.0	0.0	0
946	17109	1.0	1.0	0.0	0
947	17125	1.0	1.0	0.0	0
948	17141	1.0	1.0	0.0	0
949	17157	1.0	1.0	0.0	0
950	17174	1.0	1.0	0.0	0
951	17190	1.0	1.0	0.0	0
952	17207	1.0	1.0	0.0	0
953	17224	1.0	1.0	0.0	0
954	17241	1.0	1.0	0.0	0
955	17257	1.0	1.0	0.0	0
956	17274	1.0	1.0	0.0	0
957	17291	1.0	1.0	0.0	0
958	17308	1.0	1.0	0.0	0
959	17323	1.0	1.0	0.0	0
960	17341	1.0	1.0	0.0	0
961	17357	1.0	1.0	0.0	0
962	17374	1.0	1.0	0.0	0
963	17390	1.0	1.0	0.0	0
964	17407	1.0	1.0	0.0	0
965	17425	1.0	1.0	0.0	0
966	17441	1.0	1.0	0.0	0
967	17457	1.0	1.0	0.0	0
968	17474	1.0	1.0	0.0	0
969	17490	1.0	1.0	0.0	0
970	17508	1.0	1.0	0.0	0
971	17525	1.0	1.0	0.0	0
972	17541	1.0	1.0	0.0	0
973	17558	1.0	1.0	0.0	0
974	17575	1.0	1.0	0.0	0
975	17591	1.0	1.0	0.0	0
976	17608	1.0	1.0	0.0	0
977	17624	1.0	1.0	0.0	0
978	17641	1.0	1.0	0.0	0
979	17658	1.0	1.0	0.0	0
980	17675	1.0	1.0	0.0	0
981	17691	1.0	1.0	0.0	0
982	17708	1.0	1.0	0.0	0
983	17724	1.0	1.0	0.0	0
984	17740	1.0	1.0	0.0	0
985	17757	1.0	1.0	0.0	0
986	17774	1.0	1.0	0.0	0
987	17791	1.0	1.0	0.0	0
988	17808	1.0	1.0	0.0	0
989	17825	1.0	1.0	0.0	0
990	17840	1.0	1.0	0.0	0
991	17857	1.0	1.0	0.0	0
992	17874	1.0	1.0	0.0	0
993	17891	1.0	1.0	0.0	0
994	17908	1.0	1.0	0.0	0
995	17925	1.0	1.0	0.0	0
996	17942	1.0	1.0	0.0	0
997	17958	1.0	1.0	0.0	0
998	17974	1.0	1.0	0.0	0
999	17991	1.0	1.0	0.0	0
1000	18008	1.0	1.0	0.0	0
1001	18024	1.0	1.0	0.0	0
1002	18041	1.0	1.0	0.0	0
1003	18057	1.0	1.0	0.0	0
1004	18074	1.0	1.0	0.0	0
1005	18091	1.0	1.0	0.0	0
1006	18107	1.0	1.0	0.0	0
1007	18124	1.0	1.0	0.0	0
1008	18141	1.0	1.0	0.0	0
1009	18157	1.0	1.0	0.0	0
1010	18175	1.0	1.0	0.0	0
1011	18191	1.0	1.0	0.0	0
1012	18208	1.0	1.0	0.0	0
1013	18224	1.0	1.0	0.0	0
1014	18241	1.0	1.0	0.0	0
1015	18257	1.0	1.0	0.0	0
1016	18274	1.0	1.0	0.0	0
1017	18291	1.0	1.0	0.0	0
1018	18307	1.0	1.0	0.0	0
1019	18324	1.0	1.0	0.0	0
1020	18341	1.0	1.0	0.0	0
1021	18357	1.0	1.0	0.0	0
1022	18374	1.0	1.0	0.0	0
1023	18392	1.0	1.0	0.0	0
1024	18407	1.0	1.0	0.0	0
1025	18424	1.0	1.0	0.0	0
1026	18442	1.0	1.0	0.0	0
1027	18458	1.0	1.0	0.0	0
1028	18475	1.0	1.0	0.0	0
1029	18491	1.0	1.0	0.0	0
1030	18508	1.0	1.0	0.0	0
1031	18524	1.0	1.0	0.0	0
1032	18541	1.0	1.0	0.0	0
1033	18557	1.0	1.0	0.0	0
1034	18575	1.0	1.0	0.0	0
1035	18591	1.0	1.0	0.0	0
1036	18607	1.0	1.0	0.0	0
1037	18625	1.0	1.0	0.0	0
1038	18641	1.0	1.0	0.0	0
1039	18657	1.0	1.0	0.0	0
1040	18674	1.0	1.0	0.0	0
1041	18691	1.0	1.0	0.0	0
1042	18724	1.0	1.0	0.0	0
1043	18741	1.0	1.0	0.0	0
1044	18758	1.0	1.0	0.0	0
1045	18774	1.0	1.0	0.0	0
1046	18791	1.0	1.0	0.0	0
1047	18808	1.0	1.0	0.0	0
1048	18824	1.0	1.0	0.0	0
1049	18842	1.0	1.0	0.0	0
1050	18857	1.0	1.0	0.0	0
1051	18875	1.0	1.0	0.0	0
1052	18891	1.0	1.0	0.0	0
1053	18908	1.0	1.0	0.0	0
1054	18925	1.0	1.0	0.0	0
1055	18942	1.0	1.0	0.0	0
1056	18958	1.0	1.0	0.0	0
1057	18975	1.0	1.0	0.0	0
1058	18992	1.0	1.0	0.0	0
1059	19007	1.0	1.0	0.0	0
1060	19023	1.0	1.0	0.0	0
1061	19041	1.0	1.0	0.0	0
1062	19056	1.0	1.0	0.0	0
1063	19075	1.0	1.0	0.0	0
1064	19091	1.0	1.0	0.0	0
1065	19108	1.0	1.0	0.0	0
1066	19125	1.0	1.0	0.0	0
1067	19142	1.0	1.0	0.0	0
1068	19158	1.0	1.0	0.0	0
1069	19175	1.0	1.0	0.0	0
1070	19192	1.0	1.0	0.0	0
1071	19209	1.0	1.0	0.0	0
1072	19224	1.0	1.0	0.0	0
1073	19240	1.0	1.0	0.0	0
1074	19258	1.0	1.0	0.0	0
1075	19275	1.0	1.0	0.0	0
1076	19292	1.0	1.0	0.0	0
1077	19308	1.0	1.0	0.0	0
1078	19325	1.0	1.0	0.0	0
1079	19341	1.0	1.0	0.0	0
1080	19358	1.0	1.0	0.0	0
1081	19375	1.0	1.0	0.0	0
1082	19392	1.0	1.0	0.0	0
1083	19407	1.0	1.0	0.0	0
1084	19425	1.0	1.0	0.0	0
1085	19440	1.0	1.0	0.0	0
1086	19458	1.0	1.0	0.0	0
1087	19475	1.0	1.0	0.0	0
1088	19491	1.0	1.0	0.0	0
1089	19508	1.0	1.0	0.0	0
1090	19525	1.0	1.0	0.0	0
1091	19541	1.0	1.0	0.0	0
1092	19558	1.0	1.0	0.0	0
1093	19573	1.0	1.0	0.0	0
1094	19591	1.0	1.0	0.0	0
1095	19608	1.0	1.0	0.0	0
1096	19625	1.0	1.0	0.0	0
1097	19641	1.0	1.0	0.0	0
1098	19658	1.0	1.0	0.0	0
1099	19675	1.0	1.0	0.0	0
1100	19692	1.0	1.0	0.0	0
1101	19708	1.0	1.0	0.0	0
1102	19725	1.0	1.0	0.0	0
1103	19742	1.0	1.0	0.0	0
1104	19759	1.0	1.0	0.0	0
1105	19775	1.0	1.0	0.0	0
1106	19791	1.0	1.0	0.0	0
1107	19808	1.0	1.0	0.0	0
1108	19825	1.0	1.0	0.0	0
1109	19842	1.0	1.0	0.0	0
1110	19859	1.0	1.0	0.0	0
1111	19875	1.0	1.0	0.0	0
1112	19891	1.0	1.0	0.0	0
1113	19908	1.0	1.0	0.0	0
1114	19924	1.0	1.0	0.0	0
1115	19941	1.0	1.0	0.0	0
1116	19957	1.0	1.0	0.0	0
1117	19975	1.0	1.0	0.0	0
1118	19991	1.0	1.0	0.0	0
1119	20007	1.0	1.0	0.0	0
1120	20024	1.0	1.0	0.0	0
1121	20040	1.0	1.0	0.0	0
1122	20057	1.0	1.0	0.0	0
1123	20075	1.0	1.0	0.0	0
1124	20091	1.0	1.0	0.0	0
1125	20108	1.0	1.0	0.0	0
1126	20124	1.0	1.0	0.0	0
1127	20141	1.0	1.0	0.0	0
1128	20157	1.0	1.0	0.0	0
1129	20175	1.0	1.0	0.0	0
1130	20191	1.0	1.0	0.0	0
1131	20208	1.0	1.0	0.0	0
1132	20224	1.0	1.0	0.0	0
1133	20242	1.0	1.0	0.0	0
1134	20258	1.0	1.0	0.0	0
1135	20274	1.0	1.0	0.0	0
1136	20292	1.0	1.0	0.0	0
1137	20308	1.0	1.0	0.0	0
1138	20324	1.0	1.0	0.0	0
1139	20341	1.0	1.0	0.0	0
1140	20358	1.0	1.0	0.0	0
1141	20373	1.0	1.0	0.0	0
1142	20390	1.0	1.0	0.0	0
1143	20408	1.0	1.0	0.0	0
1144	20426	1.0	1.0	0.0	0
1145	20441	1.0	1.0	0.0	0
1146	20459	1.0	1.0	0.0	0
1147	20475	1.0	1.0	0.0	0
1148	20492	1.0	1.0	0.0	0
1149	20507	1.0	1.0	0.0	0
1150	20524	1.0	1.0	0.0	0
1151	20541	1.0	1.0	0.0	0
1152	20558	1.0	1.0	0.0	0
1153	20574	1.0	1.0	0.0	0
1154	20591	1.0	1.0	0.0	0
1155	20607	1.0	1.0	0.0	0
1156	20625	1.0	1.0	0.0	0
1157	20642	1.0	1.0	0.0	0
1158	20658	1.0	1.0	0.0	0
1159	20673	1.0	1.0	0.0	0
1160	20691	1.0	1.0	0.0	0
1161	20707	1.0	1.0	0.0	0
1162	20724	1.0	1.0	0.0	0
1163	20741	1.0	1.0	0.0	0
1164	20757	1.0	1.0	0.0	0
1165	20775	1.0	1.0	0.0	0
1166	20791	1.0	1.0	0.0	0
1167	20808	1.0	1.0	0.0	0
1168	20825	1.0	1.0	0.0	0
1169	20842	1.0	1.0	0.0	0
1170	20858	1.0	1.0	0.0	0
1171	20875	1.0	1.0	0.0	0
1172	20891	1.0	1.0	0.0	0
1173	20908	1.0	1.0	0.0	0
1174	20925	1.0	1.0	0.0	0
1175	20941	1.0	1.0	0.0	0
1176	20959	1.0	1.0	0.0	0
1177	20975	1.0	1.0	0.0	0
1178	20992	1.0	1.0	0.0	0
1179	21008	1.0	1.0	0.0	0
1180	21023	1.0	1.0	0.0	0
1181	21041	1.0	1.0	0.0	0
1182	21058	1.0	1.0	0.0	0
1183	21075	1.0	1.0	0.0	0
1184	21090	1.0	1.0	0.0	0
1185	21108	1.0	1.0	0.0	0
1186	21124	1.0	1.0	0.0	0
1187	21142	1.0	1.0	0.0	0
1188	21158	1.0	1.0	0.0	0
1189	21175	1.0	1.0	0.0	0
1190	21192	1.0	1.0	0.0	0
1191	21208	1.0	1.0	0.0	0
1192	21225	1.0	1.0	0.0	0
1193	21242	1.0	1.0	0.0	0
1194	21258	1.0	1.0	0.0	0
1195	21275	1.0	1.0	0.0	0
1196	21291	1.0	1.0	0.0	0
1197	21308	1.0	1.0	0.0	0
1198	21325	1.0	1.0	0.0	0
1199	21341	1.0	1.0	0.0	0
1200	21357	1.0	1.0	0.0	0
1201	21374	1.0	1.0	0.0	0
1202	21391	1.0	1.0	0.0	0
1203	21408	1.0	1.0	0.0	0
1204	21425	1.0	1.0	0.0	0
1205	21442	1.0	1.0	0.0	0
1206	21458	1.0	1.0	0.0	0
1207	21474	1.0	1.0	0.0	0
1208	21491	1.0	1.0	0.0	0
1209	21508	1.0	1.0	0.0	0
1210	21524	1.0	1.0	0.0	0
1211	21541	1.0	1.0	0.0	0
1212	21559	1.0	1.0	0.0	0
1213	21574	1.0	1.0	0.0	0
1214	21592	1.0	1.0	0.0	0
1215	21607	1.0	1.0	0.0	0
1216	21624	1.0	1.0	0.0	0
1217	21642	1.0	1.0	0.0	0
1218	21658	1.0	1.0	0.0	0
1219	21675	1.0	1.0	0.0	0
1220	21691	1.0	1.0	0.0	0
1221	21708	1.0	1.0	0.0	0
1222	21725	1.0	1.0	0.0	0
1223	21740	1.0	1.0	0.0	0
1224	21758	1.0	1.0	0.0	0
1225	21774	1.0	1.0	0.0	0
1226	21791	1.0	1.0	0.0	0
1227	21808	1.0	1.0	0.0	0
1228	21824	1.0	1.0	0.0	0
1229	21842	1.0	1.0	0.0	0
1230	21858	1.0	1.0	0.0	0
1231	21874	1.0	1.0	0.0	0
1232	21891	1.0	1.0	0.0	0
1233	21909	1.0	1.0	0.0	0
1234	21926	1.0	1.0	0.0	0
1235	21941	1.0	1.0	0.0	0
1236	21959	1.0	1.0	0.0	0
1237	21975	1.0	1.0	0.0	0
1238	21992	1.0	1.0	0.0	0
1239	22008	1.0	1.0	0.0	0
1240	22025	1.0	1.0	0.0	0
1241	22042	1.0	1.0	0.0	0
1242	22059	1.0	1.0	0.0	0
1243	22076	1.0	1.0	0.0	0
1244	22092	1.0	1.0	0.0	0
1245	22109	1.0	1.0	0.0	0
1246	22126	1.0	1.0	0.0	0
1247	22142	1.0	1.0	0.0	0
1248	22158	1.0	1.0	0.0	0
1249	22176	1.0	1.0	0.0	0
1250	22193	1.0	1.0	0.0	0
1251	22208	1.0	1.0	0.0	0
1252	22226	1.0	1.0	0.0	0
1253	22241	1.0	1.0	0.0	0
1254	22258	1.0	1.0	0.0	0
1255	22274	1.0	1.0	0.0	0
1256	22292	1.0	1.0	0.0	0
1257	22309	1.0	1.0	0.0	0
1258	22324	1.0	1.0	0.0	0
1259	22341	1.0	1.0	0.0	0
1260	22358	1.0	1.0	0.0	0
1261	22375	1.0	1.0	0.0	0
1262	22391	1.0	1.0	0.0	0
1263	22407	1.0	1.0	0.0	0
1264	22425	1.0	1.0	0.0	0
1265	22441	1.0	1.0	0.0	0
1266	22458	1.0	1.0	0.0	0
1267	22474	1.0	1.0	0.0	0
1268	22491	1.0	1.0	0.0	0
1269	22507	1.0	1.0	0.0	0
1270	22525	1.0	1.0	0.0	0
1271	22542	1.0	1.0	0.0	0
1272	22558	1.0	1.0	0.0	0
1273	22575	1.0	1.0	0.0	0
1274	22592	1.0	1.0	0.0	0
1275	22609	1.0	1.0	0.0	0
1276	22625	1.0	1.0	0.0	0
1277	22642	1.0	1.0	0.0	0
1278	22657	1.0	1.0	0.0	0
1279	22674	1.0	1.0	0.0	0
1280	22690	1.0	1.0	0.0	0
1281	22707	1.0	1.0	0.0	0
1282	22725	1.0	1.0	0.0	0
1283	22742	1.0	1.0	0.0	0
1284	22758	1.0	1.0	0.0	0
1285	22774	1.0	1.0	0.0	0
1286	22792	1.0	1.0	0.0	0
1287	22807	1.0	1.0	0.0	0
1288	22825	1.0	1.0	0.0	0
1289	22840	1.0	1.0	0.0	0
1290	22858	1.0	1.0	0.0	0
1291	22874	1.0	1.0	0.0	0
1292	22891	1.0	1.0	0.0	0
1293	22909	1.0	1.0	0.0	0
1294	22924	1.0	1.0	0.0	0
1295	22941	1.0	1.0	0.0	0
1296	22957	1.0	1.0	0.0	0
1297	22974	1.0	1.0	0.0	0
1298	22991	1.0	1.0	0.0	0
1299	23008	1.0	1.0	0.0	0
1300	23025	1.0	1.0	0.0	0
1301	23041	1.0	1.0	0.0	0
1302	23057	1.0	1.0	0.0	0
1303	23075	1.0	1.0	0.0	0
1304	23091	1.0	1.0	0.0	0
1305	23108	1.0	1.0	0.0	0
1306	23125	1.0	1.0	0.0	0
1307	23142	1.0	1.0	0.0	0
1308	23157	1.0	1.0	0.0	0
1309	23174	1.0	1.0	0.0	0
1310	23192	1.0	1.0	0.0	0
1311	23208	1.0	1.0	0.0	0
1312	23225	1.0	1.0	0.0	0
1313	23242	1.0	1.0	0.0	0
1314	23258	1.0	1.0	0.0	0
1315	23275	1.0	1.0	0.0	0
1316	23291	1.0	1.0	0.0	0
1317	23307	1.0	1.0	0.0	0
1318	23325	1.0	1.0	0.0	0
1319	23341	1.0	1.0	0.0	0
1320	23358	1.0	1.0	0.0	0
1321	23375	1.0	1.0	0.0	0
1322	23391	1.0	1.0	0.0	0
1323	23408	1.0	1.0	0.0	0
1324	23425	1.0	1.0	0.0	0
1325	23440	1.0	1.0	0.0	0
1326	23458	1.0	1.0	0.0	0
1327	23475	1.0	1.0	0.0	0
1328	23491	1.0	1.0	0.0	0
1329	23509	1.0	1.0	0.0	0
1330	23524	1.0	1.0	0.0	0
1331	23541	1.0	1.0	0.0	0
1332	23558	1.0	1.0	0.0	0
1333	23574	1.0	1.0	0.0	0
1334	23591	1.0	1.0	0.0	0
1335	23608	1.0	1.0	0.0	0
1336	23625	1.0	1.0	0.0	0
1337	23640	1.0	1.0	0.0	0
1338	23658	1.0	1.0	0.0	0
1339	23675	1.0	1.0	0.0	0
1340	23692	1.0	1.0	0.0	0
1341	23709	1.0	1.0	0.0	0
1342	23725	1.0	1.0	0.0	0
1343	23742	1.0	1.0	0.0	0
1344	23757	1.0	1.0	0.0	0
1345	23775	1.0	1.0	0.0	0
1346	23792	1.0	1.0	0.0	0
1347	23809	1.0	1.0	0.0	0
1348	23826	1.0	1.0	0.0	0
1349	23842	1.0	1.0	0.0	0
1350	23859	1.0	1.0	0.0	0
1351	23874	1.0	1.0	0.0	0
1352	23892	1.0	1.0	0.0	0
1353	23909	1.0	1.0	0.0	0
1354	23924	1.0	1.0	0.0	0
1355	23941	1.0	1.0	0.0	0
1356	23958	1.0	1.0	0.0	0
1357	23975	1.0	1.0	0.0	0
1358	23992	1.0	1.0	0.0	0
1359	24008	1.0	1.0	0.0	0
1360	24025	1.0	1.0	0.0	0
1361	24042	1.0	1.0	0.0	0
1362	24058	1.0	1.0	0.0	0
1363	24074	1.0	1.0	0.0	0
1364	24091	1.0	1.0	0.0	0
1365	24108	1.0	1.0	0.0	0
1366	24124	1.0	1.0	0.0	0
1367	24141	1.0	1.0	0.0	0
1368	24157	1.0	1.0	0.0	0
1369	24175	1.0	1.0	0.0	0
1370	24190	1.0	1.0	0.0	0
1371	24208	1.0	1.0	0.0	0
1372	24224	1.0	1.0	0.0	0
1373	24242	1.0	1.0	0.0	0
1374	24257	1.0	1.0	0.0	0
1375	24275	1.0	1.0	0.0	0
1376	24292	1.0	1.0	0.0	0
1377	24307	1.0	1.0	0.0	0
1378	24324	1.0	1.0	0.0	0
1379	24342	1.0	1.0	0.0	0
1380	24358	1.0	1.0	0.0	0
1381	24375	1.0	1.0	0.0	0
1382	24392	1.0	1.0	0.0	0
1383	24409	1.0	1.0	0.0	0
1384	24425	1.0	1.0	0.0	0
1385	24442	1.0	1.0	0.0	0
1386	24459	1.0	1.0	0.0	0
1387	24474	1.0	1.0	0.0	0
1388	24491	1.0	1.0	0.0	0
1389	24509	1.0	1.0	0.0	0
1390	24525	1.0	1.0	0.0	0
1391	24541	1.0	1.0	0.0	0
1392	24558	1.0	1.0	0.0	0
1393	24575	1.0	1.0	0.0	0
1394	24592	1.0	1.0	0.0	0
1395	24609	1.0	1.0	0.0	0
1396	24625	1.0	1.0	0.0	0
1397	24641	1.0	1.0	0.0	0
1398	24658	1.0	1.0	0.0	0
1399	24674	1.0	1.0	0.0	0
1400	24692	1.0	1.0	0.0	0
1401	24708	1.0	1.0	0.0	0
1402	24725	1.0	1.0	0.0	0
1403	24742	1.0	1.0	0.0	0
1404	24758	1.0	1.0	0.0	0
1405	24775	1.0	1.0	0.0	0
1406	24791	1.0	1.0	0.0	0
1407	24808	1.0	1.0	0.0	0
1408	24825	1.0	1.0	0.0	0
1409	24841	1.0	1.0	0.0	0
1410	24857	1.0	1.0	0.0	0
1411	24874	1.0	1.0	0.0	0
1412	24891	1.0	1.0	0.0	0
1413	24907	1.0	1.0	0.0	0
1414	24925	1.0	1.0	0.0	0
1415	24941	1.0	1.0	0.0	0
1416	24958	1.0	1.0	0.0	0
1417	24975	1.0	1.0	0.0	0
1418	24991	1.0	1.0	0.0	0
1419	25008	1.0	1.0	0.0	0
1420	25025	1.0	1.0	0.0	0
1421	25042	1.0	1.0	0.0	0
1422	25059	1.0	1.0	0.0	0
1423	25075	1.0	1.0	0.0	0
1424	25092	1.0	1.0	0.0	0
1425	25109	1.0	1.0	0.0	0
1426	25124	1.0	1.0	0.0	0
1427	25141	1.0	1.0	0.0	0
1428	25158	1.0	1.0	0.0	0
1429	25175	1.0	1.0	0.0	0
1430	25191	1.0	1.0	0.0	0
1431	25208	1.0	1.0	0.0	0
1432	25225	1.0	1.0	0.0	0
1433	25242	1.0	1.0	0.0	0
1434	25257	1.0	1.0	0.0	0
1435	25275	1.0	1.0	0.0	0
1436	25291	1.0	1.0	0.0	0
1437	25309	1.0	1.0	0.0	0
1438	25325	1.0	1.0	0.0	0
1439	25342	1.0	1.0	0.0	0
1440	25359	1.0	1.0	0.0	0
1441	25375	1.0	1.0	0.0	0
1442	25390	1.0	1.0	0.0	0
1443	25407	1.0	1.0	0.0	0
1444	25425	1.0	1.0	0.0	0
1445	25442	1.0	1.0	0.0	0
1446	25459	1.0	1.0	0.0	0
1447	25475	1.0	1.0	0.0	0
1448	25491	1.0	1.0	0.0	0
1449	25508	1.0	1.0	0.0	0
1450	25524	1.0	1.0	0.0	0
1451	25542	1.0	1.0	0.0	0
1452	25559	1.0	1.0	0.0	0
1453	25574	1.0	1.0	0.0	0
1454	25592	1.0	1.0	0.0	0
1455	25607	1.0	1.0	0.0	0
1456	25624	1.0	1.0	0.0	0
1457	25641	1.0	1.0	0.0	0
1458	25658	1.0	1.0	0.0	0
1459	25675	1.0	1.0	0.0	0
1460	25691	1.0	1.0	0.0	0
1461	25708	1.0	1.0	0.0	0
1462	25723	1.0	1.0	0.0	0
1463	25742	1.0	1.0	0.0	0
1464	25758	1.0	1.0	0.0	0
1465	25774	1.0	1.0	0.0	0
1466	25791	1.0	1.0	0.0	0
1467	25808	1.0	1.0	0.0	0
1468	25825	1.0	1.0	0.0	0
1469	25842	1.0	1.0	0.0	0
1470	25857	1.0	1.0	0.0	0
1471	25875	1.0	1.0	0.0	0
1472	25892	1.0	1.0	0.0	0
1473	25909	1.0	1.0	0.0	0
1474	25924	1.0	1.0	0.0	0
1475	25940	1.0	1.0	0.0	0
1476	25959	1.0	1.0	0.0	0
1477	25974	1.0	1.0	0.0	0
1478	25991	1.0	1.0	0.0	0
1479	26008	1.0	1.0	0.0	0
1480	26025	1.0	1.0	0.0	0
1481	26041	1.0	1.0	0.0	0
1482	26059	1.0	1.0	0.0	0
1483	26075	1.0	1.0	0.0	0
1484	26092	1.0	1.0	0.0	0
1485	26108	1.0	1.0	0.0	0
1486	26125	1.0	1.0	0.0	0
1487	26140	1.0	1.0	0.0	0
1488	26158	1.0	1.0	0.0	0
1489	26175	1.0	1.0	0.0	0
1490	26190	1.0	1.0	0.0	0
1491	26209	1.0	1.0	0.0	0
1492	26223	1.0	1.0	0.0	0
1493	26242	1.0	1.0	0.0	0
1494	26257	1.0	1.0	0.0	0
1495	26275	1.0	1.0	0.0	0
1496	26292	1.0	1.0	0.0	0
1497	26307	1.0	1.0	0.0	0
1498	26324	1.0	1.0	0.0	0
1499	26341	1.0	1.0	0.0	0
1500	26358	1.0	1.0	0.0	0
1501	26375	1.0	1.0	0.0	0
1502	26392	1.0	1.0	0.0	0
1503	26408	1.0	1.0	0.0	0
1504	26424	1.0	1.0	0.0	0
1505	26441	1.0	1.0	0.0	0
1506	26458	1.0	1.0	0.0	0
1507	26475	1.0	1.0	0.0	0
1508	26491	1.0	1.0	0.0	0
1509	26508	1.0	1.0	0.0	1
1510	26523	137.0	344.0	0.0	1
1511	26542	137.0	344.0	0.0	1
1512	26558	137.0	344.0	0.0	1
1513	26575	137.0	344.0	0.0	1
1514	26591	137.0	344.0	0.0	1
1515	26608	137.0	344.0	0.0	0
1516	26624	137.0	344.0	0.0	0
1517	26642	137.0	344.0	0.0	0
1518	26658	137.0	344.0	0.0	0
1519	26674	137.0	344.0	0.0	0
1520	26692	137.0	344.0	0.0	0
1521	26709	137.0	344.0	0.0	0
1522	26725	137.0	344.0	0.0	0
1523	26742	137.0	344.0	0.0	0
1524	26757	137.0	344.0	0.0	0
1525	26774	137.0	344.0	0.0	0
1526	26791	137.0	344.0	0.0	0
1527	26809	137.0	344.0	0.0	0
1528	26825	137.0	344.0	0.0	0
1529	26842	137.0	344.0	0.0	0
1530	26859	137.0	344.0	0.0	0
1531	26875	137.0	344.0	0.0	0
1532	26892	137.0	344.0	0.0	0
1533	26909	137.0	344.0	0.0	0
1534	26925	137.0	344.0	0.0	0
1535	26942	137.0	344.0	0.0	0
1536	26958	137.0	344.0	0.0	0
1537	26975	137.0	344.0	0.0	0
1538	26992	137.0	344.0	0.0	0
1539	27008	137.0	344.0	0.0	0
1540	27024	137.0	344.0	0.0	0
1541	27041	137.0	344.0	0.0	0
1542	27058	137.0	344.0	0.0	0
1543	27075	137.0	344.0	0.0	0
1544	27092	137.0	344.0	0.0	0
1545	27108	137.0	344.0	0.0	0
1546	27125	137.0	344.0	0.0	0
1547	27141	137.0	344.0	0.0	0
1548	27158	137.0	344.0	0.0	0
1549	27176	137.0	344.0	0.0	0
1550	27192	137.0	344.0	0.0	0
1551	27209	137.0	344.0	0.0	0
1552	27224	137.0	344.0	0.0	0
1553	27242	137.0	344.0	0.0	0
1554	27258	137.0	344.0	0.0	0
1555	27275	137.0	344.0	0.0	0
1556	27292	137.0	344.0	0.0	0
1557	27308	137.0	344.0	0.0	0
1558	27325	137.0	344.0	0.0	0
1559	27341	137.0	344.0	0.0	0
1560	27359	137.0	344.0	0.0	0
1561	27374	137.0	344.0	0.0	0
1562	27391	137.0	344.0	0.0	0
1563	27407	137.0	344.0	0.0	0
1564	27425	137.0	344.0	0.0	0
1565	27442	137.0	344.0	0.0	0
1566	27457	137.0	344.0	0.0	0
1567	27475	137.0	344.0	0.0	0
1568	27491	137.0	344.0	0.0	0
1569	27508	137.0	344.0	0.0	0
1570	27524	137.0	344.0	0.0	0
1571	27542	137.0	344.0	0.0	0
1572	27557	137.0	344.0	0.0	0
1573	27574	137.0	344.0	0.0	0
1574	27591	137.0	344.0	0.0	0
1575	27607	137.0	344.0	0.0	0
1576	27623	137.0	344.0	0.0	0
1577	27641	137.0	344.0	0.0	0
1578	27658	137.0	344.0	0.0	0
1579	27675	137.0	344.0	0.0	0
1580	27690	137.0	344.0	0.0	0
1581	27708	137.0	344.0	0.0	0
1582	27724	137.0	344.0	0.0	0
1583	27742	137.0	344.0	0.0	0
1584	27758	137.0	344.0	0.0	0
1585	27775	137.0	344.0	0.0	0
1586	27792	137.0	344.0	0.0	0
1587	27807	137.0	344.0	0.0	0
1588	27825	137.0	344.0	0.0	0
1589	27840	137.0	344.0	0.0	0
1590	27858	137.0	344.0	0.0	0
1591	27874	137.0	344.0	0.0	0
1592	27892	137.0	344.0	0.0	0
1593	27908	137.0	344.0	0.0	0
1594	27925	137.0	344.0	0.0	0
1595	27942	137.0	344.0	0.0	0
1596	27958	137.0	344.0	0.0	0
1597	27975	137.0	344.0	0.0	0
1598	27992	137.0	344.0	0.0	0
1599	28008	137.0	344.0	0.0	0
1600	28025	137.0	344.0	0.0	0
1601	28041	137.0	344.0	0.0	0
1602	28057	137.0	344.0	0.0	0
1603	28074	137.0	344.0	0.0	0
1604	28092	137.0	344.0	0.0	0
1605	28107	137.0	344.0	0.0	0
1606	28125	137.0	344.0	0.0	0
1607	28142	137.0	344.0	0.0	0
1608	28157	137.0	344.0	0.0	0
1609	28175	137.0	344.0	0.0	0
1610	28192	137.0	344.0	0.0	0
1611	28209	137.0	344.0	0.0	0
1612	28225	137.0	344.0	0.0	0
1613	28242	137.0	344.0	0.0	0
1614	28257	137.0	344.0	0.0	0
1615	28275	137.0	344.0	0.0	0
1616	28291	137.0	344.0	0.0	0
1617	28308	137.0	344.0	0.0	0
1618	28324	137.0	344.0	0.0	0
1619	28342	137.0	344.0	0.0	0
1620	28358	137.0	344.0	0.0	0
1621	28374	137.0	344.0