1	1349	1.0	1.0	0.0	0
2	1388	1.0	1.0	0.0	0
3	1410	1.0	1.0	0.0	0
4	1433	1.0	1.0	0.0	0
5	1455	1.0	1.0	0.0	0
6	1477	1.0	1.0	0.0	0
7	1499	1.0	1.0	0.0	0
8	1521	1.0	1.0	0.0	0
9	1544	1.0	1.0	0.0	0
10	1566	1.0	1.0	0.0	0
11	1588	1.0	1.0	0.0	0
12	1610	1.0	1.0	0.0	0
13	1632	1.0	1.0	0.0	0
14	1657	1.0	1.0	0.0	0
15	1679	1.0	1.0	0.0	0
16	1701	1.0	1.0	0.0	0
17	1723	1.0	1.0	0.0	0
18	1745	1.0	1.0	0.0	0
19	1767	1.0	1.0	0.0	0
20	1790	1.0	1.0	0.0	0
21	1812	1.0	1.0	0.0	0
22	1834	1.0	1.0	0.0	0
23	1855	1.0	1.0	0.0	0
24	1877	1.0	1.0	0.0	0
25	1899	1.0	1.0	0.0	0
26	1921	1.0	1.0	0.0	0
27	1945	1.0	1.0	0.0	0
28	1967	1.0	1.0	0.0	0
29	1989	1.0	1.0	0.0	0
30	2011	1.0	1.0	0.0	0
31	2034	1.0	1.0	0.0	0
32	2055	1.0	1.0	0.0	0
33	2078	1.0	1.0	0.0	0
34	2100	1.0	1.0	0.0	0
35	2122	1.0	1.0	0.0	0
36	2145	1.0	1.0	0.0	0
37	2168	1.0	1.0	0.0	0
38	2190	1.0	1.0	0.0	0
39	2212	1.0	1.0	0.0	0
40	2235	1.0	1.0	0.0	0
41	2257	1.0	1.0	0.0	0
42	2280	1.0	1.0	0.0	0
43	2302	1.0	1.0	0.0	0
44	2324	1.0	1.0	0.0	0
45	2346	1.0	1.0	0.0	0
46	2371	1.0	1.0	0.0	0
47	2395	1.0	1.0	0.0	0
48	2418	1.0	1.0	0.0	0
49	2440	1.0	1.0	0.0	0
50	2463	1.0	1.0	0.0	0
51	2487	1.0	1.0	0.0	0
52	2509	1.0	1.0	0.0	0
53	2533	1.0	1.0	0.0	0
54	2555	1.0	1.0	0.0	0
55	2577	1.0	1.0	0.0	0
56	2599	1.0	1.0	0.0	0
57	2621	1.0	1.0	0.0	0
58	2643	1.0	1.0	0.0	0
59	2665	1.0	1.0	0.0	0
60	2689	1.0	1.0	0.0	0
61	2712	1.0	1.0	0.0	0
62	2734	1.0	1.0	0.0	0
63	2756	1.0	1.0	0.0	0
64	2778	1.0	1.0	0.0	0
65	2800	1.0	1.0	0.0	0
66	2823	1.0	1.0	0.0	1
67	2856	144.0	311.0	0.0	1
68	2885	145.0	309.0	0.0	1
69	2916	145.0	306.0	0.0	1
70	2946	145.0	304.0	0.0	1
71	2977	146.0	303.0	0.0	1
72	3007	147.0	300.0	0.0	1
73	3037	148.0	298.0	0.0	1
74	3068	149.0	296.0	0.0	1
75	3098	150.0	294.0	0.0	1
76	3127	154.0	293.0	0.0	1
77	3158	158.0	292.0	0.0	1
78	3188	161.0	292.0	0.0	1
79	3218	166.0	295.0	0.0	1
80	3248	171.0	298.0	0.0	1
81	3278	175.0	301.0	0.0	1
82	3308	177.0	303.0	0.0	1
83	3338	180.0	304.0	0.0	0
84	3361	180.0	304.0	0.0	0
85	3384	180.0	304.0	0.0	0
86	3407	180.0	304.0	0.0	0
87	3429	180.0	304.0	0.0	0
88	3451	180.0	304.0	0.0	0
89	3473	180.0	304.0	0.0	0
90	3495	180.0	304.0	0.0	0
91	3517	180.0	304.0	0.0	0
92	3539	180.0	304.0	0.0	0
93	3562	180.0	304.0	0.0	0
94	3585	180.0	304.0	0.0	0
95	3607	180.0	304.0	0.0	0
96	3630	180.0	304.0	0.0	0
97	3651	180.0	304.0	0.0	0
98	3673	180.0	304.0	0.0	0
99	3696	180.0	304.0	0.0	0
100	3719	180.0	304.0	0.0	0
101	3741	180.0	304.0	0.0	0
102	3763	180.0	304.0	0.0	0
103	3787	180.0	304.0	0.0	1
104	3817	201.0	310.0	0.0	1
105	3846	204.0	314.0	0.0	1
106	3877	206.0	317.0	0.0	1
107	3907	208.0	320.0	0.0	1
108	3937	210.0	322.0	0.0	1
109	3967	212.0	324.0	0.0	1
110	3997	214.0	325.0	0.0	1
111	4027	215.0	326.0	0.0	1
112	4057	218.0	328.0	0.0	1
113	4088	221.0	329.0	0.0	1
114	4116	223.0	330.0	0.0	1
115	4147	224.0	331.0	0.0	1
116	4177	224.0	331.0	0.0	0
117	4199	224.0	331.0	0.0	0
118	4221	224.0	331.0	0.0	0
119	4243	224.0	331.0	0.0	0
120	4265	224.0	331.0	0.0	0
121	4286	224.0	331.0	0.0	0
122	4309	224.0	331.0	0.0	0
123	4332	224.0	331.0	0.0	0
124	4354	224.0	331.0	0.0	0
125	4376	224.0	331.0	0.0	0
126	4399	224.0	331.0	0.0	0
127	4420	224.0	331.0	0.0	0
128	4442	224.0	331.0	0.0	0
129	4465	224.0	331.0	0.0	0
130	4487	224.0	331.0	0.0	0
131	4509	224.0	331.0	0.0	0
132	4531	224.0	331.0	0.0	0
133	4554	224.0	331.0	0.0	0
134	4576	224.0	331.0	0.0	0
135	4598	224.0	331.0	0.0	0
136	4621	224.0	331.0	0.0	0
137	4643	224.0	331.0	0.0	1
138	4672	222.0	338.0	0.0	1
139	4701	219.0	337.0	0.0	1
140	4732	218.0	336.0	0.0	1
141	4761	217.0	335.0	0.0	1
142	4790	216.0	335.0	0.0	1
143	4819	216.0	335.0	0.0	1
144	4849	216.0	335.0	0.0	0
145	4871	216.0	335.0	0.0	0
146	4894	216.0	335.0	0.0	0
147	4916	216.0	335.0	0.0	0
148	4938	216.0	335.0	0.0	0
149	4960	216.0	335.0	0.0	0
150	4982	216.0	335.0	0.0	0
151	5005	216.0	335.0	0.0	0
152	5027	216.0	335.0	0.0	0
153	5049	216.0	335.0	0.0	0
154	5071	216.0	335.0	0.0	0
155	5093	216.0	335.0	0.0	0
156	5116	216.0	335.0	0.0	0
157	5138	216.0	335.0	0.0	0
158	5160	216.0	335.0	0.0	0
159	5183	216.0	335.0	0.0	0
160	5205	216.0	335.0	0.0	0
161	5227	216.0	335.0	0.0	0
162	5249	216.0	335.0	0.0	0
163	5271	216.0	335.0	0.0	0
164	5294	216.0	335.0	0.0	0
165	5317	216.0	335.0	0.0	0
166	5340	216.0	335.0	0.0	0
167	5362	216.0	335.0	0.0	0
168	5383	216.0	335.0	0.0	0
169	5405	216.0	335.0	0.0	0
170	5427	216.0	335.0	0.0	0
171	5450	216.0	335.0	0.0	0
172	5472	216.0	335.0	0.0	0
173	5494	216.0	335.0	0.0	0
174	5516	216.0	335.0	0.0	0
175	5539	216.0	335.0	0.0	0
176	5561	216.0	335.0	0.0	0
177	5584	216.0	335.0	0.0	0
178	5606	216.0	335.0	0.0	0
179	5628	216.0	335.0	0.0	0
180	5650	216.0	335.0	0.0	0
181	5673	216.0	335.0	0.0	0
182	5695	216.0	335.0	0.0	0
183	5717	216.0	335.0	0.0	0
184	5739	216.0	335.0	0.0	0
185	5761	216.0	335.0	0.0	0
186	5783	216.0	335.0	0.0	0
187	5806	216.0	335.0	0.0	0
188	5828	216.0	335.0	0.0	0
189	5850	216.0	335.0	0.0	0
190	5874	216.0	335.0	0.0	0
191	5896	216.0	335.0	0.0	0
192	5918	216.0	335.0	0.0	0
193	5940	216.0	335.0	0.0	0
194	5962	216.0	335.0	0.0	0
195	5984	216.0	335.0	0.0	0
196	6006	216.0	335.0	0.0	0
197	6028	216.0	335.0	0.0	0
198	6051	216.0	335.0	0.0	0
199	6072	216.0	335.0	0.0	0
200	6094	216.0	335.0	0.0	0
201	6117	216.0	335.0	0.0	0
202	6140	216.0	335.0	0.0	0
203	6163	216.0	335.0	0.0	1
204	6192	206.0	272.0	0.0	1
205	6222	206.0	269.0	0.0	1
206	6252	210.0	267.0	0.0	1
207	6280	215.0	266.0	0.0	1
208	6310	220.0	272.0	0.0	1
209	6340	223.0	277.0	0.0	1
210	6369	225.0	282.0	0.0	1
211	6399	226.0	285.0	0.0	1
212	6428	224.0	287.0	0.0	1
213	6458	222.0	288.0	0.0	1
214	6489	221.0	288.0	0.0	1
215	6518	221.0	288.0	0.0	0
216	6540	221.0	288.0	0.0	0
217	6562	221.0	288.0	0.0	0
218	6585	221.0	288.0	0.0	0
219	6607	221.0	288.0	0.0	0
220	6628	221.0	288.0	0.0	0
221	6650	221.0	288.0	0.0	0
222	6673	221.0	288.0	0.0	0
223	6695	221.0	288.0	0.0	0
224	6718	221.0	288.0	0.0	0
225	6739	221.0	288.0	0.0	0
226	6761	221.0	288.0	0.0	0
227	6783	221.0	288.0	0.0	0
228	6805	221.0	288.0	0.0	0
229	6828	221.0	288.0	0.0	0
230	6850	221.0	288.0	0.0	0
231	6872	221.0	288.0	0.0	0
232	6895	221.0	288.0	0.0	0
233	6916	221.0	288.0	0.0	0
234	6938	221.0	288.0	0.0	0
235	6961	221.0	288.0	0.0	0
236	6983	221.0	288.0	0.0	0
237	7006	221.0	288.0	0.0	0
238	7028	221.0	288.0	0.0	0
239	7050	221.0	288.0	0.0	0
240	7073	221.0	288.0	0.0	0
241	7095	221.0	288.0	0.0	0
242	7116	221.0	288.0	0.0	0
243	7138	221.0	288.0	0.0	0
244	7162	221.0	288.0	0.0	0
245	7185	221.0	288.0	0.0	1
246	7214	223.0	282.0	0.0	1
247	7243	223.0	283.0	0.0	1
248	7273	222.0	284.0	0.0	1
249	7303	222.0	284.0	0.0	1
250	7332	222.0	286.0	0.0	0
251	7354	222.0	286.0	0.0	0
252	7377	222.0	286.0	0.0	0
253	7399	222.0	286.0	0.0	0
254	7421	222.0	286.0	0.0	0
255	7443	222.0	286.0	0.0	0
256	7465	222.0	286.0	0.0	0
257	7487	222.0	286.0	0.0	0
258	7510	222.0	286.0	0.0	0
259	7532	222.0	286.0	0.0	0
260	7555	222.0	286.0	0.0	0
261	7577	222.0	286.0	0.0	0
262	7598	222.0	286.0	0.0	0
263	7621	222.0	286.0	0.0	0
264	7642	222.0	286.0	0.0	0
265	7665	222.0	286.0	0.0	0
266	7688	222.0	286.0	0.0	0
267	7710	222.0	286.0	0.0	0
268	7733	222.0	286.0	0.0	0
269	7755	222.0	286.0	0.0	0
270	7777	222.0	286.0	0.0	0
271	7800	222.0	286.0	0.0	0
272	7822	222.0	286.0	0.0	0
273	7844	222.0	286.0	0.0	0
274	7867	222.0	286.0	0.0	0
275	7889	222.0	286.0	0.0	0
276	7911	222.0	286.0	0.0	0
277	7933	222.0	286.0	0.0	0
278	7955	222.0	286.0	0.0	0
279	7977	222.0	286.0	0.0	0
280	7999	222.0	286.0	0.0	0
281	8021	222.0	286.0	0.0	0
282	8044	222.0	286.0	0.0	0
283	8066	222.0	286.0	0.0	0
284	8088	222.0	286.0	0.0	0
285	8110	222.0	286.0	0.0	0
286	8133	222.0	286.0	0.0	0
287	8155	222.0	286.0	0.0	0
288	8176	222.0	286.0	0.0	0
289	8199	222.0	286.0	0.0	0
290	8221	222.0	286.0	0.0	0
291	8242	222.0	286.0	0.0	0
292	8263	222.0	286.0	0.0	0
293	8286	222.0	286.0	0.0	0
294	8308	222.0	286.0	0.0	0
295	8331	222.0	286.0	0.0	0
296	8353	222.0	286.0	0.0	0
297	8376	222.0	286.0	0.0	0
298	8398	222.0	286.0	0.0	0
299	8421	222.0	286.0	0.0	0
300	8443	222.0	286.0	0.0	0
301	8467	222.0	286.0	0.0	0
302	8490	222.0	286.0	0.0	0
303	8512	222.0	286.0	0.0	0
304	8535	222.0	286.0	0.0	0
305	8557	222.0	286.0	0.0	0
306	8579	222.0	286.0	0.0	0
307	8602	222.0	286.0	0.0	0
308	8624	222.0	286.0	0.0	0
309	8646	222.0	286.0	0.0	1
310	8675	218.0	273.0	0.0	1
311	8704	219.0	278.0	0.0	1
312	8735	221.0	282.0	0.0	1
313	8764	224.0	286.0	0.0	1
314	8794	227.0	290.0	0.0	1
315	8824	231.0	293.0	0.0	1
316	8854	234.0	295.0	0.0	1
317	8884	239.0	297.0	0.0	1
318	8913	245.0	298.0	0.0	1
319	8944	251.0	299.0	0.0	1
320	8974	262.0	294.0	0.0	1
321	9003	271.0	287.0	0.0	1
322	9033	282.0	277.0	0.0	1
323	9062	291.0	268.0	0.0	1
324	9091	298.0	258.0	0.0	1
325	9121	303.0	249.0	0.0	1
326	9150	306.0	242.0	0.0	1
327	9178	307.0	237.0	0.0	1
328	9208	308.0	231.0	0.0	1
329	9238	308.0	223.0	0.0	1
330	9267	309.0	216.0	0.0	1
331	9296	310.0	210.0	0.0	1
332	9327	308.0	204.0	0.0	1
333	9357	304.0	199.0	0.0	1
334	9388	300.0	195.0	0.0	1
335	9417	293.0	192.0	0.0	1
336	9446	286.0	190.0	0.0	1
337	9475	280.0	189.0	0.0	1
338	9505	270.0	188.0	0.0	1
339	9535	262.0	189.0	0.0	1
340	9564	257.0	191.0	0.0	1
341	9593	252.0	195.0	0.0	1
342	9622	247.0	202.0	0.0	1
343	9652	244.0	207.0	0.0	1
344	9682	243.0	213.0	0.0	1
345	9712	242.0	220.0	0.0	1
346	9741	241.0	227.0	0.0	1
347	9771	243.0	233.0	0.0	1
348	9800	246.0	240.0	0.0	1
349	9830	252.0	247.0	0.0	1
350	9859	258.0	252.0	0.0	1
351	9889	263.0	254.0	0.0	1
352	9919	267.0	255.0	0.0	1
353	9947	274.0	256.0	0.0	1
354	9979	282.0	253.0	0.0	1
355	10008	290.0	249.0	0.0	1
356	10036	296.0	244.0	0.0	1
357	10066	301.0	239.0	0.0	1
358	10095	303.0	235.0	0.0	1
359	10126	304.0	234.0	0.0	1
360	10156	305.0	231.0	0.0	1
361	10186	306.0	229.0	0.0	1
362	10216	307.0	226.0	0.0	1
363	10245	308.0	222.0	0.0	1
364	10276	311.0	216.0	0.0	1
365	10305	312.0	210.0	0.0	1
366	10334	314.0	202.0	0.0	1
367	10363	320.0	197.0	0.0	1
368	10394	327.0	194.0	0.0	1
369	10423	340.0	191.0	0.0	1
370	10453	355.0	189.0	0.0	1
371	10483	369.0	187.0	0.0	1
372	10514	389.0	185.0	0.0	1
373	10543	405.0	184.0	0.0	1
374	10573	415.0	187.0	0.0	1
375	10603	425.0	194.0	0.0	1
376	10632	434.0	206.0	0.0	1
377	10661	439.0	220.0	0.0	1
378	10691	445.0	234.0	0.0	1
379	10721	450.0	247.0	0.0	1
380	10750	453.0	261.0	0.0	1
381	10780	454.0	278.0	0.0	1
382	10810	452.0	293.0	0.0	1
383	10840	451.0	306.0	0.0	1
384	10870	453.0	321.0	0.0	1
385	10899	454.0	331.0	0.0	1
386	10929	454.0	340.0	0.0	1
387	10960	450.0	345.0	0.0	1
388	10990	437.0	349.0	0.0	1
389	11020	427.0	350.0	0.0	1
390	11049	418.0	351.0	0.0	1
391	11079	406.0	352.0	0.0	1
392	11110	393.0	352.0	0.0	1
393	11138	382.0	352.0	0.0	1
394	11167	370.0	349.0	0.0	1
395	11197	359.0	344.0	0.0	0
396	11219	359.0	344.0	0.0	0
397	11242	359.0	344.0	0.0	0
398	11263	359.0	344.0	0.0	0
399	11285	359.0	344.0	0.0	0
400	11307	359.0	344.0	0.0	0
401	11329	359.0	344.0	0.0	0
402	11353	359.0	344.0	0.0	0
403	11374	359.0	344.0	0.0	0
404	11396	359.0	344.0	0.0	0
405	11419	359.0	344.0	0.0	0
406	11442	359.0	344.0	0.0	0
407	11464	359.0	344.0	0.0	0
408	11486	359.0	344.0	0.0	0
409	11510	359.0	344.0	0.0	0
410	11532	359.0	344.0	0.0	0
411	11554	359.0	344.0	0.0	0
412	11576	359.0	344.0	0.0	0
413	11599	359.0	344.0	0.0	0
414	11621	359.0	344.0	0.0	0
415	11644	359.0	344.0	0.0	0
416	11667	359.0	344.0	0.0	0
417	11689	359.0	344.0	0.0	0
418	11711	359.0	344.0	0.0	0
419	11734	359.0	344.0	0.0	0
420	11756	359.0	344.0	0.0	0
421	11779	359.0	344.0	0.0	0
422	11800	359.0	344.0	0.0	1
423	11829	237.0	249.0	0.0	1
424	11859	234.0	255.0	0.0	1
425	11889	233.0	266.0	0.0	1
426	11919	232.0	276.0	0.0	1
427	11949	235.0	281.0	0.0	1
428	11979	240.0	283.0	0.0	1
429	12009	244.0	284.0	0.0	1
430	12038	249.0	283.0	0.0	1
431	12069	252.0	280.0	0.0	1
432	12099	255.0	277.0	0.0	1
433	12128	256.0	276.0	0.0	1
434	12157	257.0	275.0	0.0	1
435	12187	257.0	275.0	0.0	1
436	12217	255.0	274.0	0.0	1
437	12246	251.0	274.0	0.0	1
438	12275	244.0	278.0	0.0	1
439	12305	239.0	281.0	0.0	1
440	12334	237.0	283.0	0.0	1
441	12363	236.0	285.0	0.0	1
442	12393	235.0	286.0	0.0	1
443	12424	235.0	287.0	0.0	1
444	12453	235.0	287.0	0.0	1
445	12482	235.0	287.0	0.0	1
446	12512	236.0	286.0	0.0	1
447	12542	237.0	286.0	0.0	1
448	12572	238.0	286.0	0.0	1
449	12601	238.0	286.0	0.0	1
450	12630	238.0	286.0	0.0	1
451	12661	238.0	286.0	0.0	0
452	12684	238.0	286.0	0.0	0
453	12706	238.0	286.0	0.0	0
454	12728	238.0	286.0	0.0	0
455	12751	238.0	286.0	0.0	0
456	12774	238.0	286.0	0.0	0
457	12795	238.0	286.0	0.0	0
458	12816	238.0	286.0	0.0	0
459	12839	238.0	286.0	0.0	0
460	12862	238.0	286.0	0.0	0
461	12884	238.0	286.0	0.0	0
462	12906	238.0	286.0	0.0	0
463	12928	238.0	286.0	0.0	0
464	12951	238.0	286.0	0.0	0
465	12973	238.0	286.0	0.0	0
466	12996	238.0	286.0	0.0	0
467	13018	238.0	286.0	0.0	0
468	13040	238.0	286.0	0.0	0
469	13063	238.0	286.0	0.0	0
470	13085	238.0	286.0	0.0	0
471	13107	238.0	286.0	0.0	0
472	13130	238.0	286.0	0.0	0
473	13153	238.0	286.0	0.0	0
474	13175	238.0	286.0	0.0	0
475	13198	238.0	286.0	0.0	0
476	13221	238.0	286.0	0.0	0
477	13244	238.0	286.0	0.0	0
478	13266	238.0	286.0	0.0	0
479	13288	238.0	286.0	0.0	0
480	13310	238.0	286.0	0.0	0
481	13333	238.0	286.0	0.0	0
482	13356	238.0	286.0	0.0	0
483	13379	238.0	286.0	0.0	0
484	13401	238.0	286.0	0.0	0
485	13423	238.0	286.0	0.0	0
486	13445	238.0	286.0	0.0	0
487	13468	238.0	286.0	0.0	0
488	13491	238.0	286.0	0.0	0
489	13513	238.0	286.0	0.0	0
490	13535	238.0	286.0	0.0	0
491	13557	238.0	286.0	0.0	0
492	13580	238.0	286.0	0.0	0
493	13603	238.0	286.0	0.0	0
494	13626	238.0	286.0	0.0	0
495	13648	238.0	286.0	0.0	1
496	13678	164.0	369.0	0.0	1
497	13707	163.0	359.0	0.0	1
498	13739	165.0	351.0	0.0	1
499	13770	167.0	344.0	0.0	1
500	13799	169.0	335.0	0.0	1
501	13829	172.0	325.0	0.0	1
502	13860	177.0	316.0	0.0	1
503	13891	182.0	306.0	0.0	1
504	13920	187.0	297.0	0.0	1
505	13949	195.0	287.0	0.0	1
506	13978	201.0	277.0	0.0	1
507	14008	209.0	269.0	0.0	1
508	14039	218.0	260.0	0.0	1
509	14068	229.0	250.0	0.0	1
510	14098	237.0	242.0	0.0	1
511	14127	244.0	237.0	0.0	1
512	14158	254.0	230.0	0.0	1
513	14189	264.0	222.0	0.0	1
514	14218	272.0	217.0	0.0	1
515	14246	282.0	211.0	0.0	1
516	14275	294.0	205.0	0.0	1
517	14305	302.0	201.0	0.0	1
518	14335	309.0	198.0	0.0	1
519	14364	314.0	197.0	0.0	1
520	14394	317.0	196.0	0.0	1
521	14424	320.0	195.0	0.0	1
522	14455	321.0	194.0	0.0	0
523	14477	321.0	194.0	0.0	0
524	14500	321.0	194.0	0.0	0
525	14521	321.0	194.0	0.0	0
526	14543	321.0	194.0	0.0	0
527	14564	321.0	194.0	0.0	0
528	14587	321.0	194.0	0.0	0
529	14609	321.0	194.0	0.0	0
530	14632	321.0	194.0	0.0	0
531	14654	321.0	194.0	0.0	0
532	14677	321.0	194.0	0.0	0
533	14699	321.0	194.0	0.0	0
534	14722	321.0	194.0	0.0	0
535	14744	321.0	194.0	0.0	0
536	14766	321.0	194.0	0.0	0
537	14788	321.0	194.0	0.0	0
538	14810	321.0	194.0	0.0	0
539	14833	321.0	194.0	0.0	0
540	14855	321.0	194.0	0.0	0
541	14877	321.0	194.0	0.0	0
542	14899	321.0	194.0	0.0	0
543	14922	321.0	194.0	0.0	0
544	14944	321.0	194.0	0.0	0
545	14966	321.0	194.0	0.0	0
546	14988	321.0	194.0	0.0	0
547	15011	321.0	194.0	0.0	0
548	15034	321.0	194.0	0.0	0
549	15058	321.0	194.0	0.0	0
550	15080	321.0	194.0	0.0	1
551	15109	210.0	343.0	0.0	1
552	15140	213.0	333.0	0.0	1
553	15170	216.0	326.0	0.0	1
554	15200	220.0	319.0	0.0	1
555	15230	226.0	311.0	0.0	1
556	15260	231.0	303.0	0.0	1
557	15289	236.0	296.0	0.0	1
558	15319	246.0	284.0	0.0	1
559	15349	256.0	275.0	0.0	1
560	15379	269.0	263.0	0.0	1
561	15409	284.0	252.0	0.0	1
562	15439	298.0	243.0	0.0	1
563	15469	310.0	237.0	0.0	1
564	15499	320.0	233.0	0.0	1
565	15528	327.0	230.0	0.0	1
566	15559	332.0	229.0	0.0	1
567	15587	335.0	228.0	0.0	1
568	15616	336.0	227.0	0.0	1
569	15647	336.0	227.0	0.0	1
570	15676	336.0	227.0	0.0	1
571	15706	336.0	227.0	0.0	0
572	15729	336.0	227.0	0.0	0
573	15752	336.0	227.0	0.0	0
574	15774	336.0	227.0	0.0	0
575	15797	336.0	227.0	0.0	0
576	15819	336.0	227.0	0.0	0
577	15840	336.0	227.0	0.0	0
578	15862	336.0	227.0	0.0	0
579	15885	336.0	227.0	0.0	0
580	15908	336.0	227.0	0.0	0
581	15930	336.0	227.0	0.0	0
582	15953	336.0	227.0	0.0	0
583	15976	336.0	227.0	0.0	0
584	15998	336.0	227.0	0.0	0
585	16021	336.0	227.0	0.0	0
586	16043	336.0	227.0	0.0	0
587	16065	336.0	227.0	0.0	0
588	16087	336.0	227.0	0.0	0
589	16110	336.0	227.0	0.0	0
590	16133	336.0	227.0	0.0	0
591	16155	336.0	227.0	0.0	0
592	16177	336.0	227.0	0.0	0
593	16200	336.0	227.0	0.0	0
594	16221	336.0	227.0	0.0	0
595	16243	336.0	227.0	0.0	0
596	16266	336.0	227.0	0.0	0
597	16288	336.0	227.0	0.0	0
598	16311	336.0	227.0	0.0	0
599	16332	336.0	227.0	0.0	0
600	16355	336.0	227.0	0.0	0
601	16376	336.0	227.0	0.0	0
602	16399	336.0	227.0	0.0	0
603	16421	336.0	227.0	0.0	0
604	16444	336.0	227.0	0.0	0
605	16466	336.0	227.0	0.0	0
606	16489	336.0	227.0	0.0	0
607	16512	336.0	227.0	0.0	0
608	16534	336.0	227.0	0.0	0
609	16557	336.0	227.0	0.0	0
610	16578	336.0	227.0	0.0	0
611	16601	336.0	227.0	0.0	0
612	16624	336.0	227.0	0.0	0
613	16646	336.0	227.0	0.0	0
614	16668	336.0	227.0	0.0	0
615	16692	336.0	227.0	0.0	0
616	16714	336.0	227.0	0.0	0
617	16736	336.0	227.0	0.0	0
618	16759	336.0	227.0	0.0	0
619	16782	336.0	227.0	0.0	0
620	16804	336.0	227.0	0.0	0
621	16827	336.0	227.0	0.0	0
622	16849	336.0	227.0	0.0	0
623	16872	336.0	227.0	0.0	0
624	16894	336.0	227.0	0.0	0
625	16915	336.0	227.0	0.0	0
626	16937	336.0	227.0	0.0	0
627	16960	336.0	227.0	0.0	0
628	16982	336.0	227.0	0.0	0
629	17005	336.0	227.0	0.0	0
630	17027	336.0	227.0	0.0	0
631	17049	336.0	227.0	0.0	0
632	17072	336.0	227.0	0.0	0
633	17094	336.0	227.0	0.0	0
634	17116	336.0	227.0	0.0	0
635	17138	336.0	227.0	0.0	0
636	17160	336.0	227.0	0.0	0
637	17183	336.0	227.0	0.0	0
638	17205	336.0	227.0	0.0	0
639	17226	336.0	227.0	0.0	0
640	17249	336.0	227.0	0.0	0
641	17271	336.0	227.0	0.0	0
642	17293	336.0	227.0	0.0	0
643	17316	336.0	227.0	0.0	0
644	17338	336.0	227.0	0.0	0
645	17362	336.0	227.0	0.0	0
646	17385	336.0	227.0	0.0	0
647	17407	336.0	227.0	0.0	0
648	17430	336.0	227.0	0.0	0
649	17452	336.0	227.0	0.0	0
650	17475	336.0	227.0	0.0	0
651	17497	336.0	227.0	0.0	0
652	17518	336.0	227.0	0.0	0
653	17540	336.0	227.0	0.0	0
654	17563	336.0	227.0	0.0	0
655	17585	336.0	227.0	0.0	0
656	17607	336.0	227.0	0.0	0
657	17629	336.0	227.0	0.0	0
658	17652	336.0	227.0	0.0	0
659	17674	336.0	227.0	0.0	0
660	17696	336.0	227.0	0.0	0
661	17719	336.0	227.0	0.0	0
662	17741	336.0	227.0	0.0	0
663	17763	336.0	227.0	0.0	0
664	17786	336.0	227.0	0.0	0
665	17808	336.0	227.0	0.0	0
666	17830	336.0	227.0	0.0	0
667	17852	336.0	227.0	0.0	0
668	17875	336.0	227.0	0.0	0
669	17897	336.0	227.0	0.0	0
670	17919	336.0	227.0	0.0	0
671	17942	336.0	227.0	0.0	0
672	17964	336.0	227.0	0.0	0
673	17986	336.0	227.0	0.0	0
674	18009	336.0	227.0	0.0	0
675	18032	336.0	227.0	0.0	0
676	18055	336.0	227.0	0.0	0
677	18077	336.0	227.0	0.0	0
678	18099	336.0	227.0	0.0	0
679	18121	336.0	227.0	0.0	0
680	18143	336.0	227.0	0.0	0
681	18165	336.0	227.0	0.0	0
682	18188	336.0	227.0	0.0	0
683	18210	336.0	227.0	0.0	0
684	18233	336.0	227.0	0.0	0
685	18255	336.0	227.0	0.0	0
686	18277	336.0	227.0	0.0	0
687	18299	336.0	227.0	0.0	0
688	18321	336.0	227.0	0.0	0
689	18343	336.0	227.0	0.0	0
690	18366	336.0	227.0	0.0	0
691	18388	336.0	227.0	0.0	0
692	18410	336.0	227.0	0.0	0
693	18433	336.0	227.0	0.0	0
694	18455	336.0	227.0	0.0	0
695	18477	336.0	227.0	0.0	0
696	18499	336.0	227.0	0.0	0
697	18521	336.0	227.0	0.0	0
698	18545	336.0	227.0	0.0	0
699	18567	336.0	227.0	0.0	0
700	18589	336.0	227.0	0.0	0
701	18611	336.0	227.0	0.0	0
702	18634	336.0	227.0	0.0	0
703	18656	336.0	227.0	0.0	0
704	18678	336.0	227.0	0.0	0
705	18701	336.0	227.0	0.0	0
706	18723	336.0	227.0	0.0	0
707	18745	336.0	227.0	0.0	0
708	18768	336.0	227.0	0.0	0
709	18790	336.0	227.0	0.0	0
710	18812	336.0	227.0	0.0	0
711	18835	336.0	227.0	0.0	0
712	18857	336.0	227.0	0.0	0
713	18879	336.0	227.0	0.0	0
714	18902	336.0	227.0	0.0	0
715	18923	336.0	227.0	0.0	0
716	18946	336.0	227.0	0.0	0
717	18968	336.0	227.0	0.0	0
718	18991	336.0	227.0	0.0	0
719	19013	336.0	227.0	0.0	0
720	19036	336.0	227.0	0.0	0
721	19058	336.0	227.0	0.0	0
722	19080	336.0	227.0	0.0	0
723	19103	336.0	227.0	0.0	0
724	19125	336.0	227.0	0.0	0
725	19146	336.0	227.0	0.0	0
726	19168	336.0	227.0	0.0	0
727	19190	336.0	227.0	0.0	0
728	19214	336.0	227.0	0.0	0
729	19236	336.0	227.0	0.0	0
730	19258	336.0	227.0	0.0	0
731	19280	336.0	227.0	0.0	0
732	19328	336.0	227.0	0.0	0
733	19353	336.0	227.0	0.0	0
734	19375	336.0	227.0	0.0	0
735	19398	336.0	227.0	0.0	0
736	19420	336.0	227.0	0.0	0
737	19442	336.0	227.0	0.0	0
738	19464	336.0	227.0	0.0	0
739	19488	336.0	227.0	0.0	0
740	19510	336.0	227.0	0.0	0
741	19532	336.0	227.0	0.0	0
742	19555	336.0	227.0	0.0	0
743	19578	336.0	227.0	0.0	0
744	19599	336.0	227.0	0.0	0
745	19622	336.0	227.0	0.0	0
746	19644	336.0	227.0	0.0	0
747	19667	336.0	227.0	0.0	0
748	19689	336.0	227.0	0.0	0
749	19711	336.0	227.0	0.0	0
750	19734	336.0	227.0	0.0	0
751	19756	336.0	227.0	0.0	0
752	19779	336.0	227.0	0.0	0
753	19801	336.0	227.0	0.0	0
754	19823	336.0	227.0	0.0	0
755	19845	336.0	227.0	0.0	0
756	19867	336.0	227.0	0.0	0
757	19889	336.0	227.0	0.0	0
758	19911	336.0	227.0	0.0	0
759	19932	336.0	227.0	0.0	0
760	19955	336.0	227.0	0.0	0
761	19977	336.0	227.0	0.0	0
762	20000	336.0	227.0	0.0	0
763	20022	336.0	227.0	0.0	0
764	20044	336.0	227.0	0.0	0
765	20067	336.0	227.0	0.0	0
766	20090	336.0	227.0	0.0	0
767	20111	336.0	227.0	0.0	0
768	20134	336.0	227.0	0.0	0
769	20157	336.0	227.0	0.0	0
770	20178	336.0	227.0	0.0	0
771	20201	336.0	227.0	0.0	0
772	20224	336.0	227.0	0.0	0
773	20247	336.0	227.0	0.0	0
774	20270	336.0	227.0	0.0	0
775	20293	336.0	227.0	0.0	0
776	20314	336.0	227.0	0.0	0
777	20338	336.0	227.0	0.0	0
778	20360	336.0	227.0	0.0	0
779	20383	336.0	227.0	0.0	0
780	20405	336.0	227.0	0.0	0
781	20428	336.0	227.0	0.0	0
782	20450	336.0	227.0	0.0	0
783	20472	336.0	227.0	0.0	0
784	20495	336.0	227.0	0.0	0
785	20517	336.0	227.0	0.0	0
786	20539	336.0	227.0	0.0	0
787	20563	336.0	227.0	0.0	0
788	20585	336.0	227.0	0.0	0
789	20607	336.0	227.0	0.0	0
790	20630	336.0	227.0	0.0	0
791	20652	336.0	227.0	0.0	0
792	20674	336.0	227.0	0.0	0
793	20696	336.0	227.0	0.0	0
794	20718	336.0	227.0	0.0	0
795	20740	336.0	227.0	0.0	0
796	20762	336.0	227.0	0.0	0
797	20785	336.0	227.0	0.0	0
798	20807	336.0	227.0	0.0	0
799	20829	336.0	227.0	0.0	0
800	20852	336.0	227.0	0.0	0
801	20874	336.0	227.0	0.0	0
802	20896	336.0	227.0	0.0	0
803	20918	336.0	227.0	0.0	0
804	20940	336.0	227.0	0.0	0
805	20962	336.0	227.0	0.0	0
806	20985	336.0	227.0	0.0	0
807	21008	336.0	227.0	0.0	0
808	21030	336.0	227.0	0.0	0
809	21053	336.0	227.0	0.0	0
810	21075	336.0	227.0	0.0	0
811	21098	336.0	227.0	0.0	0
812	21119	336.0	227.0	0.0	0
813	21141	336.0	227.0	0.0	0
814	21165	336.0	227.0	0.0	0
815	21186	336.0	227.0	0.0	0
816	21210	336.0	227.0	0.0	0
817	21232	336.0	227.0	0.0	0
818	21255	336.0	227.0	0.0	0
819	21278	336.0	227.0	0.0	0
820	21300	336.0	227.0	0.0	0
821	21322	336.0	227.0	0.0	0
822	21345	336.0	227.0	0.0	0
823	21367	336.0	227.0	0.0	0
824	21390	336.0	227.0	0.0	0
825	21412	336.0	227.0	0.0	0
826	21435	336.0	227.0	0.0	0
827	21457	336.0	227.0	0.0	0
828	21479	336.0	227.0	0.0	0
829	21502	336.0	227.0	0.0	0
830	21524	336.0	227.0	0.0	0
831	21546	336.0	227.0	0.0	0
832	21569	336.0	227.0	0.0	0
833	21591	336.0	227.0	0.0	0
834	21613	336.0	227.0	0.0	0
835	21636	336.0	227.0	0.0	0
836	21658	336.0	227.0	0.0	0
837	21680	336.0	227.0	0.0	0
838	21703	336.0	227.0	0.0	0
839	21725	336.0	227.0	0.0	0
840	21747	336.0	227.0	0.0	0
841	21769	336.0	227.0	0.0	0
842	21792	336.0	227.0	0.0	0
843	21814	336.0	227.0	0.0	0
844	21837	336.0	227.0	0.0	0
845	21859	336.0	227.0	0.0	0
846	21881	336.0	227.0	0.0	0
847	21904	336.0	227.0	0.0	0
848	21926	336.0	227.0	0.0	0
849	21948	336.0	227.0	0.0	0
850	21970	336.0	227.0	0.0	0
851	21993	336.0	227.0	0.0	0
852	22014	336.0	227.0	0.0	0
853	22036	336.0	227.0	0.0	0
854	22060	336.0	227.0	0.0	0
855	22083	336.0	227.0	0.0	0
856	22105	336.0	227.0	0.0	0
857	22127	336.0	227.0	0.0	0
858	22149	336.0	227.0	0.0	0
859	22171	336.0	227.0	0.0	0
860	22193	336.0	227.0	0.0	0
861	22215	336.0	227.0	0.0	0
862	22238	336.0	227.0	0.0	0
863	22260	336.0	227.0	0.0	0
864	22282	336.0	227.0	0.0	0
865	22304	336.0	227.0	0.0	0
866	22327	336.0	227.0	0.0	0
867	22349	336.0	227.0	0.0	0
868	22371	336.0	227.0	0.0	0
869	22393	336.0	227.0	0.0	0
870	22415	336.0	227.0	0.0	0
871	22437	336.0	227.0	0.0	0
872	22459	336.0	227.0	0.0	0
873	22482	336.0	227.0	0.0	0
874	22505	336.0	227.0	0.0	0
875	22528	336.0	227.0	0.0	0
876	22550	336.0	227.0	0.0	0
877	22572	336.0	227.0	0.0	0
878	22594	336.0	227.0	0.0	0
879	22616	336.0	227.0	0.0	0
880	22638	336.0	227.0	0.0	0
881	22660	336.0	227.0	0.0	0
882	22683	336.0	227.0	0.0	0
883	22705	336.0	227.0	0.0	0
884	22728	336.0	227.0	0.0	0
885	22750	336.0	227.0	0.0	0
886	22774	336.0	227.0	0.0	0
887	22796	336.0	227.0	0.0	0
888	22818	336.0	227.0	0.0	0
889	22841	336.0	227.0	0.0	0
890	22863	336.0	227.0	0.0	0
891	22885	336.0	227.0	0.0	0
892	22907	336.0	227.0	0.0	0
893	22929	336.0	227.0	0.0	0
894	22952	336.0	227.0	0.0	0
895	22975	336.0	227.0	0.0	0
896	22997	336.0	227.0	0.0	0
897	23019	336.0	227.0	0.0	0
898	23044	336.0	227.0	0.0	0
899	23066	336.0	227.0	0.0	0
900	23087	336.0	227.0	0.0	0
901	23110	336.0	227.0	0.0	0
902	23132	336.0	227.0	0.0	0
903	23155	336.0	227.0	0.0	0
904	23177	336.0	227.0	0.0	0
905	23199	336.0	227.0	0.0	0
906	23222	336.0	227.0	0.0	0
907	23244	336.0	227.0	0.0	0
908	23266	336.0	227.0	0.0	0
909	23288	336.0	227.0	0.0	0
910	23310	336.0	227.0	0.0	0
911	23332	336.0	227.0	0.0	0
912	23354	336.0	227.0	0.0	0
913	23376	336.0	227.0	0.0	0
914	23398	336.0	227.0	0.0	0
915	23420	336.0	227.0	0.0	0
916	23442	336.0	227.0	0.0	0
917	23464	336.0	227.0	0.0	0
918	23487	336.0	227.0	0.0	0
919	23509	336.0	227.0	0.0	0
920	23531	336.0	227.0	0.0	0
921	23554	336.0	227.0	0.0	0
922	23576	336.0	227.0	0.0	0
923	23598	336.0	227.0	0.0	0
924	23619	336.0	227.0	0.0	0
925	23641	336.0	227.0	0.0	0
926	23663	336.0	227.0	0.0	0
927	23686	336.0	227.0	0.0	0
928	23709	336.0	227.0	0.0	0
929	23731	336.0	227.0	0.0	0
930	23753	336.0	227.0	0.0	0
931	23777	336.0	227.0	0.0	0
932	23799	336.0	227.0	0.0	0
933	23822	336.0	227.0	0.0	0
934	23844	336.0	227.0	0.0	0
935	23865	336.0	227.0	0.0	0
936	23888	336.0	227.0	0.0	0
937	23910	336.0	227.0	0.0	0
938	23931	336.0	227.0	0.0	0
939	23954	336.0	227.0	0.0	0
940	23976	336.0	227.0	0.0	0
941	23998	336.0	227.0	0.0	0
942	24021	336.0	227.0	0.0	0
943	24043	336.0	227.0	0.0	0
944	24066	336.0	227.0	0.0	0
945	24088	336.0	227.0	0.0	0
946	24111	336.0	227.0	0.0	0
947	24132	336.0	227.0	0.0	0
948	24155	336.0	227.0	0.0	0
949	24176	336.0	227.0	0.0	0
950	24198	336.0	227.0	0.0	0
951	24220	336.0	227.0	0.0	0
952	24242	336.0	227.0	0.0	0
953	24264	336.0	227.0	0.0	0
954	24286	336.0	227.0	0.0	0
955	24308	336.0	227.0	0.0	0
956	24331	336.0	227.0	0.0	0
957	24354	336.0	227.0	0.0	0
958	24376	336.0	227.0	0.0	0
959	24398	336.0	227.0	0.0	0
960	24420	336.0	227.0	0.0	0
961	24442	336.0	227.0	0.0	0
962	24465	336.0	227.0	0.0	0
963	24486	336.0	227.0	0.0	0
964	24508	336.0	227.0	0.0	0
965	24531	336.0	227.0	0.0	0
966	24553	336.0	227.0	0.0	0
967	24575	336.0	227.0	0.0	0
968	24597	336.0	227.0	0.0	0
969	24620	336.0	227.0	0.0	0
970	24642	336.0	227.0	0.0	0
971	24663	336.0	227.0	0.0	0
972	24686	336.0	227.0	0.0	0
973	24708	336.0	227.0	0.0	0
974	24730	336.0	227.0	0.0	0
975	24752	336.0	227.0	0.0	0
976	24774	336.0	227.0	0.0	0
977	24796	336.0	227.0	0.0	0
978	24819	336.0	227.0	0.0	0
979	24841	336.0	227.0	0.0	0
980	24862	336.0	227.0	0.0	0
981	24885	336.0	227.0	0.0	0
982	24907	336.0	227.0	0.0	0
983	24929	336.0	227.0	0.0	0
984	24951	336.0	227.0	0.0	0
985	24973	336.0	227.0	0.0	0
986	24995	336.0	227.0	0.0	0
987	25017	336.0	227.0	0.0	0
988	25039	336.0	227.0	0.0	0
989	25060	336.0	227.0	0.0	0
990	25083	336.0	227.0	0.0	0
991	25106	336.0	227.0	0.0	0
992	25128	336.0	227.0	0.0	0
993	25150	336.0	227.0	0.0	0
994	25172	336.0	227.0	0.0	0
995	25194	336.0	227.0	0.0	0
996	25216	336.0	227.0	0.0	0
997	25239	336.0	227.0	0.0	0
998	25261	336.0	227.0	0.0	0
999	25282	336.0	227.0	0.0	0
1000	25305	336.0	227.0	0.0	0
1001	25327	336.0	227.0	0.0	0
1002	25349	336.0	227.0	0.0	0
1003	25371	336.0	227.0	0.0	0
1004	25393	336.0	227.0	0.0	0
1005	25416	336.0	227.0	0.0	0
1006	25437	336.0	227.0	0.0	0
1007	25460	336.0	227.0	0.0	0
1008	25481	336.0	227.0	0.0	0
1009	25503	336.0	227.0	0.0	0
1010	25526	336.0	227.0	0.0	0
1011	25548	336.0	227.0	0.0	0
1012	25570	336.0	227.0	0.0	0
1013	25592	336.0	227.0	0.0	0
1014	25613	336.0	227.0	0.0	0
1015	25636	336.0	227.0	0.0	0
1016	25658	336.0	227.0	0.0	0
1017	25680	336.0	227.0	0.0	0
1018	25701	336.0	227.0	0.0	0
1019	25724	336.0	227.0	0.0	0
1020	25746	336.0	227.0	0.0	0
1021	25768	336.0	227.0	0.0	0
1022	25790	336.0	227.0	0.0	0
1023	25812	336.0	227.0	0.0	0
1024	25835	336.0	227.0	0.0	0
1025	25857	336.0	227.0	0.0	0
1026	25874	336.0	227.0	0.0	0
1027	25890	336.0	227.0	0.0	0
1028	25907	336.0	227.0	0.0	0
1029	25924	336.0	227.0	0.0	0
1030	25941	336.0	227.0	0.0	0
1031	25958	336.0	227.0	0.0	0
1032	25974	336.0	227.0	0.0	0
1033	25990	336.0	227.0	0.0	0
1034	26008	336.0	227.0	0.0	0
1035	26023	336.0	227.0	0.0	0
1036	26040	336.0	227.0	0.0	0
1037	26056	336.0	227.0	0.0	0
1038	26073	336.0	227.0	0.0	0
1039	26090	336.0	227.0	0.0	0
1040	26106	336.0	227.0	0.0	0
1041	26123	336.0	227.0	0.0	0
1042	26139	336.0	227.0	0.0	0
1043	26156	336.0	227.0	0.0	0
1044	26174	336.0	227.0	0.0	0
1045	26190	336.0	227.0	0.0	0
1046	26207	336.0	227.0	0.0	0
1047	26224	336.0	227.0	0.0	0
1048	26240	336.0	227.0	0.0	0
1049	26257	336.0	227.0	0.0	0
1050	26274	336.0	227.0	0.0	0
1051	26290	336.0	227.0	0.0	0
1052	26307	336.0	227.0	0.0	0
1053	26323	336.0	227.0	0.0	0
1054	26340	336.0	227.0	0.0	0
1055	26357	336.0	227.0	0.0	0
1056	26373	336.0	227.0	0.0	0
1057	26390	336.0	227.0	0.0	0
1058	26406	336.0	227.0	0.0	0
1059	26423	336.0	227.0	0.0	0
1060	26440	336.0	227.0	0.0	0
1061	26458	336.0	227.0	0.0	0
1062	26475	336.0	227.0	0.0	0
1063	26490	336.0	227.0	0.0	0
1064	26507	336.0	227.0	0.0	0
1065	26523	336.0	227.0	0.0	0
1066	26540	336.0	227.0	0.0	0
1067	26557	336.0	227.0	0.0	0
1068	26575	336.0	227.0	0.0	0
1069	26591	336.0	227.0	0.0	0
1070	26607	336.0	227.0	0.0	0
1071	26623	336.0	227.0	0.0	0
1072	26640	336.0	227.0	0.0	0
1073	26658	336.0	227.0	0.0	0
1074	26674	336.0	227.0	0.0	0
1075	26692	336.0	227.0	0.0	0
1076	26707	336.0	227.0	0.0	0
1077	26724	336.0	227.0	0.0	0
1078	26740	336.0	227.0	0.0	0
1079	26756	336.0	227.0	0.0	0
1080	26773	336.0	227.0	0.0	0
1081	26791	336.0	227.0	0.0	0
1082	26808	336.0	227.0	0.0	0
1083	26824	336.0	227.0	0.0	0
1084	26841	336.0	227.0	0.0	0
1085	26857	336.0	227.0	0.0	0
1086	26874	336.0	227.0	0.0	0
1087	26891	336.0	227.0	0.0	0
1088	26907	336.0	227.0	0.0	0
1089	26924	336.0	227.0	0.0	0
1090	26940	336.0	227.0	0.0	0
1091	26956	336.0	227.0	0.0	0
1092	26974	336.0	227.0	0.0	0
1093	26991	336.0	227.0	0.0	0
1094	27007	336.0	227.0	0.0	0
1095	27024	336.0	227.0	0.0	0
1096	27041	336.0	227.0	0.0	0
1097	27057	336.0	227.0	0.0	0
1098	27074	336.0	227.0	0.0	0
1099	27090	336.0	227.0	0.0	0
1100	27107	336.0	227.0	0.0	0
1101	27124	336.0	227.0	0.0	0
1102	27140	336.0	227.0	0.0	0
1103	27157	336.0	227.0	0.0	0
1104	27174	336.0	227.0	0.0	0
1105	27190	336.0	227.0	0.0	0
1106	27207	336.0	227.0	0.0	0
1107	27223	336.0	227.0	0.0	0
1108	27240	336.0	227.0	0.0	0
1109	27256	336.0	227.0	0.0	0
1110	27273	336.0	227.0	0.0	0
1111	27290	336.0	227.0	0.0	0
1112	27306	336.0	227.0	0.0	0
1113	27324	336.0	227.0	0.0	0
1114	27341	336.0	227.0	0.0	0
1115	27357	336.0	227.0	0.0	0
1116	27374	336.0	227.0	0.0	0
1117	27390	336.0	227.0	0.0	0
1118	27407	336.0	227.0	0.0	0
1119	27424	336.0	227.0	0.0	0
1120	27441	336.0	227.0	0.0	0
1121	27457	336.0	227.0	0.0	0
1122	27474	336.0	227.0	0.0	0
1123	27490	336.0	227.0	0.0	0
1124	27507	336.0	227.0	0.0	0
1125	27524	336.0	227.0	0.0	0
1126	27540	336.0	227.0	0.0	0
1127	27557	336.0	227.0	0.0	0
1128	27573	336.0	227.0	0.0	0
1129	27590	336.0	227.0	0.0	0
1130	27607	336.0	227.0	0.0	0
1131	27623	336.0	227.0	0.0	0
1132	27640	336.0	227.0	0.0	0
1133	27658	336.0	227.0	0.0	0
1134	27674	336.0	227.0	0.0	0
1135	27691	336.0	227.0	0.0	0
1136	27709	336.0	227.0	0.0	0
1137	27724	336.0	227.0	0.0	0
1138	27740	336.0	227.0	0.0	0
1139	27757	336.0	227.0	0.0	0
1140	27774	336.0	227.0	0.0	0
1141	27790	336.0	227.0	0.0	0
1142	27807	336.0	227.0	0.0	0
1143	27823	336.0	227.0	0.0	0
1144	27841	336.0	227.0	0.0	0
1145	27857	336.0	227.0	0.0	0
1146	27874	336.0	227.0	0.0	0
1147	27890	336.0	227.0	0.0	0
1148	27907	336.0	227.0	0.0	0
1149	27923	336.0	227.0	0.0	0
1150	27942	336.0	227.0	0.0	0
1151	27957	336.0	227.0	0.0	0
1152	27973	336.0	227.0	0.0	0
1153	27990	336.0	227.0	0.0	0
1154	28007	336.0	227.0	0.0	0
1155	28023	336.0	227.0	0.0	0
1156	28040	336.0	227.0	0.0	0
1157	28056	336.0	227.0	0.0	0
1158	28074	336.0	227.0	0.0	0
1159	28090	336.0	227.0	0.0	0
1160	28107	336.0	227.0	0.0	0
1161	28124	336.0	227.0	0.0	0
1162	28141	336.0	227.0	0.0	0
1163	28157	336.0	227.0	0.0	0
1164	28174	336.0	227.0	0.0	0
1165	28191	336.0	227.0	0.0	0
1166	28208	336.0	227.0	0.0	0
1167	28223	336.0	227.0	0.0	0
1168	28240	336.0	227.0	0.0	0
1169	28256	336.0	227.0	0.0	0
1170	28274	336.0	227.0	0.0	0
1171	28289	336.0	227.0	0.0	0
1172	28306	336.0	227.0	0.0	0
1173	28324	336.0	227.0	0.0	0
1174	28340	336.0	227.0	0.0	0
1175	28357	336.0	227.0	0.0	0
1176	28374	336.0	227.0	0.0	0
1177	28390	336.0	227.0	0.0	0
1178	28407	336.0	227.0	0.0	0
1179	28423	336.0	227.0	0.0	0
1180	28440	336.0	227.0	0.0	0
1181	28457	336.0	227.0	0.0	0
1182	28474	336.0	227.0	0.0	0
1183	28490	336.0	227.0	0.0	0
1184	28507	336.0	227.0	0.0	0
1185	28523	336.0	227.0	0.0	0
1186	28540	336.0	227.0	0.0	0
1187	28557	336.0	227.0	0.0	0
1188	28573	336.0	227.0	0.0	0
1189	28590	336.0	227.0	0.0	0
1190	28606	336.0	227.0	0.0	0
1191	28623	336.0	227.0	0.0	0
1192	28640	336.0	227.0	0.0	0
1193	28656	336.0	227.0	0.0	0
1194	28673	336.0	227.0	0.0	0
1195	28689	336.0	227.0	0.0	0
1196	28707	336.0	227.0	0.0	0
1197	28724	336.0	227.0	0.0	0
1198	28740	336.0	227.0	0.0	0
1199	28757	336.0	227.0	0.0	0
1200	28774	336.0	227.0	0.0	0
1201	28790	336.0	227.0	0.0	0
1202	28807	336.0	227.0	0.0	0
1203	28824	336.0	227.0	0.0	0
1204	28840	336.0	227.0	0.0	0
1205	28857	336.0	227.0	0.0	0
1206	28874	336.0	227.0	0.0	0
1207	28890	336.0	227.0	0.0	0
1208	28907	336.0	227.0	0.0	0
1209	28924	336.0	227.0	0.0	0
1210	28940	336.0	227.0	0.0	0
1211	28958	336.0	227.0	0.0	0
1212	28974	336.0	227.0	0.0	0
1213	28991	336.0	227.0	0.0	0
1214	29007	336.0	227.0	0.0	0
1215	29023	336.0	227.0	0.0	0
1216	29040	336.0	227.0	0.0	0
1217	29056	336.0	227.0	0.0	0
1218	29074	336.0	227.0	0.0	0
1219	29091	336.0	227.0	0.0	0
1220	29108	336.0	227.0	0.0	0
1221	29125	336.0	227.0	0.0	0
1222	29141	336.0	227.0	0.0	0
1223	29157	336.0	227.0	0.0	0
1224	29175	336.0	227.0	0.0	0
1225	29190	336.0	227.0	0.0	0
1226	29208	336.0	227.0	0.0	0
1227	29224	336.0	227.0	0.0	0
1228	29240	336.0	227.0	0.0	0
1229	29258	336.0	227.0	0.0	0
1230	29274	336.0	227.0	0.0	0
1231	29291	336.0	227.0	0.0	0
1232	29308	336.0	227.0	0.0	0
1233	29323	336.0	227.0	0.0	0
1234	29341	336.0	227.0	0.0	0
1235	29357	336.0	227.0	0.0	0
1236	29374	336.0	227.0	0.0	0
1237	29391	336.0	227.0	0.0	0
1238	29407	336.0	227.0	0.0	0
1239	29424	336.0	227.0	0.0	0
1240	29441	336.0	227.0	0.0	0
1241	29457	336.0	227.0	0.0	0
1242	29474	336.0	227.0	0.0	0
1243	29490	336.0	227.0	0.0	0
1244	29507	336.0	227.0	0.0	0
1245	29524	336.0	227.0	0.0	0
1246	29540	336.0	227.0	0.0	0
1247	29557	336.0	227.0	0.0	0
1248	29574	336.0	227.0	0.0	0
1249	29591	336.0	227.0	0.0	0
1250	29607	336.0	227.0	0.0	0
1251	29625	336.0	227.0	0.0	0
1252	29641	336.0	227.0	0.0	0
1253	29658	336.0	227.0	0.0	0
1254	29675	336.0	227.0	0.0	0
1255	29691	336.0	227.0	0.0	0
1256	29707	336.0	227.0	0.0	0
1257	29723	336.0	227.0	0.0	0
1258	29742	336.0	227.0	0.0	0
1259	29758	336.0	227.0	0.0	0
1260	29774	336.0	227.0	0.0	0
1261	29790	336.0	227.0	0.0	0
1262	29808	336.0	227.0	0.0	0
1263	29824	336.0	227.0	0.0	0
1264	29841	336.0	227.0	0.0	0
1265	29858	336.0	227.0	0.0	0
1266	29874	336.0	227.0	0.0	0
1267	29891	336.0	227.0	0.0	0
1268	29908	336.0	227.0	0.0	0
1269	29924	336.0	227.0	0.0	0
1270	29942	336.0	227.0	0.0	0
1271	29958	336.0	227.0	0.0	0
1272	29973	336.0	227.0	0.0	0
1273	29991	336.0	227.0	0.0	0
1274	30008	336.0	227.0	0.0	0
1275	30025	336.0	227.0	0.0	0
1276	30041	336.0	227.0	0.0	0
1277	30057	336.0	227.0	0.0	0
1278	30074	336.0	227.0	0.0	0
1279	30091	336.0	227.0	0.0	0
1280	30107	336.0	227.0	0.0	0
1281	30124	336.0	227.0	0.0	0
1282	30141	336.0	227.0	0.0	0
1283	30157	336.0	227.0	0.0	0
1284	30174	336.0	227.0	0.0	0
1285	30190	336.0	227.0	0.0	0
1286	30208	336.0	227.0	0.0	0
1287	30225	336.0	227.0	0.0	0
1288	30240	336.0	227.0	0.0	0
1289	30257	336.0	227.0	0.0	0
1290	30273	336.0	227.0	0.0	0
1291	30290	336.0	227.0	0.0	0
1292	30308	336.0	227.0	0.0	0
1293	30324	336.0	227.0	0.0	0
1294	30340	336.0	227.0	0.0	0
1295	30357	336.0	227.0	0.0	0
1296	30374	336.0	227.0	0.0	0
1297	30390	336.0	227.0	0.0	0
1298	30407	336.0	227.0	0.0	1
1299	30424	218.0	153.0	0.0	1
1300	30441	217.0	155.0	0.0	1
1301	30457	217.0	157.0	0.0	1
1302	30473	216.0	160.0	0.0	1
1303	30491	216.0	162.0	0.0	1
1304	30507	216.0	163.0	0.0	1
1305	30524	216.0	165.0	0.0	1
1306	30541	216.0	166.0	0.0	1
1307	30557	217.0	167.0	0.0	1
1308	30575	217.0	168.0	0.0	1
1309	30591	218.0	169.0	0.0	1
1310	30607	218.0	170.0	0.0	1
1311	30624	219.0	171.0	0.0	1
1312	30641	220.0	172.0	0.0	1
1313	30657	221.0	172.0	0.0	1
1314	30674	222.0	172.0	0.0	1
1315	30691	223.0	172.0	0.0	1
1316	30708	223.0	173.0	0.0	1
1317	30724	224.0	173.0	0.0	1
1318	30741	226.0	174.0	0.0	1
1319	30758	228.0	174.0	0.0	1
1320	30774	229.0	175.0	0.0	1
1321	30791	231.0	175.0	0.0	1
1322	30808	232.0	175.0	0.0	1
1323	30824	233.0	175.0	0.0	1
1324	30840	235.0	175.0	0.0	1
1325	30857	237.0	173.0	0.0	1
1326	30881	239.0	172.0	0.0	1
1327	30899	241.0	169.0	0.0	1
1328	30916	242.0	167.0	0.0	1
1329	30934	244.0	165.0	0.0	1
1330	30950	245.0	162.0	0.0	1
1331	30966	247.0	157.0	0.0	1
1332	30982	248.0	154.0	0.0	1
1333	30998	248.0	151.0	0.0	1
1334	31016	249.0	148.0	0.0	1
1335	31033	250.0	146.0	0.0	1
1336	31050	251.0	144.0	0.0	1
1337	31065	252.0	142.0	0.0	1
1338	31083	254.0	140.0	0.0	1
1339	31100	255.0	138.0	0.0	1
1340	31116	257.0	137.0	0.0	1
1341	31132	259.0	134.0	0.0	1
1342	31150	262.0	131.0	0.0	1
1343	31165	264.0	129.0	0.0	1
1344	31184	268.0	126.0	0.0	1
1345	31199	271.0	124.0	0.0	1
1346	31216	275.0	121.0	0.0	1
1347	31233	277.0	120.0	0.0	1
1348	31248	282.0	118.0	0.0	1
1349	31266	285.0	116.0	0.0	1
1350	31283	290.0	115.0	0.0	1
1351	31299	295.0	113.0	0.0	1
1352	31317	299.0	112.0	0.0	1
1353	31333	305.0	111.0	0.0	1
1354	31349	309.0	110.0	0.0	1
1355	31367	314.0	110.0	0.0	1
1356	31382	318.0	110.0	0.0	1
1357	31400	323.0	111.0	0.0	1
1358	31416	328.0	113.0	0.0	1
1359	31433	332.0	116.0	0.0	1
1360	31450	338.0	119.0	0.0	1
1361	31467	342.0	123.0	0.0	1
1362	31483	346.0	127.0	0.0	1
1363	31500	352.0	133.0	0.0	1
1364	31516	356.0	137.0	0.0	1
1365	31534	360.0	142.0	0.0	1
1366	31550	365.0	147.0	0.0	1
1367	31565	368.0	151.0	0.0	1
1368	31582	374.0	157.0	0.0	1
1369	31599	377.0	159.0	0.0	1
1370	31615	382.0	162.0	0.0	1
1371	31632	386.0	164.0	0.0	1
1372	31649	390.0	165.0	0.0	1
1373	31666	396.0	166.0	0.0	1
1374	31682	401.0	166.0	0.0	1
1375	31700	405.0	165.0	0.0	1
1376	31721	410.0	163.0	0.0	1
1377	31738	421.0	155.0	0.0	1
1378	31756	423.0	152.0	0.0	1
1379	31771	428.0	147.0	0.0	1
1380	31788	431.0	144.0	0.0	1
1381	31805	435.0	139.0	0.0	1
1382	31822	440.0	132.0	0.0	1
1383	31839	444.0	125.0	0.0	1
1384	31855	446.0	119.0	0.0	1
1385	31872	449.0	114.0	0.0	1
1386	31888	451.0	111.0	0.0	1
1387	31905	454.0	110.0	0.0	1
1388	31922	458.0	108.0	0.0	1
1389	31938	464.0	106.0	0.0	1
1390	31956	467.0	105.0	0.0	1
1391	31972	473.0	105.0	0.0	1
1392	31988	479.0	104.0	0.0	1
1393	32006	483.0	105.0	0.0	1
1394	32022	487.0	105.0	0.0	1
1395	32038	492.0	108.0	0.0	1
1396	32056	496.0	111.0	0.0	1
1397	32072	500.0	114.0	0.0	1
1398	32088	505.0	118.0	0.0	1
1399	32106	508.0	122.0	0.0	1
1400	32122	510.0	125.0	0.0	1
1401	32138	512.0	129.0	0.0	1
1402	32155	513.0	131.0	0.0	1
1403	32173	512.0	133.0	0.0	1
1404	32189	508.0	137.0	0.0	1
1405	32205	505.0	139.0	0.0	1
1406	32221	503.0	140.0	0.0	1
1407	32239	501.0	141.0	0.0	1
1408	32254	500.0	142.0	0.0	1
1409	32273	499.0	143.0	0.0	1
1410	32288	498.0	143.0	0.0	1
1411	32305	498.0	143.0	0.0	1
1412	32323	497.0	144.0	0.0	1
1413	32339	497.0	144.0	0.0	1
1414	32356	498.0	143.0	0.0	1
1415	32372	498.0	143.0	0.0	1
1416	32388	498.0	143.0	0.0	1
1417	32404	498.0	143.0	0.0	1
1418	32422	498.0	143.0	0.0	1
1419	32439	498.0	143.0	0.0	1
1420	32455	498.0	143.0	0.0	1
1421	32472	498.0	143.0	0.0	1
1422	32488	498.0	143.0	0.0	1
1423	32505	498.0	143.0	0.0	1
1424	32522	498.0	143.0	0.0	1
1425	32539	498.0	143.0	0.0	1
1426	32556	497.0	143.0	0.0	1
1427	32573	497.0	143.0	0.0	1
1428	32589	497.0	143.0	0.0	1
1429	32609	497.0	143.0	0.0	1
1430	32626	497.0	144.0	0.0	1
1431	32643	496.0	144.0	0.0	1
1432	32659	495.0	144.0	0.0	1
1433	32679	494.0	144.0	0.0	1
1434	32695	490.0	145.0	0.0	1
1435	32713	488.0	146.0	0.0	1
1436	32730	485.0	146.0	0.0	1
1437	32747	480.0	146.0	0.0	1
1438	32762	476.0	147.0	0.0	1
1439	32779	472.0	147.0	0.0	1
1440	32796	470.0	148.0	0.0	1
1441	32812	466.0	148.0	0.0	1
1442	32829	463.0	148.0	0.0	1
1443	32846	460.0	148.0	0.0	1
1444	32863	456.0	149.0	0.0	1
1445	32879	453.0	150.0	0.0	1
1446	32896	449.0	151.0	0.0	1
1447	32912	447.0	152.0	0.0	1
1448	32930	444.0	153.0	0.0	1
1449	32946	443.0	154.0	0.0	1
1450	32963	440.0	155.0	0.0	1
1451	32980	437.0	156.0	0.0	1
1452	32996	434.0	158.0	0.0	1
1453	33012	430.0	160.0	0.0	1
1454	33031	427.0	163.0	0.0	1
1455	33048	421.0	167.0	0.0	1
1456	33065	419.0	168.0	0.0	1
1457	33082	416.0	170.0	0.0	1
1458	33098	414.0	172.0	0.0	1
1459	33115	412.0	174.0	0.0	1
1460	33130	410.0	176.0	0.0	1
1461	33153	407.0	179.0	0.0	1
1462	33171	405.0	183.0	0.0	1
1463	33187	404.0	184.0	0.0	1
1464	33203	404.0	185.0	0.0	1
1465	33220	404.0	185.0	0.0	1
1466	33236	404.0	185.0	0.0	1
1467	33253	404.0	186.0	0.0	1
1468	33270	405.0	187.0	0.0	1
1469	33286	406.0	189.0	0.0	1
1470	33303	407.0	191.0	0.0	1
1471	33320	408.0	193.0	0.0	1
1472	33336	409.0	194.0	0.0	1
1473	33353	409.0	195.0	0.0	1
1474	33370	410.0	196.0	0.0	1
1475	33387	411.0	196.0	0.0	1
1476	33403	411.0	196.0	0.0	1
1477	33420	412.0	197.0	0.0	1
1478	33437	414.0	196.0	0.0	1
1479	33454	415.0	196.0	0.0	1
1480	33471	417.0	196.0	0.0	1
1481	33487	419.0	195.0	0.0	1
1482	33504	420.0	194.0	0.0	1
1483	33521	423.0	193.0	0.0	1
1484	33537	427.0	191.0	0.0	1
1485	33554	428.0	190.0	0.0	1
1486	33571	432.0	189.0	0.0	1
1487	33587	434.0	187.0	0.0	1
1488	33604	436.0	186.0	0.0	1
1489	33621	438.0	185.0	0.0	1
1490	33637	441.0	183.0	0.0	1
1491	33654	442.0	182.0	0.0	1
1492	33671	445.0	181.0	0.0	1
1493	33687	446.0	180.0	0.0	1
1494	33704	447.0	179.0	0.0	1
1495	33720	448.0	178.0	0.0	1
1496	33738	448.0	178.0	0.0	1
1497	33754	448.0	178.0	0.0	1
1498	33771	448.0	178.0	0.0	1
1499	33788	448.0	178.0	0.0	1
1500	33804	448.0	178.0	0.0	1
1501	33821	448.0	178.0	0.0	1
1502	33837	448.0	178.0	0.0	1
1503	33854	448.0	178.0	0.0	1
1504	33871	448.0	178.0	0.0	1
1505	33888	448.0	177.0	0.0	1
1506	33904	448.0	178.0	0.0	1
1507	33921	448.0	178.0	0.0	1
1508	33938	448.0	178.0	0.0	1
1509	33954	448.0	178.0	0.0	1
1510	33972	448.0	178.0	0.0	1
1511	33987	448.0	178.0	0.0	1
1512	34005	448.0	178.0	0.0	1
1513	34021	448.0	178.0	0.0	1
1514	34037	448.0	178.0	0.0	1
1515	34054	448.0	178.0	0.0	1
1516	34071	448.0	178.0	0.0	1
1517	34088	448.0	178.0	0.0	1
1518	34105	448.0	178.0	0.0	1
1519	34121	448.0	178.0	0.0	1
1520	34138	448.0	178.0	0.0	1
1521	34153	448.0	178.0	0.0	1
1522	34171	448.0	178.0	0.0	1
1523	34188	448.0	178.0	0.0	1
1524	34204	448.0	178.0	0.0	1
1525	34221	448.0	178.0	0.0	1
1526	34237	448.0	178.0	0.0	1
1527	34254	448.0	178.0	0.0	1
1528	34271	448.0	178.0	0.0	1
1529	34287	448.0	178.0	0.0	1
1530	34304	448.0	178.0	0.0	1
1531	34320	448.0	178.0	0.0	1
1532	34338	448.0	178.0	0.0	1
1533	34355	448.0	178.0	0.0	1
1534	34370	448.0	178.0	0.0	1
1535	34388	448.0	178.0	0.0	1
1536	34403	448.0	178.0	0.0	1
1537	34421	448.0	178.0	0.0	1
1538	34437	448.0	178.0	0.0	1
1539	34454	448.0	178.0	0.0	1
1540	34471	448.0	178.0	0.0	1
1541	34487	448.0	178.0	0.0	1
1542	34505	448.0	178.0	0.0	1
1543	34520	448.0	178.0	0.0	1
1544	34538	448.0	178.0	0.0	1
1545	34554	448.0	178.0	0.0	1
1546	34571	448.0	178.0	0.0	1
1547	34587	448.0	178.0	0.0	1
1548	34604	448.0	178.0	0.0	1
1549	34620	448.0	178.0	0.0	1
1550	34638	448.0	178.0	0.0	1
1551	34654	448.0	178.0	0.0	1
1552	34671	448.0	178.0	0.0	0
1553	34688	448.0	178.0	0.0	0
1554	34704	448.0	178.0	0.0	0
1555	34721	448.0	178.0	0.0	0
1556	34738	448.0	178.0	0.0	0
1557	34753	448.0	178.0	0.0	0
1558	34771	448.0	178.0	0.0	0
1559	34788	448.0	178.0	0.0	0
1560	34804	448.0	178.0	0.0	0
1561	34821	448.0	178.0	0.0	0
1562	34837	448.0	178.0	0.0	0
1563	34854	448.0	178.0	0.0	0
1564	34871	448.0	178.0	0.0	0
1565	34887	448.0	178.0	0.0	0
1566	34905	448.0	178.0	0.0	0
1567	34920	448.0	178.0	0.0	0
1568	34937	448.0	178.0	0.0	0
1569	34954	448.0	178.0	0.0	0
1570	34971	448.0	178.0	0.0	0
1571	34987	448.0	178.0	0.0	0
1572	35004	448.0	178.0	0.0	0
1573	35021	448.0	178.0	0.0	0
1574	35037	448.0	178.0	0.0	0
1575	35054	448.0	178.0	0.0	0
1576	35071	448.0	178.0	0.0	0
1577	35088	448.0	178.0	0.0	0
1578	35104	448.0	178.0	0.0	0
1579	35121	448.0	178.0	0.0	0
1580	35137	448.0	178.0	0.0	0
1581	35154	448.0	178.0	0.0	0
1582	35171	448.0	178.0	0.0	0
1583	35187	448.0	178.0	0.0	1
1584	35208	447.0	175.0	0.0	1
1585	35224	446.0	184.0	0.0	1
1586	35241	445.0	186.0	0.0	1
1587	35259	445.0	190.0	0.0	1
1588	35274	445.0	195.0	0.0	1
1589	35292	445.0	198.0	0.0	1
1590	35308	445.0	201.0	0.0	1
1591	35325	446.0	203.0	0.0	1
1592	35342	447.0	205.0	0.0	1
1593	35358	448.0	207.0	0.0	1
1594	35375	450.0	208.0	0.0	1
1595	35391	453.0	210.0	0.0	1
1596	35409	458.0	211.0	0.0	1
1597	35426	460.0	211.0	0.0	1
1598	35442	464.0	211.0	0.0	1
1599	35458	467.0	210.0	0.0	1
1600	35475	470.0	209.0	0.0	1
1601	35491	473.0	208.0	0.0	1
1602	35509	475.0	208.0	0.0	1
1603	35526	476.0	208.0	0.0	1
1604	35542	477.0	208.0	0.0	1
1605	35559	478.0	211.0	0.0	1
1606	35575	478.0	215.0	0.0	1
1607	35593	477.0	221.0	0.0	1
1608	35608	475.0	227.0	0.0	1
1609	35628	471.0	234.0	0.0	1
1610	35646	460.0	248.0	0.0	1
1611	35662	456.0	253.0	0.0	1
1612	35679	451.0	259.0	0.0	1
1613	35696	444.0	265.0	0.0	1
1614	35711	434.0	272.0	0.0	1
1615	35728	427.0	277.0	0.0	1
1616	35746	420.0	282.0	0.0	1
1617	35762	413.0	285.0	0.0	1
1618	35779	406.0	287.0	0.0	1
1619	35795	402.0	288.0	0.0	1
1620	35812	398.0	288.0	0.0	1
1621	35830	395.0	287.0	0.0	1
1622	35845	394.0	286.0	0.0	1
1623	35862	393.0	285.0	0.0	1
1624	35879	392.0	284.0	0.0	1
1625	35895	392.0	284.0	0.0	1
1626	35912	392.0	284.0	0.0	1
1627	35929	392.0	284.0	0.0	1
1628	35945	392.0	284.0	0.0	1
1629	35962	392.0	284.0	0.0	1
1630	35979	392.0	284.0	0.0	1
1631	35995	392.0	284.0	0.0	1
1632	36012	392.0	284.0	0.0	1
1633	36029	391.0	284.0	0.0	1
1634	36046	391.0	286.0	0.0	0
1635	36062	391.0	286.0	0.0	0
1636	36078	391.0	286.0	0.0	0
1637	36096	391.0	286.0	0.0	0
1638	36112	391.0	286.0	0.0	0
1639	36128	391.0	286.0	0.0	0
1640	36146	391.0	286.0	0.0	0
1641	36162	391.0	286.0	0.0	0
1642	36179	391.0	286.0	0.0	0
1643	36195	391.0	286.0	0.0	0
1644	36213	391.0	286.0	0.0	0
1645	36230	391.0	286.0	0.0	0
1646	36245	391.0	286.0	0.0	0
1647	36263	391.0	286.0	0.0	0
1648	36279	391.0	286.0	0.0	0
1649	36295	391.0	286.0	0.0	0
1650	36313	391.0	286.0	0.0	0
1651	36329	391.0	286.0	0.0	0
1652	36345	391.0	286.0	0.0	0
1653	36362	391.0	286.0	0.0	0
1654	36379	391.0	286.0	0.0	0
1655	36396	391.0	286.0	0.0	0
1656	36413	391.0	286.0	0.0	0
1657	36429	391.0	286.0	0.0	0
1658	36446	391.0	286.0	0.0	0
1659	36462	391.0	286.0	0.0	0
1660	36479	391.0	286.0	0.0	0
1661	36496	391.0	286.0	0.0	0
1662	36512	391.0	286.0	0.0	0
1663	36529	391.0	286.0	0.0	0
1664	36545	391.0	286.0	0.0	0
1665	36562	391.0	286.0	0.0	0
1666	36578	391.0	286.0	0.0	0
1667	36595	391.0	286.0	0.0	0
1668	36613	391.0	286.0	0.0	0
1669	36628	391.0	286.0	0.0	0
1670	36646	391.0	286.0	0.0	0
1671	36663	391.0	286.0	0.0	0
1672	36679	391.0	286.0	0.0	0
1673	36696	391.0	286.0	0.0	0
1674	36712	391.0	286.0	0.0	0
1675	36730	391.0	286.0	0.0	1
1676	36745	385.0	297.0	0.0	1
1677	36763	382.0	301.0	0.0	1
1678	36778	381.0	302.0	0.0	1
1679	36796	380.0	305.0	0.0	1
1680	36812	379.0	306.0	0.0	1
1681	36829	377.0	309.0	0.0	1
1682	36845	375.0	312.0	0.0	1
1683	36861	372.0	315.0	0.0	1
1684	36878	370.0	318.0	0.0	1
1685	36896	367.0	321.0	0.0	1
1686	36911	365.0	324.0	0.0	1
1687	36929	362.0	326.0	0.0	1
1688	36946	358.0	330.0	0.0	1
1689	36962	355.0	332.0	0.0	1
1690	36979	353.0	334.0	0.0	1
1691	36996	349.0	336.0	0.0	1
1692	37012	347.0	338.0	0.0	1
1693	37028	346.0	339.0	0.0	1
1694	37045	344.0	339.0	0.0	1
1695	37061	342.0	340.0	0.0	1
1696	37079	339.0	340.0	0.0	1
1697	37095	336.0	340.0	0.0	1
1698	37114	333.0	339.0	0.0	1
1699	37132	330.0	336.0	0.0	1
1700	37148	329.0	335.0	0.0	1
1701	37170	327.0	333.0	0.0	1
1702	37187	326.0	328.0	0.0	1
1703	37204	326.0	326.0	0.0	1
1704	37221	326.0	319.0	0.0	1
1705	37237	327.0	316.0	0.0	1
1706	37254	328.0	313.0	0.0	1
1707	37271	329.0	311.0	0.0	1
1708	37286	331.0	310.0	0.0	1
1709	37304	333.0	309.0	0.0	1
1710	37320	334.0	308.0	0.0	1
1711	37337	337.0	308.0	0.0	1
1712	37354	339.0	310.0	0.0	1
1713	37370	340.0	313.0	0.0	1
1714	37388	342.0	317.0	0.0	1
1715	37404	343.0	322.0	0.0	1
1716	37421	344.0	327.0	0.0	1
1717	37437	344.0	336.0	0.0	1
1718	37453	344.0	341.0	0.0	1
1719	37471	342.0	347.0	0.0	1
1720	37487	338.0	354.0	0.0	1
1721	37504	335.0	359.0	0.0	1
1722	37520	333.0	362.0	0.0	1
1723	37538	330.0	366.0	0.0	1
1724	37554	329.0	367.0	0.0	1
1725	37570	328.0	368.0	0.0	1
1726	37587	328.0	369.0	0.0	1
1727	37604	327.0	370.0	0.0	1
1728	37620	326.0	372.0	0.0	1
1729	37638	324.0	375.0	0.0	1
1730	37654	320.0	379.0	0.0	1
1731	37670	317.0	382.0	0.0	1
1732	37687	313.0	385.0	0.0	1
1733	37704	309.0	388.0	0.0	1
1734	37721	307.0	392.0	0.0	1
1735	37738	306.0	395.0	0.0	1
1736	37754	305.0	398.0	0.0	1
1737	37770	304.0	400.0	0.0	1
1738	37788	304.0	403.0	0.0	1
1739	37804	304.0	407.0	0.0	1
1740	37821	307.0	412.0	0.0	1
1741	37837	309.0	416.0	0.0	1
1742	37853	313.0	420.0	0.0	1
1743	37871	316.0	422.0	0.0	1
1744	37887	319.0	423.0	0.0	1
1745	37904	323.0	425.0	0.0	1
1746	37921	327.0	426.0	0.0	1
1747	37937	330.0	427.0	0.0	1
1748	37954	334.0	427.0	0.0	1
1749	37970	338.0	426.0	0.0	1
1750	37988	343.0	423.0	0.0	1
1751	38004	348.0	420.0	0.0	1
1752	38021	353.0	416.0	0.0	1
1753	38037	357.0	413.0	0.0	1
1754	38054	360.0	410.0	0.0	1
1755	38071	362.0	404.0	0.0	1
1756	38087	363.0	398.0	0.0	1
1757	38104	364.0	393.0	0.0	1
1758	38120	365.0	386.0	0.0	1
1759	38137	364.0	381.0	0.0	1
1760	38156	362.0	376.0	0.0	1
1761	38172	357.0	369.0	0.0	1
1762	38188	354.0	366.0	0.0	1
1763	38206	351.0	364.0	0.0	1
1764	38222	347.0	361.0	0.0	1
1765	38238	342.0	359.0	0.0	1
1766	38256	338.0	358.0	0.0	1
1767	38274	330.0	357.0	0.0	1
1768	38290	327.0	356.0	0.0	1
1769	38306	321.0	356.0	0.0	1
1770	38323	316.0	358.0	0.0	1
1771	38341	311.0	360.0	0.0	1
1772	38358	304.0	365.0	0.0	1
1773	38374	302.0	366.0	0.0	1
1774	38390	297.0	371.0	0.0	1
1775	38408	294.0	373.0	0.0	1
1776	38424	291.0	377.0	0.0	1
1777	38440	287.0	380.0	0.0	1
1778	38457	283.0	384.0	0.0	1
1779	38475	280.0	387.0	0.0	1
1780	38492	278.0	389.0	0.0	1
1781	38508	275.0	392.0	0.0	1
1782	38525	274.0	394.0	0.0	1
1783	38541	272.0	395.0	0.0	1
1784	38559	271.0	396.0	0.0	1
1785	38574	270.0	396.0	0.0	1
1786	38592	269.0	396.0	0.0	1
1787	38608	267.0	396.0	0.0	1
1788	38623	264.0	394.0	0.0	1
1789	38641	262.0	392.0	0.0	1
1790	38657	261.0	389.0	0.0	1
1791	38674	260.0	382.0	0.0	1
1792	38692	259.0	378.0	0.0	1
1793	38708	259.0	372.0	0.0	1
1794	38725	262.0	362.0	0.0	1
1795	38741	263.0	358.0	0.0	1
1796	38759	266.0	353.0	0.0	1
1797	38775	270.0	345.0	0.0	1
1798	38792	273.0	340.0	0.0	1
1799	38808	277.0	336.0	0.0	1
1800	38825	281.0	330.0	0.0	1
1801	38841	284.0	325.0	0.0	1
1802	38858	287.0	321.0	0.0	1
1803	38874	290.0	317.0	0.0	1
1804	38891	293.0	312.0	0.0	1
1805	38908	295.0	308.0	0.0	1
1806	38925	298.0	304.0	0.0	1
1807	38942	300.0	302.0	0.0	1
1808	38958	304.0	297.0	0.0	1
1809	38976	306.0	294.0	0.0	1
1810	38992	309.0	290.0	0.0	1
1811	39009	310.0	289.0	0.0	1
1812	39026	311.0	288.0	0.0	1
1813	39043	311.0	288.0	0.0	1
1814	39060	311.0	288.0	0.0	1
1815	39076	311.0	287.0	0.0	1
1816	39093	311.0	288.0	0.0	1
1817	39110	311.0	287.0	0.0	1
1818	39127	311.0	287.0	0.0	1
1819	39143	311.0	287.0	0.0	1
1820	39161	311.0	288.0	0.0	1
1821	39185	311.0	287.0	0.0	1
1822	39202	311.0	287.0	0.0	1
1823	39219	311.0	288.0	0.0	1
1824	39235	311.0	288.0	0.0	1
1825	39252	311.0	288.0	0.0	1
1826	39269	311.0	287.0	0.0	1
1827	39285	311.0	288.0	0.0	1
1828	39302	311.0	288.0	0.0	1
1829	39319	311.0	287.0	0.0	1
1830	39334	311.0	288.0	0.0	1
1831	39353	311.0	287.0	0.0	1
1832	39368	311.0	287.0	0.0	1
1833	39385	311.0	287.0	0.0	1
1834	39402	311.0	287.0	0.0	1
1835	39418	311.0	288.0	0.0	1
1836	39436	311.0	288.0	0.0	1
1837	39452	311.0	288.0	0.0	1
1838	39468	311.0	288.0	0.0	1
1839	39486	311.0	288.0	0.0	1
1840	39502	311.0	288.0	0.0	1
1841	39518	311.0	288.0	0.0	1
1842	39535	311.0	288.0	0.0	1
1843	39552	311.0	288.0	0.0	1
1844	39568	311.0	288.0	0.0	1
1845	39585	311.0	288.0	0.0	1
1846	39603	311.0	288.0	0.0	1
1847	39618	311.0	288.0	0.0	1
1848	39636	311.0	288.0	0.0	1
1849	39652	311.0	288.0	0.0	1
1850	39669	311.0	288.0	0.0	1
1851	39685	311.0	288.0	0.0	1
1852	39702	311.0	288.0	0.0	1
1853	39719	311.0	288.0	0.0	1
1854	39735	311.0	288.0	0.0	1
1855	39751	311.0	288.0	0.0	1
1856	39769	311.0	288.0	0.0	1
1857	39786	311.0	288.0	0.0	1
1858	39803	311.0	288.0	0.0	1
1859	39819	311.0	288.0	0.0	1
1860	39835	311.0	288.0	0.0	1
1861	39852	311.0	288.0	0.0	1
1862	39868	311.0	288.0	0.0	1
1863	39886	311.0	288.0	0.0	1
1864	39902	311.0	288.0	0.0	1
1865	39919	311.0	288.0	0.0	1
1866	39935	311.0	288.0	0.0	0
1867	39952	311.0	288.0	0.0	0
1868	39969	311.0	288.0	0.0	0
1869	39986	311.0	288.0	0.0	0
1870	40002	311.0	288.0	0.0	0
1871	40019	311.0	288.0	0.0	0
1872	40036	311.0	288.0	0.0	0
1873	40051	311.0	288.0	0.0	0
1874	40069	311.0	288.0	0.0	0
1875	40086	311.0	288.0	0.0	0
1876	40102	311.0	288.0	0.0	0
1877	40119	311.0	288.0	0.0	0
1878	40136	311.0	288.0	0.0	0
1879	40152	311.0	288.0	0.0	0
1880	40168	311.0	288.0	0.0	0
1881	40185	311.0	288.0	0.0	0
1882	40203	311.0	288.0	0.0	0
1883	40218	311.0	288.0	0.0	0
1884	40236	311.0	288.0	0.0	0
1885	40252	311.0	288.0	0.0	0
1886	40268	311.0	288.0	0.0	0
1887	40285	311.0	288.0	0.0	0
1888	40302	311.0	288.0	0.0	0
1889	40319	311.0	288.0	0.0	0
1890	40336	311.0	288.0	0.0	0
1891	40352	311.0	288.0	0.0	0
1892	40369	311.0	288.0	0.0	0
1893	40386	311.0	288.0	0.0	0
1894	40403	311.0	288.0	0.0	0
1895	40419	311.0	288.0	0.0	0
1896	40436	311.0	288.0	0.0	0
1897	40453	311.0	288.0	0.0	0
1898	40468	311.0	288.0	0.0	0
1899	40485	311.0	288.0	0.0	0
1900	40501	311.0	288.0	0.0	0
1901	40519	311.0	288.0	0.0	0
1902	40536	311.0	288.0	0.0	0
1903	40552	311.0	288.0	0.0	0
1904	40570	311.0	288.0	0.0	0
1905	40586	311.0	288.0	0.0	0
1906	40602	311.0	288.0	0.0	0
1907	40618	311.0	288.0	0.0	0
1908	40635	311.0	288.0	0.0	0
1909	40652	311.0	288.0	0.0	0
1910	40669	311.0	288.0	0.0	0
1911	40686	311.0	288.0	0.0	1
1912	40702	372.0	209.0	0.0	1
1913	40718	371.0	211.0	0.0	1
1914	40736	371.0	213.0	0.0	1
1915	40752	372.0	214.0	0.0	1
1916	40768	374.0	215.0	0.0	1
1917	40786	376.0	216.0	0.0	1
1918	40802	379.0	216.0	0.0	1
1919	40819	383.0	216.0	0.0	1
1920	40841	387.0	213.0	0.0	1
1921	40857	392.0	209.0	0.0	1
1922	40875	394.0	208.0	0.0	1
1923	40892	397.0	206.0	0.0	1
1924	40908	402.0	204.0	0.0	1
1925	40925	404.0	203.0	0.0	1
1926	40941	407.0	202.0	0.0	1
1927	40957	409.0	203.0	0.0	1
1928	40975	410.0	206.0	0.0	1
1929	40992	411.0	210.0	0.0	1
1930	41008	412.0	214.0	0.0	1
1931	41025	413.0	216.0	0.0	1
1932	41042	413.0	218.0	0.0	1
1933	41058	414.0	220.0	0.0	1
1934	41075	414.0	222.0	0.0	1
1935	41092	414.0	223.0	0.0	1
1936	41108	414.0	223.0	0.0	1
1937	41125	413.0	224.0	0.0	1
1938	41141	411.0	226.0	0.0	1
1939	41157	407.0	228.0	0.0	1
1940	41174	406.0	230.0	0.0	1
1941	41192	405.0	231.0	0.0	1
1942	41208	405.0	231.0	0.0	1
1943	41224	405.0	231.0	0.0	1
1944	41242	405.0	231.0	0.0	1
1945	41258	405.0	232.0	0.0	1
1946	41274	406.0	235.0	0.0	1
1947	41291	408.0	237.0	0.0	1
1948	41307	409.0	239.0	0.0	1
1949	41325	412.0	240.0	0.0	1
1950	41341	413.0	241.0	0.0	1
1951	41358	416.0	241.0	0.0	1
1952	41375	418.0	242.0	0.0	1
1953	41392	420.0	242.0	0.0	1
1954	41408	422.0	242.0	0.0	1
1955	41424	426.0	241.0	0.0	1
1956	41441	428.0	240.0	0.0	1
1957	41459	430.0	238.0	0.0	1
1958	41475	433.0	235.0	0.0	1
1959	41492	435.0	233.0	0.0	1
1960	41508	438.0	230.0	0.0	1
1961	41525	440.0	226.0	0.0	1
1962	41541	442.0	222.0	0.0	1
1963	41558	444.0	219.0	0.0	1
1964	41575	445.0	215.0	0.0	1
1965	41591	447.0	210.0	0.0	1
1966	41609	448.0	207.0	0.0	1
1967	41624	450.0	204.0	0.0	1
1968	41640	452.0	201.0	0.0	1
1969	41658	454.0	198.0	0.0	1
1970	41674	455.0	196.0	0.0	1
1971	41690	457.0	194.0	0.0	1
1972	41709	459.0	192.0	0.0	1
1973	41725	460.0	191.0	0.0	1
1974	41740	462.0	189.0	0.0	1
1975	41758	464.0	187.0	0.0	1
1976	41775	466.0	186.0	0.0	1
1977	41792	469.0	184.0	0.0	1
1978	41808	471.0	183.0	0.0	1
1979	41825	473.0	181.0	0.0	1
1980	41842	476.0	180.0	0.0	1
1981	41859	478.0	179.0	0.0	1
1982	41874	480.0	177.0	0.0	1
1983	41891	484.0	176.0	0.0	1
1984	41908	486.0	175.0	0.0	1
1985	41924	489.0	174.0	0.0	1
1986	41941	491.0	173.0	0.0	1
1987	41957	495.0	173.0	0.0	1
1988	41974	499.0	172.0	0.0	1
1989	41992	503.0	172.0	0.0	1
1990	42008	509.0	172.0	0.0	1
1991	42025	513.0	173.0	0.0	1
1992	42042	517.0	174.0	0.0	1
1993	42059	522.0	178.0	0.0	1
1994	42075	524.0	180.0	0.0	1
1995	42093	525.0	183.0	0.0	1
1996	42109	526.0	189.0	0.0	1
1997	42126	526.0	193.0	0.0	1
1998	42143	527.0	196.0	0.0	1
1999	42159	528.0	201.0	0.0	1
2000	42176	528.0	204.0	0.0	1
2001	42192	527.0	207.0	0.0	1
2002	42209	524.0	212.0	0.0	1
2003	42226	520.0	217.0	0.0	1
2004	42243	515.0	222.0	0.0	1
2005	42260	509.0	227.0	0.0	1
2006	42276	507.0	228.0	0.0	1
2007	42292	504.0	230.0	0.0	1
2008	42309	500.0	232.0	0.0	1
2009	42326	497.0	234.0	0.0	1
2010	42342	495.0	236.0	0.0	1
2011	42359	493.0	237.0	0.0	1
2012	42376	492.0	238.0	0.0	1
2013	42392	492.0	239.0	0.0	1
2014	42410	492.0	240.0	0.0	1
2015	42426	491.0	242.0	0.0	1
2016	42443	491.0	245.0	0.0	1
2017	42459	491.0	248.0	0.0	1
2018	42477	493.0	252.0	0.0	1
2019	42492	494.0	254.0	0.0	1
2020	42509	495.0	257.0	0.0	1
2021	42527	496.0	259.0	0.0	1
2022	42543	497.0	261.0	0.0	1
2023	42559	498.0	262.0	0.0	1
2024	42576	500.0	263.0	0.0	1
2025	42592	503.0	264.0	0.0	1
2026	42609	504.0	265.0	0.0	1
2027	42626	508.0	266.0	0.0	0
2028	42642	508.0	266.0	0.0	0
2029	42659	508.0	266.0	0.0	0
2030	42677	508.0	266.0	0.0	0
2031	42692	508.0	266.0	0.0	0
2032	42709	508.0	266.0	0.0	0
2033	42725	508.0	266.0	0.0	0
2034	42742	508.0	266.0	0.0	0
2035	42759	508.0	266.0	0.0	0
2036	42776	508.0	266.0	0.0	0
2037	42792	508.0	266.0	0.0	0
2038	42808	508.0	266.0	0.0	0
2039	42825	508.0	266.0	0.0	0
2040	42842	508.0	266.0	0.0	0
2041	42858	508.0	266.0	0.0	0
2042	42875	508.0	266.0	0.0	0
2043	42892	508.0	266.0	0.0	0
2044	42908	508.0	266.0	0.0	0
2045	42925	508.0	266.0	0.0	0
2046	42942	508.0	266.0	0.0	0
2047	42960	508.0	266.0	0.0	0
2048	42976	508.0	266.0	0.0	0
2049	42993	508.0	266.0	0.0	0
2050	43008	508.0	266.0	0.0	0
2051	43025	508.0	266.0	0.0	0
2052	43042	508.0	266.0	0.0	0
2053	43059	508.0	266.0	0.0	0
2054	43076	508.0	266.0	0.0	0
2055	43093	508.0	266.0	0.0	0
2056	43108	508.0	266.0	0.0	0
2057	43125	508.0	266.0	0.0	0
2058	43143	508.0	266.0	0.0	0
2059	43160	508.0	266.0	0.0	0
2060	43176	508.0	266.0	0.0	0
2061	43193	508.0	266.0	0.0	0
2062	43209	508.0	266.0	0.0	0
2063	43226	508.0	266.0	0.0	0
2064	43243	508.0	266.0	0.0	0
2065	43259	508.0	266.0	0.0	0
2066	43275	508.0	266.0	0.0	0
2067	43293	508.0	266.0	0.0	0
2068	43309	508.0	266.0	0.0	0
2069	43326	508.0	266.0	0.0	0
2070	43342	508.0	266.0	0.0	0
2071	43359	508.0	266.0	0.0	0
2072	43375	508.0	266.0	0.0	0
2073	43392	508.0	266.0	0.0	0
2074	43408	508.0	266.0	0.0	0
2075	43427	508.0	266.0	0.0	0
2076	43443	508.0	266.0	0.0	0
2077	43459	508.0	266.0	0.0	0
2078	43475	508.0	266.0	0.0	0
2079	43493	508.0	266.0	0.0	0
2080	43509	508.0	266.0	0.0	0
2081	43526	508.0	266.0	0.0	0
2082	43542	508.0	266.0	0.0	0
2083	43559	508.0	266.0	0.0	0
2084	43576	508.0	266.0	0.0	0
2085	43592	508.0	266.0	0.0	0
2086	43609	508.0	266.0	0.0	0
2087	43625	508.0	266.0	0.0	0
2088	43643	508.0	266.0	0.0	0
2089	43659	508.0	266.0	0.0	0
2090	43676	508.0	266.0	0.0	0
2091	43693	508.0	266.0	0.0	0
2092	43709	508.0	266.0	0.0	0
2093	43726	508.0	266.0	0.0	0
2094	43742	508.0	266.0	0.0	0
2095	43760	508.0	266.0	0.0	0
2096	43776	508.0	266.0	0.0	0
2097	43793	508.0	266.0	0.0	0
2098	43809	508.0	266.0	0.0	0
2099	43826	508.0	266.0	0.0	0
2100	43842	508.0	266.0	0.0	0
2101	43858	508.0	266.0	0.0	0
2102	43875	508.0	266.0	0.0	0
2103	43893	508.0	266.0	0.0	0
2104	43910	508.0	266.0	0.0	0
2105	43926	508.0	266.0	0.0	0
2106	43942	508.0	266.0	0.0	0
2107	43959	508.0	266.0	0.0	0
2108	43975	508.0	266.0	0.0	0
2109	43992	508.0	266.0	0.0	0
2110	44009	508.0	266.0	0.0	0
2111	44026	508.0	266.0	0.0	0
2112	44043	508.0	266.0	0.0	1
2113	44059	501.0	76.0	0.0	1
2114	44075	497.0	79.0	0.0	1
2115	44095	495.0	81.0	0.0	1
2116	44112	490.0	87.0	0.0	1
2117	44129	487.0	90.0	0.0	1
2118	44145	484.0	94.0	0.0	1
2119	44162	482.0	96.0	0.0	1
2120	44179	481.0	99.0	0.0	1
2121	44196	479.0	103.0	0.0	1
2122	44212	478.0	106.0	0.0	1
2123	44229	476.0	110.0	0.0	1
2124	44246	474.0	115.0	0.0	1
2125	44261	472.0	118.0	0.0	1
2126	44279	471.0	124.0	0.0	1
2127	44295	470.0	126.0	0.0	1
2128	44313	470.0	129.0	0.0	1
2129	44329	469.0	133.0	0.0	1
2130	44346	469.0	137.0	0.0	1
2131	44362	469.0	140.0	0.0	1
2132	44378	469.0	143.0	0.0	1
2133	44396	470.0	147.0	0.0	1
2134	44412	471.0	149.0	0.0	1
2135	44429	473.0	152.0	0.0	1
2136	44446	475.0	154.0	0.0	1
2137	44462	479.0	156.0	0.0	1
2138	44479	483.0	157.0	0.0	1
2139	44496	487.0	158.0	0.0	1
2140	44512	493.0	158.0	0.0	1
2141	44528	498.0	157.0	0.0	1
2142	44546	503.0	156.0	0.0	1
2143	44563	508.0	156.0	0.0	1
2144	44579	512.0	155.0	0.0	1
2145	44596	515.0	155.0	0.0	1
2146	44612	519.0	156.0	0.0	1
2147	44629	521.0	157.0	0.0	1
2148	44645	523.0	158.0	0.0	1
2149	44662	526.0	162.0	0.0	1
2150	44678	528.0	165.0	0.0	1
2151	44695	530.0	170.0	0.0	1
2152	44713	532.0	176.0	0.0	1
2153	44729	534.0	182.0	0.0	1
2154	44745	536.0	188.0	0.0	1
2155	44762	537.0	195.0	0.0	1
2156	44778	537.0	201.0	0.0	1
2157	44795	537.0	208.0	0.0	1
2158	44812	536.0	215.0	0.0	1
2159	44829	532.0	224.0	0.0	1
2160	44845	528.0	230.0	0.0	1
2161	44862	524.0	235.0	0.0	1
2162	44880	517.0	242.0	0.0	1
2163	44896	511.0	247.0	0.0	1
2164	44912	499.0	254.0	0.0	1
2165	44929	491.0	259.0	0.0	1
2166	44945	484.0	262.0	0.0	1
2167	44961	478.0	264.0	0.0	1
2168	44979	471.0	266.0	0.0	1
2169	44996	465.0	267.0	0.0	1
2170	45012	459.0	269.0	0.0	1
2171	45029	453.0	271.0	0.0	1
2172	45046	444.0	272.0	0.0	1
2173	45064	436.0	273.0	0.0	1
2174	45082	424.0	273.0	0.0	1
2175	45098	421.0	274.0	0.0	1
2176	45115	415.0	274.0	0.0	1
2177	45132	410.0	274.0	0.0	1
2178	45149	404.0	274.0	0.0	1
2179	45165	396.0	275.0	0.0	1
2180	45182	389.0	276.0	0.0	1
2181	45198	382.0	277.0	0.0	1
2182	45215	373.0	278.0	0.0	1
2183	45231	367.0	280.0	0.0	1
2184	45249	361.0	283.0	0.0	1
2185	45264	353.0	286.0	0.0	1
2186	45282	347.0	289.0	0.0	1
2187	45299	342.0	293.0	0.0	1
2188	45315	336.0	297.0	0.0	1
2189	45332	332.0	300.0	0.0	1
2190	45353	328.0	304.0	0.0	1
2191	45370	321.0	314.0	0.0	1
2192	45386	319.0	317.0	0.0	1
2193	45404	316.0	323.0	0.0	1
2194	45421	314.0	331.0	0.0	1
2195	45437	313.0	338.0	0.0	1
2196	45453	313.0	348.0	0.0	1
2197	45470	314.0	354.0	0.0	1
2198	45487	318.0	363.0	0.0	1
2199	45503	322.0	368.0	0.0	1
2200	45520	327.0	372.0	0.0	1
2201	45539	334.0	375.0	0.0	1
2202	45556	347.0	378.0	0.0	1
2203	45572	352.0	379.0	0.0	1
2204	45590	360.0	380.0	0.0	1
2205	45605	372.0	380.0	0.0	1
2206	45623	383.0	377.0	0.0	1
2207	45639	394.0	373.0	0.0	1
2208	45656	406.0	368.0	0.0	1
2209	45673	421.0	361.0	0.0	1
2210	45689	430.0	357.0	0.0	1
2211	45706	439.0	352.0	0.0	1
2212	45723	448.0	346.0	0.0	1
2213	45739	458.0	338.0	0.0	1
2214	45757	466.0	334.0	0.0	1
2215	45773	474.0	330.0	0.0	1
2216	45789	481.0	329.0	0.0	1
2217	45806	486.0	328.0	0.0	1
2218	45822	490.0	330.0	0.0	1
2219	45839	495.0	334.0	0.0	1
2220	45857	497.0	339.0	0.0	1
2221	45873	498.0	346.0	0.0	1
2222	45890	499.0	357.0	0.0	1
2223	45906	498.0	367.0	0.0	1
2224	45923	496.0	379.0	0.0	1
2225	45940	495.0	384.0	0.0	1
2226	45956	495.0	389.0	0.0	1
2227	45972	494.0	394.0	0.0	1
2228	45990	492.0	399.0	0.0	1
2229	46006	484.0	405.0	0.0	1
2230	46022	475.0	410.0	0.0	1
2231	46040	464.0	413.0	0.0	1
2232	46057	440.0	416.0	0.0	1
2233	46074	432.0	417.0	0.0	1
2234	46091	422.0	415.0	0.0	1
2235	46108	414.0	410.0	0.0	1
2236	46124	407.0	404.0	0.0	1
2237	46141	399.0	393.0	0.0	1
2238	46158	393.0	382.0	0.0	1
2239	46173	391.0	379.0	0.0	1
2240	46190	389.0	375.0	0.0	1
2241	46207	388.0	374.0	0.0	1
2242	46225	387.0	374.0	0.0	1
2243	4624