1	1822	1.0	1.0	0.0	0
2	1843	1.0	1.0	0.0	0
3	1860	1.0	1.0	0.0	0
4	1876	1.0	1.0	0.0	0
5	1893	1.0	1.0	0.0	0
6	1910	1.0	1.0	0.0	0
7	1926	1.0	1.0	0.0	0
8	1943	1.0	1.0	0.0	0
9	1960	1.0	1.0	0.0	0
10	1976	1.0	1.0	0.0	0
11	1992	1.0	1.0	0.0	0
12	2009	1.0	1.0	0.0	0
13	2027	1.0	1.0	0.0	0
14	2043	1.0	1.0	0.0	0
15	2061	1.0	1.0	0.0	0
16	2077	1.0	1.0	0.0	0
17	2093	1.0	1.0	0.0	0
18	2109	1.0	1.0	0.0	0
19	2126	1.0	1.0	0.0	0
20	2144	1.0	1.0	0.0	0
21	2159	1.0	1.0	0.0	0
22	2176	1.0	1.0	0.0	0
23	2192	1.0	1.0	0.0	0
24	2209	1.0	1.0	0.0	0
25	2227	1.0	1.0	0.0	0
26	2244	1.0	1.0	0.0	0
27	2260	1.0	1.0	0.0	0
28	2276	1.0	1.0	0.0	0
29	2293	1.0	1.0	0.0	0
30	2310	1.0	1.0	0.0	0
31	2326	1.0	1.0	0.0	0
32	2343	1.0	1.0	0.0	0
33	2361	1.0	1.0	0.0	0
34	2376	1.0	1.0	0.0	0
35	2394	1.0	1.0	0.0	0
36	2410	1.0	1.0	0.0	0
37	2427	1.0	1.0	0.0	0
38	2443	1.0	1.0	0.0	0
39	2460	1.0	1.0	0.0	0
40	2476	1.0	1.0	0.0	0
41	2493	1.0	1.0	0.0	0
42	2510	1.0	1.0	0.0	0
43	2527	1.0	1.0	0.0	0
44	2543	1.0	1.0	0.0	0
45	2560	1.0	1.0	0.0	0
46	2577	1.0	1.0	0.0	0
47	2594	1.0	1.0	0.0	0
48	2610	1.0	1.0	0.0	0
49	2627	1.0	1.0	0.0	0
50	2643	1.0	1.0	0.0	0
51	2660	1.0	1.0	0.0	0
52	2676	1.0	1.0	0.0	0
53	2692	1.0	1.0	0.0	0
54	2710	1.0	1.0	0.0	0
55	2727	1.0	1.0	0.0	0
56	2745	1.0	1.0	0.0	0
57	2760	1.0	1.0	0.0	0
58	2776	1.0	1.0	0.0	0
59	2793	1.0	1.0	0.0	0
60	2810	1.0	1.0	0.0	0
61	2826	1.0	1.0	0.0	0
62	2843	1.0	1.0	0.0	0
63	2860	1.0	1.0	0.0	0
64	2876	1.0	1.0	0.0	0
65	2894	1.0	1.0	0.0	0
66	2909	1.0	1.0	0.0	0
67	2926	1.0	1.0	0.0	0
68	2944	1.0	1.0	0.0	0
69	2962	1.0	1.0	0.0	0
70	2977	1.0	1.0	0.0	0
71	2994	1.0	1.0	0.0	0
72	3010	1.0	1.0	0.0	0
73	3027	1.0	1.0	0.0	0
74	3043	1.0	1.0	0.0	0
75	3060	1.0	1.0	0.0	0
76	3077	1.0	1.0	0.0	0
77	3093	1.0	1.0	0.0	0
78	3110	1.0	1.0	0.0	0
79	3127	1.0	1.0	0.0	0
80	3143	1.0	1.0	0.0	0
81	3160	1.0	1.0	0.0	0
82	3177	1.0	1.0	0.0	0
83	3193	1.0	1.0	0.0	0
84	3210	1.0	1.0	0.0	0
85	3227	1.0	1.0	0.0	0
86	3245	1.0	1.0	0.0	0
87	3260	1.0	1.0	0.0	0
88	3277	1.0	1.0	0.0	0
89	3293	1.0	1.0	0.0	0
90	3310	1.0	1.0	0.0	0
91	3326	1.0	1.0	0.0	0
92	3343	1.0	1.0	0.0	0
93	3360	1.0	1.0	0.0	0
94	3376	1.0	1.0	0.0	0
95	3393	1.0	1.0	0.0	0
96	3410	1.0	1.0	0.0	0
97	3426	1.0	1.0	0.0	0
98	3443	1.0	1.0	0.0	0
99	3460	1.0	1.0	0.0	0
100	3477	1.0	1.0	0.0	0
101	3494	1.0	1.0	0.0	0
102	3511	1.0	1.0	0.0	0
103	3527	1.0	1.0	0.0	0
104	3543	1.0	1.0	0.0	0
105	3559	1.0	1.0	0.0	0
106	3577	1.0	1.0	0.0	0
107	3594	1.0	1.0	0.0	0
108	3610	1.0	1.0	0.0	0
109	3627	1.0	1.0	0.0	0
110	3644	1.0	1.0	0.0	0
111	3660	1.0	1.0	0.0	0
112	3677	1.0	1.0	0.0	0
113	3693	1.0	1.0	0.0	0
114	3711	1.0	1.0	0.0	0
115	3726	1.0	1.0	0.0	0
116	3744	1.0	1.0	0.0	0
117	3760	1.0	1.0	0.0	0
118	3777	1.0	1.0	0.0	0
119	3793	1.0	1.0	0.0	0
120	3810	1.0	1.0	0.0	0
121	3827	1.0	1.0	0.0	0
122	3843	1.0	1.0	0.0	0
123	3861	1.0	1.0	0.0	0
124	3877	1.0	1.0	0.0	0
125	3893	1.0	1.0	0.0	0
126	3910	1.0	1.0	0.0	0
127	3927	1.0	1.0	0.0	0
128	3943	1.0	1.0	0.0	0
129	3959	1.0	1.0	0.0	0
130	3976	1.0	1.0	0.0	0
131	3993	1.0	1.0	0.0	0
132	4010	1.0	1.0	0.0	0
133	4027	1.0	1.0	0.0	0
134	4043	1.0	1.0	0.0	0
135	4060	1.0	1.0	0.0	0
136	4077	1.0	1.0	0.0	0
137	4094	1.0	1.0	0.0	0
138	4111	1.0	1.0	0.0	0
139	4127	1.0	1.0	0.0	0
140	4143	1.0	1.0	0.0	0
141	4160	1.0	1.0	0.0	0
142	4176	1.0	1.0	0.0	0
143	4194	1.0	1.0	0.0	0
144	4211	1.0	1.0	0.0	0
145	4228	1.0	1.0	0.0	0
146	4244	1.0	1.0	0.0	1
147	4260	542.0	222.0	0.0	1
148	4277	542.0	222.0	0.0	1
149	4293	542.0	222.0	0.0	1
150	4310	542.0	222.0	0.0	1
151	4327	540.0	222.0	0.0	1
152	4343	539.0	222.0	0.0	1
153	4361	537.0	222.0	0.0	1
154	4377	534.0	222.0	0.0	1
155	4394	529.0	222.0	0.0	1
156	4410	525.0	224.0	0.0	1
157	4427	521.0	225.0	0.0	1
158	4443	516.0	228.0	0.0	1
159	4460	510.0	233.0	0.0	1
160	4477	504.0	235.0	0.0	1
161	4493	501.0	238.0	0.0	1
162	4510	496.0	241.0	0.0	1
163	4526	495.0	243.0	0.0	1
164	4544	493.0	244.0	0.0	1
165	4560	492.0	246.0	0.0	1
166	4577	490.0	248.0	0.0	1
167	4593	489.0	251.0	0.0	1
168	4610	487.0	254.0	0.0	1
169	4626	486.0	257.0	0.0	1
170	4644	485.0	261.0	0.0	1
171	4660	484.0	262.0	0.0	1
172	4677	483.0	265.0	0.0	1
173	4693	481.0	269.0	0.0	1
174	4709	480.0	272.0	0.0	1
175	4727	480.0	279.0	0.0	1
176	4743	480.0	286.0	0.0	1
177	4760	483.0	293.0	0.0	1
178	4776	484.0	296.0	0.0	1
179	4793	487.0	301.0	0.0	1
180	4810	490.0	304.0	0.0	1
181	4826	494.0	309.0	0.0	1
182	4844	500.0	316.0	0.0	1
183	4860	509.0	323.0	0.0	1
184	4877	526.0	333.0	0.0	1
185	4893	535.0	337.0	0.0	1
186	4911	546.0	340.0	0.0	1
187	4928	560.0	342.0	0.0	1
188	4944	575.0	343.0	0.0	1
189	4960	588.0	343.0	0.0	1
190	4977	600.0	343.0	0.0	1
191	4993	615.0	343.0	0.0	1
192	5010	630.0	343.0	0.0	1
193	5027	644.0	343.0	0.0	1
194	5043	660.0	336.0	0.0	1
195	5060	673.0	332.0	0.0	1
196	5077	688.0	324.0	0.0	1
197	5093	708.0	311.0	0.0	1
198	5110	722.0	301.0	0.0	1
199	5128	732.0	292.0	0.0	1
200	5143	739.0	283.0	0.0	1
201	5160	747.0	270.0	0.0	1
202	5177	751.0	261.0	0.0	1
203	5193	755.0	246.0	0.0	1
204	5210	759.0	226.0	0.0	1
205	5227	761.0	213.0	0.0	1
206	5243	762.0	198.0	0.0	1
207	5260	764.0	183.0	0.0	1
208	5277	765.0	173.0	0.0	1
209	5292	765.0	158.0	0.0	1
210	5311	765.0	149.0	0.0	1
211	5328	761.0	143.0	0.0	1
212	5343	757.0	132.0	0.0	1
213	5360	749.0	123.0	0.0	1
214	5376	743.0	116.0	0.0	1
215	5394	732.0	105.0	0.0	1
216	5410	721.0	98.0	0.0	1
217	5426	714.0	93.0	0.0	1
218	5443	707.0	88.0	0.0	1
219	5460	699.0	84.0	0.0	1
220	5478	689.0	80.0	0.0	1
221	5493	680.0	77.0	0.0	1
222	5510	669.0	75.0	0.0	1
223	5528	658.0	72.0	0.0	1
224	5543	651.0	71.0	0.0	1
225	5560	644.0	71.0	0.0	1
226	5577	636.0	70.0	0.0	1
227	5594	629.0	70.0	0.0	1
228	5610	617.0	70.0	0.0	1
229	5626	602.0	70.0	0.0	1
230	5644	584.0	71.0	0.0	1
231	5660	572.0	73.0	0.0	1
232	5677	556.0	78.0	0.0	1
233	5694	547.0	83.0	0.0	1
234	5710	536.0	87.0	0.0	1
235	5727	531.0	90.0	0.0	1
236	5742	524.0	94.0	0.0	1
237	5759	516.0	99.0	0.0	1
238	5777	508.0	104.0	0.0	1
239	5793	502.0	108.0	0.0	1
240	5810	493.0	116.0	0.0	1
241	5826	486.0	120.0	0.0	1
242	5843	480.0	125.0	0.0	1
243	5861	476.0	129.0	0.0	1
244	5877	473.0	132.0	0.0	1
245	5893	469.0	139.0	0.0	1
246	5910	466.0	142.0	0.0	1
247	5927	463.0	148.0	0.0	1
248	5943	461.0	153.0	0.0	1
249	5960	456.0	161.0	0.0	1
250	5976	452.0	166.0	0.0	1
251	5993	448.0	172.0	0.0	1
252	6011	445.0	176.0	0.0	1
253	6027	443.0	180.0	0.0	1
254	6044	441.0	184.0	0.0	1
255	6060	439.0	187.0	0.0	1
256	6077	438.0	188.0	0.0	1
257	6094	437.0	190.0	0.0	1
258	6110	434.0	195.0	0.0	1
259	6127	433.0	196.0	0.0	1
260	6143	433.0	197.0	0.0	1
261	6160	433.0	197.0	0.0	1
262	6176	433.0	197.0	0.0	1
263	6193	433.0	197.0	0.0	1
264	6210	433.0	197.0	0.0	0
265	6226	433.0	197.0	0.0	0
266	6244	433.0	197.0	0.0	0
267	6260	433.0	197.0	0.0	0
268	6277	433.0	197.0	0.0	0
269	6294	433.0	197.0	0.0	0
270	6310	433.0	197.0	0.0	0
271	6327	433.0	197.0	0.0	0
272	6344	433.0	197.0	0.0	0
273	6360	433.0	197.0	0.0	0
274	6377	433.0	197.0	0.0	0
275	6393	433.0	197.0	0.0	0
276	6410	433.0	197.0	0.0	0
277	6427	433.0	197.0	0.0	0
278	6443	433.0	197.0	0.0	0
279	6460	433.0	197.0	0.0	0
280	6477	433.0	197.0	0.0	0
281	6494	433.0	197.0	0.0	0
282	6511	433.0	197.0	0.0	0
283	6527	433.0	197.0	0.0	0
284	6543	433.0	197.0	0.0	0
285	6560	433.0	197.0	0.0	0
286	6577	433.0	197.0	0.0	0
287	6593	433.0	197.0	0.0	0
288	6609	433.0	197.0	0.0	0
289	6626	433.0	197.0	0.0	0
290	6643	433.0	197.0	0.0	0
291	6660	433.0	197.0	0.0	0
292	6677	433.0	197.0	0.0	0
293	6694	433.0	197.0	0.0	0
294	6709	433.0	197.0	0.0	0
295	6727	433.0	197.0	0.0	0
296	6743	433.0	197.0	0.0	0
297	6760	433.0	197.0	0.0	0
298	6778	433.0	197.0	0.0	0
299	6793	433.0	197.0	0.0	0
300	6810	433.0	197.0	0.0	0
301	6827	433.0	197.0	0.0	0
302	6844	433.0	197.0	0.0	0
303	6860	433.0	197.0	0.0	0
304	6877	433.0	197.0	0.0	0
305	6894	433.0	197.0	0.0	0
306	6910	433.0	197.0	0.0	0
307	6927	433.0	197.0	0.0	0
308	6944	433.0	197.0	0.0	0
309	6960	433.0	197.0	0.0	0
310	6977	433.0	197.0	0.0	0
311	6993	433.0	197.0	0.0	0
312	7010	433.0	197.0	0.0	0
313	7026	433.0	197.0	0.0	0
314	7043	433.0	197.0	0.0	0
315	7061	433.0	197.0	0.0	0
316	7076	433.0	197.0	0.0	0
317	7094	433.0	197.0	0.0	0
318	7109	433.0	197.0	0.0	0
319	7127	433.0	197.0	0.0	0
320	7144	433.0	197.0	0.0	0
321	7160	433.0	197.0	0.0	0
322	7177	433.0	197.0	0.0	0
323	7193	433.0	197.0	0.0	0
324	7209	433.0	197.0	0.0	0
325	7228	433.0	197.0	0.0	0
326	7243	433.0	197.0	0.0	0
327	7260	433.0	197.0	0.0	0
328	7278	433.0	197.0	0.0	0
329	7293	433.0	197.0	0.0	0
330	7310	433.0	197.0	0.0	0
331	7327	433.0	197.0	0.0	0
332	7343	433.0	197.0	0.0	0
333	7360	433.0	197.0	0.0	0
334	7376	433.0	197.0	0.0	0
335	7393	433.0	197.0	0.0	0
336	7410	433.0	197.0	0.0	0
337	7426	433.0	197.0	0.0	0
338	7443	433.0	197.0	0.0	0
339	7460	433.0	197.0	0.0	0
340	7477	433.0	197.0	0.0	0
341	7494	433.0	197.0	0.0	0
342	7510	433.0	197.0	0.0	0
343	7527	433.0	197.0	0.0	0
344	7543	433.0	197.0	0.0	0
345	7560	433.0	197.0	0.0	0
346	7576	433.0	197.0	0.0	0
347	7593	433.0	197.0	0.0	0
348	7610	433.0	197.0	0.0	0
349	7626	433.0	197.0	0.0	0
350	7643	433.0	197.0	0.0	0
351	7661	433.0	197.0	0.0	0
352	7677	433.0	197.0	0.0	0
353	7693	433.0	197.0	0.0	0
354	7710	433.0	197.0	0.0	0
355	7727	433.0	197.0	0.0	0
356	7744	433.0	197.0	0.0	0
357	7761	433.0	197.0	0.0	0
358	7777	433.0	197.0	0.0	0
359	7793	433.0	197.0	0.0	0
360	7810	433.0	197.0	0.0	0
361	7826	433.0	197.0	0.0	0
362	7842	433.0	197.0	0.0	0
363	7861	433.0	197.0	0.0	0
364	7877	433.0	197.0	0.0	0
365	7893	433.0	197.0	0.0	0
366	7909	433.0	197.0	0.0	0
367	7926	433.0	197.0	0.0	0
368	7943	433.0	197.0	0.0	0
369	7961	433.0	197.0	0.0	0
370	7977	433.0	197.0	0.0	0
371	7993	433.0	197.0	0.0	0
372	8011	433.0	197.0	0.0	0
373	8027	433.0	197.0	0.0	0
374	8042	433.0	197.0	0.0	0
375	8060	433.0	197.0	0.0	0
376	8077	433.0	197.0	0.0	0
377	8093	433.0	197.0	0.0	0
378	8109	433.0	197.0	0.0	0
379	8126	433.0	197.0	0.0	0
380	8143	433.0	197.0	0.0	0
381	8160	433.0	197.0	0.0	0
382	8177	433.0	197.0	0.0	0
383	8193	433.0	197.0	0.0	0
384	8210	433.0	197.0	0.0	0
385	8226	433.0	197.0	0.0	0
386	8243	433.0	197.0	0.0	0
387	8260	433.0	197.0	0.0	0
388	8277	433.0	197.0	0.0	0
389	8293	433.0	197.0	0.0	0
390	8310	433.0	197.0	0.0	0
391	8326	433.0	197.0	0.0	0
392	8343	433.0	197.0	0.0	0
393	8361	433.0	197.0	0.0	0
394	8389	433.0	197.0	0.0	0
395	8419	433.0	197.0	0.0	0
396	8448	433.0	197.0	0.0	0
397	8478	433.0	197.0	0.0	0
398	8507	433.0	197.0	0.0	0
399	8537	433.0	197.0	0.0	0
400	8567	433.0	197.0	0.0	0
401	8596	433.0	197.0	0.0	0
402	8625	433.0	197.0	0.0	0
403	8655	433.0	197.0	0.0	0
404	8686	433.0	197.0	0.0	0
405	8716	433.0	197.0	0.0	0
406	8748	433.0	197.0	0.0	0
407	8777	433.0	197.0	0.0	0
408	8806	433.0	197.0	0.0	0
409	8835	433.0	197.0	0.0	0
410	8864	433.0	197.0	0.0	0
411	8893	433.0	197.0	0.0	0
412	8922	433.0	197.0	0.0	0
413	8952	433.0	197.0	0.0	0
414	8980	433.0	197.0	0.0	0
415	9009	433.0	197.0	0.0	0
416	9039	433.0	197.0	0.0	0
417	9068	433.0	197.0	0.0	0
418	9096	433.0	197.0	0.0	0
419	9125	433.0	197.0	0.0	0
420	9154	433.0	197.0	0.0	0
421	9183	433.0	197.0	0.0	0
422	9213	433.0	197.0	0.0	0
423	9242	433.0	197.0	0.0	0
424	9271	433.0	197.0	0.0	0
425	9300	433.0	197.0	0.0	0
426	9330	433.0	197.0	0.0	0
427	9360	433.0	197.0	0.0	0
428	9390	433.0	197.0	0.0	0
429	9419	433.0	197.0	0.0	0
430	9448	433.0	197.0	0.0	0
431	9476	433.0	197.0	0.0	0
432	9505	433.0	197.0	0.0	0
433	9534	433.0	197.0	0.0	0
434	9563	433.0	197.0	0.0	0
435	9593	433.0	197.0	0.0	0
436	9622	433.0	197.0	0.0	0
437	9651	433.0	197.0	0.0	0
438	9681	433.0	197.0	0.0	0
439	9710	433.0	197.0	0.0	0
440	9739	433.0	197.0	0.0	0
441	9771	433.0	197.0	0.0	0
442	9801	433.0	197.0	0.0	0
443	9831	433.0	197.0	0.0	0
444	9859	433.0	197.0	0.0	0
445	9889	433.0	197.0	0.0	0
446	9918	433.0	197.0	0.0	0
447	9948	433.0	197.0	0.0	0
448	9977	433.0	197.0	0.0	0
449	10007	433.0	197.0	0.0	0
450	10036	433.0	197.0	0.0	0
451	10066	433.0	197.0	0.0	0
452	10095	433.0	197.0	0.0	0
453	10124	433.0	197.0	0.0	0
454	10153	433.0	197.0	0.0	0
455	10182	433.0	197.0	0.0	0
456	10211	433.0	197.0	0.0	1
457	10240	319.0	229.0	0.0	1
458	10269	319.0	230.0	0.0	1
459	10299	320.0	239.0	0.0	1
460	10328	319.0	246.0	0.0	1
461	10358	318.0	251.0	0.0	1
462	10387	318.0	257.0	0.0	1
463	10416	318.0	261.0	0.0	1
464	10446	319.0	268.0	0.0	1
465	10474	320.0	273.0	0.0	1
466	10504	323.0	277.0	0.0	1
467	10533	325.0	279.0	0.0	1
468	10562	335.0	290.0	0.0	1
469	10591	353.0	304.0	0.0	1
470	10621	367.0	313.0	0.0	1
471	10650	376.0	317.0	0.0	1
472	10679	381.0	320.0	0.0	1
473	10709	388.0	323.0	0.0	1
474	10738	406.0	328.0	0.0	1
475	10769	413.0	329.0	0.0	1
476	10798	418.0	330.0	0.0	1
477	10827	425.0	330.0	0.0	1
478	10856	436.0	329.0	0.0	1
479	10886	448.0	323.0	0.0	1
480	10916	460.0	318.0	0.0	1
481	10946	465.0	315.0	0.0	1
482	10974	471.0	311.0	0.0	1
483	11003	485.0	299.0	0.0	1
484	11033	494.0	292.0	0.0	1
485	11063	499.0	287.0	0.0	1
486	11092	506.0	279.0	0.0	1
487	11122	513.0	262.0	0.0	1
488	11152	516.0	250.0	0.0	1
489	11182	521.0	234.0	0.0	1
490	11212	522.0	223.0	0.0	1
491	11244	522.0	216.0	0.0	1
492	11274	522.0	207.0	0.0	1
493	11303	522.0	195.0	0.0	1
494	11333	517.0	178.0	0.0	1
495	11362	511.0	162.0	0.0	1
496	11392	506.0	153.0	0.0	1
497	11422	500.0	146.0	0.0	1
498	11452	492.0	138.0	0.0	1
499	11482	484.0	133.0	0.0	1
500	11512	475.0	130.0	0.0	1
501	11542	461.0	127.0	0.0	1
502	11571	437.0	124.0	0.0	1
503	11600	413.0	120.0	0.0	1
504	11630	401.0	119.0	0.0	1
505	11659	394.0	119.0	0.0	1
506	11689	380.0	119.0	0.0	1
507	11717	357.0	119.0	0.0	1
508	11747	341.0	121.0	0.0	1
509	11776	335.0	124.0	0.0	1
510	11805	326.0	127.0	0.0	1
511	11835	319.0	131.0	0.0	1
512	11864	311.0	137.0	0.0	1
513	11893	301.0	145.0	0.0	1
514	11924	294.0	151.0	0.0	1
515	11953	289.0	157.0	0.0	1
516	11982	281.0	167.0	0.0	1
517	12012	274.0	176.0	0.0	1
518	12042	271.0	182.0	0.0	1
519	12071	266.0	192.0	0.0	1
520	12099	261.0	207.0	0.0	1
521	12129	258.0	216.0	0.0	1
522	12158	255.0	228.0	0.0	1
523	12188	254.0	239.0	0.0	1
524	12217	253.0	243.0	0.0	1
525	12247	253.0	253.0	0.0	1
526	12276	253.0	261.0	0.0	1
527	12304	256.0	269.0	0.0	1
528	12334	260.0	280.0	0.0	1
529	12362	267.0	292.0	0.0	1
530	12392	271.0	299.0	0.0	1
531	12422	278.0	313.0	0.0	1
532	12451	286.0	324.0	0.0	1
533	12480	297.0	336.0	0.0	1
534	12509	306.0	344.0	0.0	1
535	12538	314.0	351.0	0.0	1
536	12567	323.0	357.0	0.0	1
537	12597	338.0	367.0	0.0	1
538	12626	346.0	371.0	0.0	1
539	12655	350.0	372.0	0.0	1
540	12684	361.0	375.0	0.0	1
541	12714	371.0	376.0	0.0	1
542	12743	388.0	378.0	0.0	1
543	12773	399.0	379.0	0.0	1
544	12802	402.0	380.0	0.0	1
545	12832	403.0	380.0	0.0	1
546	12860	403.0	380.0	0.0	1
547	12889	403.0	380.0	0.0	1
548	12919	403.0	380.0	0.0	1
549	12948	403.0	380.0	0.0	1
550	12977	403.0	380.0	0.0	1
551	13007	403.0	380.0	0.0	1
552	13036	403.0	380.0	0.0	1
553	13065	403.0	380.0	0.0	1
554	13095	403.0	380.0	0.0	1
555	13124	403.0	380.0	0.0	1
556	13153	403.0	380.0	0.0	1
557	13183	403.0	380.0	0.0	0
558	13211	403.0	380.0	0.0	0
559	13240	403.0	380.0	0.0	0
560	13270	403.0	380.0	0.0	0
561	13300	403.0	380.0	0.0	0
562	13329	403.0	380.0	0.0	0
563	13357	403.0	380.0	0.0	0
564	13386	403.0	380.0	0.0	0
565	13415	403.0	380.0	0.0	0
566	13445	403.0	380.0	0.0	0
567	13474	403.0	380.0	0.0	0
568	13503	403.0	380.0	0.0	0
569	13533	403.0	380.0	0.0	0
570	13562	403.0	380.0	0.0	0
571	13590	403.0	380.0	0.0	0
572	13619	403.0	380.0	0.0	0
573	13649	403.0	380.0	0.0	0
574	13679	403.0	380.0	0.0	0
575	13708	403.0	380.0	0.0	0
576	13738	403.0	380.0	0.0	0
577	13769	403.0	380.0	0.0	0
578	13799	403.0	380.0	0.0	0
579	13828	403.0	380.0	0.0	0
580	13857	403.0	380.0	0.0	0
581	13886	403.0	380.0	0.0	0
582	13916	403.0	380.0	0.0	0
583	13945	403.0	380.0	0.0	0
584	13973	403.0	380.0	0.0	0
585	14002	403.0	380.0	0.0	0
586	14031	403.0	380.0	0.0	0
587	14060	403.0	380.0	0.0	0
588	14090	403.0	380.0	0.0	0
589	14119	403.0	380.0	0.0	0
590	14148	403.0	380.0	0.0	0
591	14177	403.0	380.0	0.0	0
592	14206	403.0	380.0	0.0	0
593	14236	403.0	380.0	0.0	0
594	14266	403.0	380.0	0.0	0
595	14295	403.0	380.0	0.0	0
596	14324	403.0	380.0	0.0	0
597	14352	403.0	380.0	0.0	0
598	14381	403.0	380.0	0.0	0
599	14410	403.0	380.0	0.0	0
600	14439	403.0	380.0	0.0	0
601	14469	403.0	380.0	0.0	0
602	14498	403.0	380.0	0.0	0
603	14527	403.0	380.0	0.0	0
604	14557	403.0	380.0	0.0	0
605	14586	403.0	380.0	0.0	0
606	14615	403.0	380.0	0.0	0
607	14645	403.0	380.0	0.0	0
608	14674	403.0	380.0	0.0	0
609	14702	403.0	380.0	0.0	0
610	14731	403.0	380.0	0.0	0
611	14761	403.0	380.0	0.0	0
612	14790	403.0	380.0	0.0	0
613	14820	403.0	380.0	0.0	0
614	14849	403.0	380.0	0.0	0
615	14878	403.0	380.0	0.0	0
616	14907	403.0	380.0	0.0	0
617	14937	403.0	380.0	0.0	0
618	14966	403.0	380.0	0.0	0
619	14995	403.0	380.0	0.0	0
620	15024	403.0	380.0	0.0	0
621	15053	403.0	380.0	0.0	0
622	15081	403.0	380.0	0.0	0
623	15111	403.0	380.0	0.0	0
624	15140	403.0	380.0	0.0	0
625	15170	403.0	380.0	0.0	0
626	15199	403.0	380.0	0.0	0
627	15229	403.0	380.0	0.0	0
628	15258	403.0	380.0	0.0	0
629	15287	403.0	380.0	0.0	0
630	15316	403.0	380.0	0.0	0
631	15346	403.0	380.0	0.0	0
632	15375	403.0	380.0	0.0	0
633	15404	403.0	380.0	0.0	0
634	15433	403.0	380.0	0.0	0
635	15461	403.0	380.0	0.0	0
636	15491	403.0	380.0	0.0	0
637	15521	403.0	380.0	0.0	0
638	15551	403.0	380.0	0.0	0
639	15581	403.0	380.0	0.0	1
640	15611	423.0	119.0	0.0	1
641	15640	421.0	121.0	0.0	1
642	15670	415.0	124.0	0.0	1
643	15699	406.0	132.0	0.0	1
644	15728	399.0	138.0	0.0	1
645	15758	390.0	150.0	0.0	1
646	15788	386.0	157.0	0.0	1
647	15817	383.0	163.0	0.0	1
648	15845	380.0	174.0	0.0	1
649	15874	378.0	188.0	0.0	1
650	15904	377.0	195.0	0.0	1
651	15933	378.0	208.0	0.0	1
652	15962	383.0	218.0	0.0	1
653	15992	388.0	231.0	0.0	1
654	16021	399.0	248.0	0.0	1
655	16050	413.0	266.0	0.0	1
656	16080	423.0	274.0	0.0	1
657	16111	432.0	281.0	0.0	1
658	16141	444.0	285.0	0.0	1
659	16170	463.0	289.0	0.0	1
660	16199	480.0	291.0	0.0	1
661	16228	491.0	292.0	0.0	1
662	16260	503.0	289.0	0.0	1
663	16289	511.0	281.0	0.0	1
664	16319	517.0	275.0	0.0	1
665	16348	523.0	267.0	0.0	1
666	16377	525.0	262.0	0.0	1
667	16406	526.0	259.0	0.0	1
668	16436	530.0	248.0	0.0	1
669	16465	531.0	238.0	0.0	1
670	16494	531.0	214.0	0.0	1
671	16524	526.0	196.0	0.0	1
672	16555	521.0	182.0	0.0	1
673	16583	510.0	162.0	0.0	1
674	16613	500.0	144.0	0.0	1
675	16642	493.0	137.0	0.0	1
676	16671	484.0	130.0	0.0	1
677	16701	465.0	118.0	0.0	1
678	16730	445.0	108.0	0.0	1
679	16760	437.0	104.0	0.0	1
680	16789	432.0	102.0	0.0	1
681	16818	427.0	101.0	0.0	1
682	16847	419.0	101.0	0.0	1
683	16876	404.0	99.0	0.0	1
684	16905	394.0	98.0	0.0	1
685	16935	380.0	98.0	0.0	1
686	16964	366.0	98.0	0.0	1
687	16993	362.0	98.0	0.0	1
688	17023	358.0	98.0	0.0	1
689	17052	349.0	100.0	0.0	1
690	17082	339.0	104.0	0.0	1
691	17111	331.0	108.0	0.0	1
692	17140	314.0	116.0	0.0	1
693	17170	303.0	123.0	0.0	1
694	17200	299.0	125.0	0.0	1
695	17230	296.0	129.0	0.0	1
696	17260	292.0	137.0	0.0	1
697	17289	291.0	145.0	0.0	1
698	17318	288.0	153.0	0.0	1
699	17347	287.0	157.0	0.0	1
700	17376	287.0	158.0	0.0	1
701	17405	287.0	158.0	0.0	0
702	17434	287.0	158.0	0.0	0
703	17464	287.0	158.0	0.0	0
704	17493	287.0	158.0	0.0	0
705	17522	287.0	158.0	0.0	0
706	17551	287.0	158.0	0.0	0
707	17581	287.0	158.0	0.0	0
708	17611	287.0	158.0	0.0	0
709	17640	287.0	158.0	0.0	0
710	17669	287.0	158.0	0.0	0
711	17698	287.0	158.0	0.0	0
712	17728	287.0	158.0	0.0	0
713	17757	287.0	158.0	0.0	0
714	17786	287.0	158.0	0.0	0
715	17816	287.0	158.0	0.0	0
716	17844	287.0	158.0	0.0	0
717	17873	287.0	158.0	0.0	0
718	17903	287.0	158.0	0.0	0
719	17932	287.0	158.0	0.0	0
720	17963	287.0	158.0	0.0	0
721	17992	287.0	158.0	0.0	0
722	18022	287.0	158.0	0.0	0
723	18051	287.0	158.0	0.0	0
724	18079	287.0	158.0	0.0	0
725	18108	287.0	158.0	0.0	0
726	18138	287.0	158.0	0.0	0
727	18167	287.0	158.0	0.0	0
728	18196	287.0	158.0	0.0	0
729	18225	287.0	158.0	0.0	0
730	18254	287.0	158.0	0.0	0
731	18283	287.0	158.0	0.0	0
732	18333	287.0	158.0	0.0	0
733	18364	287.0	158.0	0.0	0
734	18381	287.0	158.0	0.0	0
735	18398	287.0	158.0	0.0	0
736	18415	287.0	158.0	0.0	0
737	18431	287.0	158.0	0.0	0
738	18448	287.0	158.0	0.0	0
739	18465	287.0	158.0	0.0	0
740	18481	287.0	158.0	0.0	0
741	18498	287.0	158.0	0.0	0
742	18515	287.0	158.0	0.0	0
743	18531	287.0	158.0	0.0	0
744	18547	287.0	158.0	0.0	0
745	18564	287.0	158.0	0.0	0
746	18582	287.0	158.0	0.0	0
747	18598	287.0	158.0	0.0	0
748	18615	287.0	158.0	0.0	0
749	18631	287.0	158.0	0.0	0
750	18648	287.0	158.0	0.0	0
751	18665	287.0	158.0	0.0	0
752	18681	287.0	158.0	0.0	0
753	18697	287.0	158.0	0.0	0
754	18715	287.0	158.0	0.0	0
755	18730	287.0	158.0	0.0	0
756	18747	287.0	158.0	0.0	0
757	18764	287.0	158.0	0.0	0
758	18780	287.0	158.0	0.0	0
759	18797	287.0	158.0	0.0	0
760	18814	287.0	158.0	0.0	0
761	18831	287.0	158.0	0.0	0
762	18847	287.0	158.0	0.0	0
763	18864	287.0	158.0	0.0	0
764	18881	287.0	158.0	0.0	0
765	18899	287.0	158.0	0.0	0
766	18914	287.0	158.0	0.0	0
767	18932	287.0	158.0	0.0	0
768	18948	287.0	158.0	0.0	0
769	18964	287.0	158.0	0.0	0
770	18981	287.0	158.0	0.0	0
771	18997	287.0	158.0	0.0	0
772	19014	287.0	158.0	0.0	0
773	19031	287.0	158.0	0.0	0
774	19048	287.0	158.0	0.0	0
775	19065	287.0	158.0	0.0	0
776	19081	287.0	158.0	0.0	0
777	19098	287.0	158.0	0.0	0
778	19115	287.0	158.0	0.0	0
779	19132	287.0	158.0	0.0	0
780	19149	287.0	158.0	0.0	0
781	19164	287.0	158.0	0.0	0
782	19181	287.0	158.0	0.0	0
783	19198	287.0	158.0	0.0	0
784	19215	287.0	158.0	0.0	0
785	19231	287.0	158.0	0.0	0
786	19247	287.0	158.0	0.0	0
787	19265	287.0	158.0	0.0	0
788	19281	287.0	158.0	0.0	0
789	19298	287.0	158.0	0.0	0
790	19314	287.0	158.0	0.0	0
791	19331	287.0	158.0	0.0	0
792	19347	287.0	158.0	0.0	0
793	19363	287.0	158.0	0.0	0
794	19381	287.0	158.0	0.0	0
795	19397	287.0	158.0	0.0	0
796	19415	287.0	158.0	0.0	0
797	19431	287.0	158.0	0.0	0
798	19448	287.0	158.0	0.0	0
799	19465	287.0	158.0	0.0	0
800	19481	287.0	158.0	0.0	0
801	19498	287.0	158.0	0.0	0
802	19514	287.0	158.0	0.0	0
803	19531	287.0	158.0	0.0	0
804	19547	287.0	158.0	0.0	0
805	19564	287.0	158.0	0.0	0
806	19582	287.0	158.0	0.0	0
807	19598	287.0	158.0	0.0	0
808	19615	287.0	158.0	0.0	0
809	19631	287.0	158.0	0.0	0
810	19648	287.0	158.0	0.0	0
811	19664	287.0	158.0	0.0	0
812	19681	287.0	158.0	0.0	0
813	19698	287.0	158.0	0.0	0
814	19715	287.0	158.0	0.0	0
815	19731	287.0	158.0	0.0	0
816	19747	287.0	158.0	0.0	0
817	19764	287.0	158.0	0.0	0
818	19780	287.0	158.0	0.0	0
819	19798	287.0	158.0	0.0	0
820	19815	287.0	158.0	0.0	0
821	19831	287.0	158.0	0.0	0
822	19848	287.0	158.0	0.0	0
823	19865	287.0	158.0	0.0	0
824	19881	287.0	158.0	0.0	0
825	19897	287.0	158.0	0.0	0
826	19914	287.0	158.0	0.0	0
827	19931	287.0	158.0	0.0	0
828	19947	287.0	158.0	0.0	0
829	19964	287.0	158.0	0.0	0
830	19980	287.0	158.0	0.0	0
831	19997	287.0	158.0	0.0	0
832	20014	287.0	158.0	0.0	0
833	20031	287.0	158.0	0.0	0
834	20048	287.0	158.0	0.0	0
835	20065	287.0	158.0	0.0	0
836	20081	287.0	158.0	0.0	0
837	20097	287.0	158.0	0.0	0
838	20114	287.0	158.0	0.0	0
839	20131	287.0	158.0	0.0	0
840	20148	287.0	158.0	0.0	0
841	20165	287.0	158.0	0.0	0
842	20181	287.0	158.0	0.0	0
843	20198	287.0	158.0	0.0	0
844	20215	287.0	158.0	0.0	0
845	20231	287.0	158.0	0.0	0
846	20248	287.0	158.0	0.0	0
847	20264	287.0	158.0	0.0	0
848	20281	287.0	158.0	0.0	0
849	20298	287.0	158.0	0.0	0
850	20322	287.0	158.0	0.0	0
851	20348	287.0	158.0	0.0	0
852	20373	287.0	158.0	0.0	0
853	20400	287.0	158.0	0.0	0
854	20427	287.0	158.0	0.0	0
855	20453	287.0	158.0	0.0	0
856	20481	287.0	158.0	0.0	0
857	20508	287.0	158.0	0.0	0
858	20534	287.0	158.0	0.0	0
859	20562	287.0	158.0	0.0	0
860	20590	287.0	158.0	0.0	0
861	20617	287.0	158.0	0.0	0
862	20644	287.0	158.0	0.0	0
863	20671	287.0	158.0	0.0	0
864	20699	287.0	158.0	0.0	0
865	20726	287.0	158.0	0.0	0
866	20753	287.0	158.0	0.0	0
867	20781	287.0	158.0	0.0	0
868	20809	287.0	158.0	0.0	0
869	20836	287.0	158.0	0.0	0
870	20864	287.0	158.0	0.0	0
871	20891	287.0	158.0	0.0	0
872	20920	287.0	158.0	0.0	0
873	20947	287.0	158.0	0.0	0
874	20976	287.0	158.0	0.0	0
875	21005	287.0	158.0	0.0	0
876	21033	287.0	158.0	0.0	0
877	21061	287.0	158.0	0.0	0
878	21089	287.0	158.0	0.0	0
879	21120	287.0	158.0	0.0	0
880	21148	287.0	158.0	0.0	0
881	21176	287.0	158.0	0.0	0
882	21204	287.0	158.0	0.0	0
883	21232	287.0	158.0	0.0	0
884	21261	287.0	158.0	0.0	0
885	21291	287.0	158.0	0.0	0
886	21320	287.0	158.0	0.0	0
887	21350	287.0	158.0	0.0	0
888	21379	287.0	158.0	0.0	0
889	21408	287.0	158.0	0.0	0
890	21437	287.0	158.0	0.0	0
891	21467	287.0	158.0	0.0	0
892	21497	287.0	158.0	0.0	0
893	21526	287.0	158.0	0.0	0
894	21556	287.0	158.0	0.0	0
895	21587	287.0	158.0	0.0	0
896	21616	287.0	158.0	0.0	0
897	21644	287.0	158.0	0.0	0
898	21673	287.0	158.0	0.0	0
899	21702	287.0	158.0	0.0	0
900	21731	287.0	158.0	0.0	0
901	21761	287.0	158.0	0.0	0
902	21790	287.0	158.0	0.0	0
903	21819	287.0	158.0	0.0	0
904	21849	287.0	158.0	0.0	0
905	21877	287.0	158.0	0.0	0
906	21906	287.0	158.0	0.0	0
907	21935	287.0	158.0	0.0	0
908	21965	287.0	158.0	0.0	0
909	21994	287.0	158.0	0.0	0
910	22022	287.0	158.0	0.0	0
911	22048	287.0	158.0	0.0	0
912	22073	287.0	158.0	0.0	0
913	22095	287.0	158.0	0.0	0
914	22117	287.0	158.0	0.0	0
915	22139	287.0	158.0	0.0	0
916	22161	287.0	158.0	0.0	0
917	22182	287.0	158.0	0.0	0
918	22204	287.0	158.0	0.0	0
919	22225	287.0	158.0	0.0	0
920	22246	287.0	158.0	0.0	0
921	22267	287.0	158.0	0.0	0
922	22288	287.0	158.0	0.0	0
923	22310	287.0	158.0	0.0	0
924	22331	287.0	158.0	0.0	0
925	22352	287.0	158.0	0.0	0
926	22372	287.0	158.0	0.0	0
927	22391	287.0	158.0	0.0	0
928	22409	287.0	158.0	0.0	0
929	22427	287.0	158.0	0.0	0
930	22445	287.0	158.0	0.0	0
931	22462	287.0	158.0	0.0	0
932	22478	287.0	158.0	0.0	0
933	22495	287.0	158.0	0.0	0
934	22512	287.0	158.0	0.0	0
935	22529	287.0	158.0	0.0	0
936	22546	287.0	158.0	0.0	0
937	22562	287.0	158.0	0.0	0
938	22580	287.0	158.0	0.0	0
939	22595	287.0	158.0	0.0	0
940	22612	287.0	158.0	0.0	0
941	22629	287.0	158.0	0.0	0
942	22645	287.0	158.0	0.0	0
943	22663	287.0	158.0	0.0	0
944	22680	287.0	158.0	0.0	0
945	22695	287.0	158.0	0.0	0
946	22713	287.0	158.0	0.0	0
947	22729	287.0	158.0	0.0	0
948	22745	287.0	158.0	0.0	0
949	22763	287.0	158.0	0.0	0
950	22778	287.0	158.0	0.0	0
951	22795	287.0	158.0	0.0	0
952	22813	287.0	158.0	0.0	0
953	22831	287.0	158.0	0.0	0
954	22851	287.0	158.0	0.0	0
955	22874	287.0	158.0	0.0	0
956	22898	287.0	158.0	0.0	0
957	22925	287.0	158.0	0.0	0
958	22955	287.0	158.0	0.0	0
959	22984	287.0	158.0	0.0	0
960	23013	287.0	158.0	0.0	0
961	23043	287.0	158.0	0.0	0
962	23073	287.0	158.0	0.0	0
963	23102	287.0	158.0	0.0	0
964	23130	287.0	158.0	0.0	0
965	23160	287.0	158.0	0.0	0
966	23189	287.0	158.0	0.0	0
967	23218	287.0	158.0	0.0	0
968	23246	287.0	158.0	0.0	0
969	23276	287.0	158.0	0.0	0
970	23305	287.0	158.0	0.0	0
971	23334	287.0	158.0	0.0	0
972	23363	287.0	158.0	0.0	0
973	23393	287.0	158.0	0.0	0
974	23422	287.0	158.0	0.0	0
975	23451	287.0	158.0	0.0	0
976	23480	287.0	158.0	0.0	0
977	23508	287.0	158.0	0.0	0
978	23537	287.0	158.0	0.0	0
979	23567	287.0	158.0	0.0	0
980	23595	287.0	158.0	0.0	0
981	23625	287.0	158.0	0.0	0
982	23653	287.0	158.0	0.0	0
983	23682	287.0	158.0	0.0	0
984	23712	287.0	158.0	0.0	0
985	23741	287.0	158.0	0.0	0
986	23773	287.0	158.0	0.0	0
987	23802	287.0	158.0	0.0	0
988	23832	287.0	158.0	0.0	0
989	23862	287.0	158.0	0.0	0
990	23890	287.0	158.0	0.0	0
991	23919	287.0	158.0	0.0	0
992	23948	287.0	158.0	0.0	0
993	23978	287.0	158.0	0.0	0
994	24007	287.0	158.0	0.0	0
995	24036	287.0	158.0	0.0	0
996	24065	287.0	158.0	0.0	0
997	24095	287.0	158.0	0.0	0
998	24124	287.0	158.0	0.0	0
999	24153	287.0	158.0	0.0	0
1000	24183	287.0	158.0	0.0	0
1001	24212	287.0	158.0	0.0	0
1002	24240	287.0	158.0	0.0	0
1003	24269	287.0	158.0	0.0	0
1004	24299	287.0	158.0	0.0	1
1005	24328	398.0	206.0	0.0	1
1006	24357	398.0	206.0	0.0	1
1007	24386	394.0	208.0	0.0	1
1008	24415	384.0	215.0	0.0	1
1009	24445	365.0	227.0	0.0	1
1010	24474	353.0	236.0	0.0	1
1011	24502	345.0	246.0	0.0	1
1012	24532	344.0	250.0	0.0	1
1013	24562	343.0	256.0	0.0	1
1014	24591	343.0	267.0	0.0	1
1015	24619	343.0	284.0	0.0	1
1016	24648	348.0	294.0	0.0	1
1017	24678	361.0	309.0	0.0	1
1018	24707	372.0	316.0	0.0	1
1019	24737	388.0	322.0	0.0	1
1020	24767	424.0	334.0	0.0	1
1021	24796	460.0	336.0	0.0	1
1022	24826	484.0	337.0	0.0	1
1023	24855	506.0	331.0	0.0	1
1024	24884	520.0	316.0	0.0	1
1025	24913	529.0	301.0	0.0	1
1026	24943	540.0	271.0	0.0	1
1027	24973	542.0	242.0	0.0	1
1028	25002	542.0	222.0	0.0	1
1029	25031	531.0	199.0	0.0	1
1030	25061	527.0	195.0	0.0	1
1031	25090	525.0	194.0	0.0	1
1032	25119	524.0	193.0	0.0	1
1033	25148	522.0	193.0	0.0	1
1034	25178	517.0	193.0	0.0	0
1035	25207	517.0	193.0	0.0	0
1036	25236	517.0	193.0	0.0	0
1037	25266	517.0	193.0	0.0	0
1038	25295	517.0	193.0	0.0	0
1039	25325	517.0	193.0	0.0	0
1040	25354	517.0	193.0	0.0	0
1041	25383	517.0	193.0	0.0	0
1042	25411	517.0	193.0	0.0	0
1043	25441	517.0	193.0	0.0	0
1044	25469	517.0	193.0	0.0	0
1045	25499	517.0	193.0	0.0	0
1046	25529	517.0	193.0	0.0	0
1047	25558	517.0	193.0	0.0	0
1048	25587	517.0	193.0	0.0	0
1049	25616	517.0	193.0	0.0	0
1050	25646	517.0	193.0	0.0	0
1051	25676	517.0	193.0	0.0	0
1052	25706	517.0	193.0	0.0	0
1053	25734	517.0	193.0	0.0	0
1054	25765	517.0	193.0	0.0	0
1055	25794	517.0	193.0	0.0	0
1056	25822	517.0	193.0	0.0	0
1057	25852	517.0	193.0	0.0	0
1058	25882	517.0	193.0	0.0	0
1059	25911	517.0	193.0	0.0	0
1060	25940	517.0	193.0	0.0	0
1061	25969	517.0	193.0	0.0	0
1062	25999	517.0	193.0	0.0	0
1063	26028	517.0	193.0	0.0	0
1064	26058	517.0	193.0	0.0	0
1065	26087	517.0	193.0	0.0	0
1066	26116	517.0	193.0	0.0	0
1067	26147	517.0	193.0	0.0	0
1068	26176	517.0	193.0	0.0	0
1069	26206	517.0	193.0	0.0	0
1070	26235	517.0	193.0	0.0	0
1071	26264	517.0	193.0	0.0	0
1072	26298	517.0	193.0	0.0	0
1073	26327	517.0	193.0	0.0	0
1074	26356	517.0	193.0	0.0	0
1075	26385	517.0	193.0	0.0	0
1076	26414	517.0	193.0	0.0	0
1077	26444	517.0	193.0	0.0	0
1078	26472	517.0	193.0	0.0	0
1079	26500	517.0	193.0	0.0	0
1080	26528	517.0	193.0	0.0	0
1081	26557	517.0	193.0	0.0	0
1082	26586	517.0	193.0	0.0	0
1083	26614	517.0	193.0	0.0	0
1084	26643	517.0	193.0	0.0	0
1085	26671	517.0	193.0	0.0	0
1086	26699	517.0	193.0	0.0	0
1087	26727	517.0	193.0	0.0	0
1088	26756	517.0	193.0	0.0	0
1089	26784	517.0	193.0	0.0	0
1090	26813	517.0	193.0	0.0	0
1091	26841	517.0	193.0	0.0	0
1092	26868	517.0	193.0	0.0	0
1093	26897	517.0	193.0	0.0	0
1094	26925	517.0	193.0	0.0	0
1095	26954	517.0	193.0	0.0	0
1096	26983	517.0	193.0	0.0	0
1097	27012	517.0	193.0	0.0	0
1098	27040	517.0	193.0	0.0	0
1099	27068	517.0	193.0	0.0	0
1100	27096	517.0	193.0	0.0	0
1101	27124	517.0	193.0	0.0	0
1102	27153	517.0	193.0	0.0	1
1103	27181	448.0	130.0	0.0	1
1104	27209	448.0	130.0	0.0	1
1105	27237	447.0	130.0	0.0	1
1106	27265	440.0	139.0	0.0	1
1107	27293	434.0	148.0	0.0	1
1108	27321	431.0	158.0	0.0	1
1109	27349	429.0	162.0	0.0	1
1110	27378	428.0	169.0	0.0	1
1111	27406	428.0	172.0	0.0	1
1112	27434	428.0	183.0	0.0	1
1113	27463	428.0	189.0	0.0	1
1114	27492	435.0	201.0	0.0	1
1115	27520	437.0	204.0	0.0	1
1116	27548	446.0	211.0	0.0	1
1117	27576	461.0	217.0	0.0	1
1118	27605	481.0	225.0	0.0	1
1119	27633	489.0	227.0	0.0	1
1120	27661	493.0	228.0	0.0	1
1121	27690	510.0	231.0	0.0	1
1122	27718	519.0	232.0	0.0	1
1123	27746	527.0	233.0	0.0	1
1124	27775	533.0	233.0	0.0	1
1125	27804	541.0	233.0	0.0	1
1126	27832	548.0	233.0	0.0	1
1127	27861	561.0	230.0	0.0	1
1128	27891	569.0	226.0	0.0	1
1129	27918	573.0	222.0	0.0	1
1130	27947	575.0	212.0	0.0	1
1131	27975	579.0	200.0	0.0	1
1132	28003	580.0	181.0	0.0	1
1133	28032	581.0	173.0	0.0	1
1134	28059	580.0	163.0	0.0	1
1135	28088	575.0	154.0	0.0	1
1136	28116	569.0	144.0	0.0	1
1137	28146	565.0	139.0	0.0	1
1138	28173	560.0	134.0	0.0	1
1139	28202	550.0	125.0	0.0	1
1140	28231	540.0	119.0	0.0	1
1141	28259	532.0	115.0	0.0	1
1142	28287	528.0	113.0	0.0	1
1143	28316	521.0	111.0	0.0	1
1144	28344	514.0	108.0	0.0	1
1145	28372	510.0	107.0	0.0	1
1146	28400	509.0	107.0	0.0	1
1147	28428	505.0	107.0	0.0	1
1148	28456	500.0	107.0	0.0	1
1149	28484	498.0	107.0	0.0	1
1150	28513	497.0	107.0	0.0	1
1151	28541	497.0	107.0	0.0	1
1152	28569	497.0	107.0	0.0	1
1153	28598	496.0	107.0	0.0	1
1154	28626	496.0	107.0	0.0	1
1155	28655	496.0	107.0	0.0	1
1156	28684	496.0	107.0	0.0	1
1157	28712	496.0	107.0	0.0	1
1158	28741	496.0	107.0	0.0	1
1159	28770	496.0	107.0	0.0	1
1160	28798	496.0	107.0	0.0	0
1161	28827	496.0	107.0	0.0	0
1162	28855	496.0	107.0	0.0	0
1163	28883	496.0	107.0	0.0	0
1164	28912	496.0	107.0	0.0	0
1165	28940	496.0	107.0	0.0	0
1166	28969	496.0	107.0	0.0	0
1167	28997	496.0	107.0	0.0	0
1168	29026	496.0	107.0	0.0	0
1169	29054	496.0	107.0	0.0	0
1170	29083	496.0	107.0	0.0	0
1171	29111	496.0	107.0	0.0	0
1172	29138	496.0	107.0	0.0	0
1173	29166	496.0	107.0	0.0	0
1174	29195	496.0	107.0	0.0	0
1175	29224	496.0	107.0	0.0	0
1176	29252	496.0	107.0	0.0	0
1177	29280	496.0	107.0	0.0	0
1178	29309	496.0	107.0	0.0	0
1179	29337	496.0	107.0	0.0	0
1180	29365	496.0	107.0	0.0	0
1181	29394	496.0	107.0	0.0	0
1182	29422	496.0	107.0	0.0	0
1183	29451	496.0	107.0	0.0	0
1184	29479	496.0	107.0	0.0	0
1185	29507	496.0	107.0	0.0	0
1186	29534	496.0	107.0	0.0	0
1187	29563	496.0	107.0	0.0	0
1188	29591	496.0	107.0	0.0	0
1189	29619	496.0	107.0	0.0	0
1190	29649	496.0	107.0	0.0	0
1191	29677	496.0	107.0	0.0	0
1192	29706	496.0	107.0	0.0	0
1193	29734	496.0	107.0	0.0	0
1194	29764	496.0	107.0	0.0	0
1195	29792	496.0	107.0	0.0	0
1196	29821	496.0	107.0	0.0	0
1197	29849	496.0	107.0	0.0	0
1198	29877	496.0	107.0	0.0	0
1199	29905	496.0	107.0	0.0	0
1200	29933	496.0	107.0	0.0	0
1201	29961	496.0	107.0	0.0	0
1202	29989	496.0	107.0	0.0	0
1203	30017	496.0	107.0	0.0	0
1204	30045	496.0	107.0	0.0	0
1205	30073	496.0	107.0	0.0	0
1206	30101	496.0	107.0	0.0	0
1207	30130	496.0	107.0	0.0	0
1208	30158	496.0	107.0	0.0	0
1209	30186	496.0	107.0	0.0	0
1210	30214	496.0	107.0	0.0	0
1211	30242	496.0	107.0	0.0	0
1212	30269	496.0	107.0	0.0	0
1213	30298	496.0	107.0	0.0	0
1214	30326	496.0	107.0	0.0	0
1215	30354	496.0	107.0	0.0	0
1216	30382	496.0	107.0	0.0	0
1217	30411	496.0	107.0	0.0	0
1218	30439	496.0	107.0	0.0	0
1219	30468	496.0	107.0	0.0	0
1220	30496	496.0	107.0	0.0	0
1221	30525	496.0	107.0	0.0	0
1222	30553	496.0	107.0	0.0	0
1223	30582	496.0	107.0	0.0	0
1224	30610	496.0	107.0	0.0	0
1225	30637	496.0	107.0	0.0	0
1226	30664	496.0	107.0	0.0	0
1227	30693	496.0	107.0	0.0	0
1228	30721	496.0	107.0	0.0	0
1229	30749	496.0	107.0	0.0	0
1230	30778	496.0	107.0	0.0	0
1231	30806	496.0	107.0	0.0	0
1232	30834	496.0	107.0	0.0	0
1233	30863	496.0	107.0	0.0	0
1234	30891	496.0	107.0	0.0	0
1235	30918	496.0	107.0	0.0	0
1236	30946	496.0	107.0	0.0	0
1237	30975	496.0	107.0	0.0	0
1238	31002	496.0	107.0	0.0	0
1239	31030	496.0	107.0	0.0	0
1240	31058	496.0	107.0	0.0	0
1241	31087	496.0	107.0	0.0	0
1242	31116	496.0	107.0	0.0	0
1243	31145	496.0	107.0	0.0	0
1244	31175	496.0	107.0	0.0	0
1245	31203	496.0	107.0	0.0	0
1246	31232	496.0	107.0	0.0	0
1247	31261	496.0	107.0	0.0	0
1248	31289	496.0	107.0	0.0	0
1249	31319	496.0	107.0	0.0	0
1250	31347	496.0	107.0	0.0	0
1251	31375	496.0	107.0	0.0	0
1252	31403	496.0	107.0	0.0	0
1253	31431	496.0	107.0	0.0	0
1254	31460	496.0	107.0	0.0	0
1255	31488	496.0	107.0	0.0	0
1256	31516	496.0	107.0	0.0	0
1257	31544	496.0	107.0	0.0	0
1258	31572	496.0	107.0	0.0	0
1259	31601	496.0	107.0	0.0	0
1260	31630	496.0	107.0	0.0	0
1261	31659	496.0	107.0	0.0	0
1262	31687	496.0	107.0	0.0	0
1263	31715	496.0	107.0	0.0	0
1264	31743	496.0	107.0	0.0	0
1265	31770	496.0	107.0	0.0	0
1266	31798	496.0	107.0	0.0	0
1267	31828	496.0	107.0	0.0	0
1268	31856	496.0	107.0	0.0	0
1269	31884	496.0	107.0	0.0	0
1270	31913	496.0	107.0	0.0	0
1271	31942	496.0	107.0	0.0	0
1272	31970	496.0	107.0	0.0	0
1273	31998	496.0	107.0	0.0	0
1274	32027	496.0	107.0	0.0	0
1275	32055	496.0	107.0	0.0	0
1276	32084	496.0	107.0	0.0	0
1277	32112	496.0	107.0	0.0	0
1278	32141	496.0	107.0	0.0	0
1279	32169	496.0	107.0	0.0	0
1280	32198	496.0	107.0	0.0	0
1281	32227	496.0	107.0	0.0	0
1282	32255	496.0	107.0	0.0	0
1283	32284	496.0	107.0	0.0	0
1284	32313	496.0	107.0	0.0	0
1285	32342	496.0	107.0	0.0	0
1286	32370	496.0	107.0	0.0	0
1287	32399	496.0	107.0	0.0	0
1288	32427	496.0	107.0	0.0	0
1289	32456	496.0	107.0	0.0	0
1290	32484	496.0	107.0	0.0	0
1291	32512	496.0	107.0	0.0	0
1292	32541	496.0	107.0	0.0	0
1293	32569	496.0	107.0	0.0	0
1294	32598	496.0	107.0	0.0	0
1295	32627	496.0	107.0	0.0	0
1296	32656	496.0	107.0	0.0	0
1297	32685	496.0	107.0	0.0	0
1298	32714	496.0	107.0	0.0	0
1299	32744	496.0	107.0	0.0	0
1300	32773	496.0	107.0	0.0	0
1301	32802	496.0	107.0	0.0	0
1302	32831	496.0	107.0	0.0	0
1303	32860	496.0	107.0	0.0	0
1304	32887	496.0	107.0	0.0	0
1305	32916	496.0	107.0	0.0	0
1306	32945	496.0	107.0	0.0	0
1307	32973	496.0	107.0	0.0	0
1308	33002	496.0	107.0	0.0	0
1309	33031	496.0	107.0	0.0	0
1310	33060	496.0	107.0	0.0	0
1311	33083	496.0	107.0	0.0	0
1312	33106	496.0	107.0	0.0	0
1313	33129	496.0	107.0	0.0	0
1314	33152	496.0	107.0	0.0	0
1315	33175	496.0	107.0	0.0	0
1316	33198	496.0	107.0	0.0	0
1317	33221	496.0	107.0	0.0	0
1318	33242	496.0	107.0	0.0	0
1319	33264	496.0	107.0	0.0	0
1320	33287	496.0	107.0	0.0	0
1321	33309	496.0	107.0	0.0	0
1322	33331	496.0	107.0	0.0	0
1323	33353	496.0	107.0	0.0	0
1324	33375	496.0	107.0	0.0	0
1325	33397	496.0	107.0	0.0	0
1326	33419	496.0	107.0	0.0	0
1327	33442	496.0	107.0	0.0	0
1328	33464	496.0	107.0	0.0	0
1329	33486	496.0	107.0	0.0	0
1330	33509	496.0	107.0	0.0	0
1331	33532	496.0	107.0	0.0	0
1332	33554	496.0	107.0	0.0	0
1333	33577	496.0	107.0	0.0	0
1334	33600	496.0	107.0	0.0	0
1335	33624	496.0	107.0	0.0	0
1336	33652	496.0	107.0	0.0	0
1337	33681	496.0	107.0	0.0	0
1338	33711	496.0	107.0	0.0	0
1339	33742	496.0	107.0	0.0	0
1340	33771	496.0	107.0	0.0	0
1341	33800	496.0	107.0	0.0	0
1342	33829	496.0	107.0	0.0	0
1343	33858	496.0	107.0	0.0	0
1344	33887	496.0	107.0	0.0	0
1345	33916	496.0	107.0	0.0	0
1346	33945	496.0	107.0	0.0	0
1347	33974	496.0	107.0	0.0	0
1348	34002	496.0	107.0	0.0	0
1349	34032	496.0	107.0	0.0	0
1350	34062	496.0	107.0	0.0	0
1351	34092	496.0	107.0	0.0	0
1352	34121	496.0	107.0	0.0	0
1353	34150	496.0	107.0	0.0	0
1354	34179	496.0	107.0	0.0	0
1355	34209	496.0	107.0	0.0	0
1356	34238	496.0	107.0	0.0	0
1357	34267	496.0	107.0	0.0	0
1358	34296	496.0	107.0	0.0	0
1359	34325	496.0	107.0	0.0	0
1360	34355	496.0	107.0	0.0	0
1361	34383	496.0	107.0	0.0	0
1362	34412	496.0	107.0	0.0	0
1363	34441	496.0	107.0	0.0	0
1364	34470	496.0	107.0	0.0	0
1365	34499	496.0	107.0	0.0	0
1366	34530	496.0	107.0	0.0	1
1367	34559	409.0	220.0	0.0	1
1368	34588	409.0	220.0	0.0	1
1369	34616	409.0	220.0	0.0	1
1370	34645	409.0	220.0	0.0	1
1371	34675	407.0	221.0	0.0	1
1372	34704	403.0	230.0	0.0	1
1373	34733	402.0	237.0	0.0	1
1374	34762	401.0	244.0	0.0	1
1375	34791	400.0	247.0	0.0	1
1376	34820	402.0	258.0	0.0	1
1377	34850	410.0	270.0	0.0	1
1378	34879	421.0	277.0	0.0	1
1379	34909	432.0	282.0	0.0	1
1380	34938	452.0	286.0	0.0	1
1381	34967	465.0	287.0	0.0	1
1382	34996	473.0	286.0	0.0	1
1383	35026	484.0	276.0	0.0	1
1384	35055	493.0	261.0	0.0	1
1385	35085	494.0	250.0	0.0	1
1386	35114	490.0	242.0	0.0	1
1387	35144	483.0	233.0	0.0	1
1388	35173	478.0	231.0	0.0	1
1389	35202	473.0	229.0	0.0	1
1390	35232	466.0	228.0	0.0	0
1391	35261	466.0	228.0	0.0	0
1392	35290	466.0	228.0	0.0	0
1393	35319	466.0	228.0	0.0	0
1394	35349	466.0	228.0	0.0	0
1395	35378	466.0	228.0	0.0	0
1396	35407	466.0	228.0	0.0	0
1397	35437	466.0	228.0	0.0	0
1398	35466	466.0	228.0	0.0	0
1399	35494	466.0	228.0	0.0	0
1400	35524	466.0	228.0	0.0	0
1401	35553	466.0	228.0	0.0	0
1402	35583	466.0	228.0	0.0	0
1403	35614	466.0	228.0	0.0	0
1404	35643	466.0	228.0	0.0	0
1405	35672	466.0	228.0	0.0	0
1406	35701	466.0	228.0	0.0	0
1407	35730	466.0	228.0	0.0	0
1408	35759	466.0	228.0	0.0	0
1409	35788	466.0	228.0	0.0	0
1410	35818	466.0	228.0	0.0	0
1411	35847	466.0	228.0	0.0	0
1412	35875	466.0	228.0	0.0	0
1413	35904	466.0	228.0	0.0	0
1414	35933	466.0	228.0	0.0	0
1415	35962	466.0	228.0	0.0	0
1416	35992	466.0	228.0	0.0	0
1417	36021	466.0	228.0	0.0	0
1418	36050	466.0	228.0	0.0	0
1419	36079	466.0	228.0	0.0	0
1420	36109	466.0	228.0	0.0	0
1421	36138	466.0	228.0	0.0	0
1422	36168	466.0	228.0	0.0	0
1423	36198	466.0	228.0	0.0	0
1424	36226	466.0	228.0	0.0	0
1425	36255	466.0	228.0	0.0	0
1426	36285	466.0	228.0	0.0	0
1427	36314	466.0	228.0	0.0	0
1428	36347	466.0	228.0	0.0	0
1429	36376	466.0	228.0	0.0	0
1430	36405	466.0	228.0	0.0	0
1431	36434	466.0	228.0	0.0	0
1432	36463	466.0	228.0	0.0	0
1433	36492	466.0	228.0	0.0	0
1434	36521	466.0	228.0	0.0	0
1435	36550	466.0	228.0	0.0	0
1436	36580	466.0	228.0	0.0	0
1437	36608	466.0	228.0	0.0	0
1438	36638	466.0	228.0	0.0	0
1439	36666	466.0	228.0	0.0	0
1440	36694	466.0	228.0	0.0	0
1441	36722	466.0	228.0	0.0	0
1442	36749	466.0	228.0	0.0	0
1443	36776	466.0	228.0	0.0	0
1444	36801	466.0	228.0	0.0	0
1445	36826	466.0	228.0	0.0	0
1446	36849	466.0	228.0	0.0	0
1447	36874	466.0	228.0	0.0	0
1448	36896	466.0	228.0	0.0	0
1449	36918	466.0	228.0	0.0	0
1450	36940	466.0	228.0	0.0	0
1451	36962	466.0	228.0	0.0	0
1452	36983	466.0	228.0	0.0	0
1453	37004	466.0	228.0	0.0	0
1454	37026	466.0	228.0	0.0	0
1455	37048	466.0	228.0	0.0	0
1456	37071	466.0	228.0	0.0	0
1457	37093	466.0	228.0	0.0	0
1458	37115	466.0	228.0	0.0	0
1459	37137	466.0	228.0	0.0	0
1460	37159	466.0	228.0	0.0	0
1461	37181	466.0	228.0	0.0	0
1462	37203	466.0	228.0	0.0	0
1463	37226	466.0	228.0	0.0	0
1464	37247	466.0	228.0	0.0	0
1465	37269	466.0	228.0	0.0	0
1466	37292	466.0	228.0	0.0	0
1467	37314	466.0	228.0	0.0	0
1468	37337	466.0	228.0	0.0	0
1469	37358	466.0	228.0	0.0	0
1470	37380	466.0	228.0	0.0	0
1471	37402	466.0	228.0	0.0	0
1472	37425	466.0	228.0	0.0	0
1473	37447	466.0	228.0	0.0	0
1474	37469	466.0	228.0	0.0	0
1475	37491	466.0	228.0	0.0	0
1476	37513	466.0	228.0	0.0	0
1477	37535	466.0	228.0	0.0	0
1478	37557	466.0	228.0	0.0	0
1479	37579	466.0	228.0	0.0	0
1480	37602	466.0	228.0	0.0	0
1481	37624	466.0	228.0	0.0	0
1482	37646	466.0	228.0	0.0	0
1483	37669	466.0	228.0	0.0	1
1484	37691	218.0	177.0	0.0	1
1485	37713	218.0	177.0	0.0	1
1486	37734	218.0	177.0	0.0	1
1487	37757	215.0	186.0	0.0	1
1488	37779	209.0	201.0	0.0	1
1489	37802	205.0	211.0	0.0	1
1490	37824	203.0	221.0	0.0	1
1491	37847	202.0	228.0	0.0	1
1492	37869	202.0	237.0	0.0	1
1493	37891	203.0	250.0	0.0	1
1494	37913	206.0	258.0	0.0	1
1495	37936	210.0	268.0	0.0	1
1496	37958	218.0	278.0	0.0	1
1497	37980	230.0	291.0	0.0	1
1498	38002	240.0	297.0	0.0	1
1499	38025	253.0	303.0	0.0	1
1500	38047	267.0	307.0	0.0	1
1501	38070	285.0	309.0	0.0	1
1502	38092	314.0	310.0	0.0	1
1503	38114	334.0	310.0	0.0	1
1504	38136	358.0	303.0	0.0	1
1505	38158	373.0	297.0	0.0	1
1506	38180	381.0	290.0	0.0	1
1507	38203	386.0	282.0	0.0	1
1508	38226	391.0	273.0	0.0	1
1509	38248	395.0	261.0	0.0	1
1510	38270	398.0	249.0	0.0	1
1511	38293	399.0	237.0	0.0	1
1512	38315	400.0	230.0	0.0	1
1513	38338	400.0	223.0	0.0	1
1514	38360	388.0	199.0	0.0	1
1515	38382	372.0	179.0	0.0	1
1516	38404	359.0	167.0	0.0	1
1517	38427	347.0	160.0	0.0	1
1518	38448	334.0	156.0	0.0	1
1519	38471	319.0	155.0	0.0	1
1520	38492	305.0	155.0	0.0	1
1521	38514	294.0	156.0	0.0	1
1522	38536	285.0	158.0	0.0	1
1523	38558	273.0	164.0	0.0	1
1524	38580	265.0	170.0	0.0	1
1525	38602	259.0	175.0	0.0	1
1526	38625	253.0	182.0	0.0	1
1527	38647	249.0	190.0	0.0	1
1528	38669	243.0	200.0	0.0	1
1529	38691	238.0	212.0	0.0	1
1530	38713	237.0	218.0	0.0	1
1531	38735	237.0	229.0	0.0	1
1532	38759	238.0	243.0	0.0	1
1533	38781	248.0	262.0	0.0	1
1534	38804	264.0	283.0	0.0	1
1535	38826	279.0	293.0	0.0	1
1536	38847	304.0	305.0	0.0	1
1537	38870	336.0	311.0	0.0	1
1538	38892	368.0	313.0	0.0	1
1539	38914	378.0	314.0	0.0	1
1540	38936	389.0	314.0	0.0	1
1541	38958	403.0	308.0	0.0	1
1542	38980	415.0	298.0	0.0	1
1543	39003	424.0	287.0	0.0	1
1544	39025	429.0	277.0	0.0	1
1545	39047	432.0	267.0	0.0	1
1546	39070	434.0	256.0	0.0	1
1547	39092	435.0	246.0	0.0	1
1548	39114	435.0	241.0	0.0	1
1549	39136	435.0	232.0	0.0	1
1550	39158	432.0	225.0	0.0	1
1551	39180	428.0	218.0	0.0	1
1552	39203	426.0	214.0	0.0	1
1553	39225	421.0	206.0	0.0	0
1554	39247	421.0	206.0	0.0	0
1555	39270	421.0	206.0	0.0	0
1556	39293	421.0	206.0	0.0	0
1557	39314	421.0	206.0	0.0	0
1558	39336	421.0	206.0	0.0	0
1559	39358	421.0	206.0	0.0	0
1560	39380	421.0	206.0	0.0	0
1561	39403	421.0	206.0	0.0	0
1562	39425	421.0	206.0	0.0	0
1563	39447	421.0	206.0	0.0	0
1564	39469	421.0	206.0	0.0	0
1565	39492	421.0	206.0	0.0	0
1566	39514	421.0	206.0	0.0	0
1567	39536	421.0	206.0	0.0	0
1568	39558	421.0	206.0	0.0	0
1569	39580	421.0	206.0	0.0	0
1570	39602	421.0	206.0	0.0	0
1571	39625	421.0	206.0	0.0	0
1572	39647	421.0	206.0	0.0	0
1573	39669	421.0	206.0	0.0	0
1574	39692	421.0	206.0	0.0	0
1575	39715	421.0	206.0	0.0	0
1576	39737	421.0	206.0	0.0	0
1577	39760	421.0	206.0	0.0	0
1578	39782	421.0	206.0	0.0	0
1579	39804	421.0	206.0	0.0	0
1580	39826	421.0	206.0	0.0	0
1581	39848	421.0	206.0	0.0	0
1582	39870	421.0	206.0	0.0	0
1583	39893	421.0	206.0	0.0	0
1584	39914	421.0	206.0	0.0	0
1585	39936	421.0	206.0	0.0	0
1586	39958	421.0	206.0	0.0	0
1587	39979	421.0	206.0	0.0	0
1588	40001	421.0	206.0	0.0	0
1589	40024	421.0	206.0	0.0	0
1590	40045	421.0	206.0	0.0	0
1591	40067	421.0	206.0	0.0	0
1592	40090	421.0	206.0	0.0	0
1593	40112	421.0	206.0	0.0	0
1594	40134	421.0	206.0	0.0	0
1595	40155	421.0	206.0	0.0	0
1596	40177	421.0	206.0	0.0	0
1597	40199	421.0	206.0	0.0	0
1598	40222	421.0	206.0	0.0	0
1599	40244	421.0	206.0	0.0	0
1600	40266	421.0	206.0	0.0	0
1601	40288	421.0	206.0	0.0	0
1602	40310	421.0	206.0	0.0	0
1603	40331	421.0	206.0	0.0	0
1604	40353	421.0	206.0	0.0	0
1605	40375	421.0	206.0	0.0	0
1606	40397	421.0	206.0	0.0	0
1607	40420	421.0	206.0	0.0	0
1608	40442	421.0	206.0	0.0	0
1609	40464	421.0	206.0	0.0	0
1610	40486	421.0	206.0	0.0	0
1611	40508	421.0	206.0	0.0	0
1612	40531	421.0	206.0	0.0	0
1613	40554	421.0	206.0	0.0	0
1614	40576	421.0	206.0	0.0	0
1615	40598	421.0	206.0	0.0	0
1616	40621	421.0	206.0	0.0	0
1617	40643	421.0	206.0	0.0	0
1618	40665	421.0	206.0	0.0	0
1619	40687	421.0	206.0	0.0	0
1620	40709	421.0	206.0	0.0	0
1621	40730	421.0	206.0	0.0	0
1622	40753	421.0	206.0	0.0	0
1623	40775	421.0	206.0	0.0	0
1624	40797	421.0	206.0	0.0	0
1625	40819	421.0	206.0	0.0	0
1626	40843	421.0	206.0	0.0	0
1627	40865	421.0	206.0	0.0	0
1628	40887	421.0	206.0	0.0	0
1629	40909	421.0	206.0	0.0	0
1630	40931	421.0	206.0	0.0	0
1631	40954	421.0	206.0	0.0	0
1632	40976	421.0	206.0	0.0	0
1633	40998	421.0	206.0	0.0	0
1634	41020	421.0	206.0	0.0	0
1635	41042	421.0	206.0	0.0	0
1636	41064	421.0	206.0	0.0	0
1637	41087	421.0	206.0	0.0	0
1638	41108	421.0	206.0	0.0	0
1639	41130	421.0	206.0	0.0	0
1640	41152	421.0	206.0	0.0	0
1641	41175	421.0	206.0	0.0	0
1642	41198	421.0	206.0	0.0	0
1643	41221	421.0	206.0	0.0	0
1644	41243	421.0	206.0	0.0	0
1645	41265	421.0	206.0	0.0	0
1646	41287	421.0	206.0	0.0	0
1647	41309	421.0	206.0	0.0	0
1648	41330	421.0	206.0	0.0	0
1649	41353	421.0	206.0	0.0	0
1650	41376	421.0	206.0	0.0	0
1651	41398	421.0	206.0	0.0	0
1652	41420	421.0	206.0	0.0	0
1653	41442	421.0	206.0	0.0	0
1654	41463	421.0	206.0	0.0	0
1655	41486	421.0	206.0	0.0	0
1656	41507	421.0	206.0	0.0	0
1657	41529	421.0	206.0	0.0	0
1658	41551	421.0	206.0	0.0	0
1659	41573	421.0	206.0	0.0	0
1660	41595	421.0	206.0	0.0	0
1661	41617	421.0	206.0	0.0	0
1662	41640	421.0	206.0	0.0	0
1663	41663	421.0	206.0	0.0	0
1664	41686	421.0	206.0	0.0	0
1665	41708	421.0	206.0	0.0	0
1666	41730	421.0	206.0	0.0	0
1667	41752	421.0	206.0	0.0	0
1668	41774	421.0	206.0	0.0	0
1669	41797	421.0	206.0	0.0	0
1670	41818	421.0	206.0	0.0	0
1671	41840	421.0	206.0	0.0	0
1672	41862	421.0	206.0	0.0	0
1673	41884	421.0	206.0	0.0	0
1674	41907	421.0	206.0	0.0	0
1675	41929	421.0	206.0	0.0	0
1676	41952	421.0	206.0	0.0	0
1677	41974	421.0	206.0	0.0	0
1678	41996	421.0	206.0	0.0	0
1679	42018	421.0	206.0	0.0	0
1680	42040	421.0	206.0	0.0	0
1681	42063	421.0	206.0	0.0	0
1682	42085	421.0	206.0	0.0	0
1683	42107	421.0	206.0	0.0	0
1684	42129	421.0	206.0	0.0	0
1685	42151	421.0	206.0	0.0	0
1686	42173	421.0	206.0	0.0	0
1687	42195	421.0	206.0	0.0	0
1688	42217	421.0	206.0	0.0	0
1689	42239	421.0	206.0	0.0	0
1690	42262	421.0	206.0	0.0	0
1691	42284	421.0	206.0	0.0	0
1692	42306	421.0	206.0	0.0	0
1693	42328	421.0	206.0	0.0	0
1694	42349	421.0	206.0	0.0	0
1695	42372	421.0	206.0	0.0	0
1696	42394	421.0	206.0	0.0	0
1697	42416	421.0	206.0	0.0	0
1698	42438	421.0	206.0	0.0	0
1699	42460	421.0	206.0	0.0	0
1700	42481	421.0	206.0	0.0	0
1701	42504	421.0	206.0	0.0	0
1702	42526	421.0	206.0	0.0	0
1703	42547	421.0	206.0	0.0	0
1704	42570	421.0	206.0	0.0	0
1705	42591	421.0	206.0	0.0	0
1706	42613	421.0	206.0	0.0	0
1707	42634	421.0	206.0	0.0	0
1708	42657	421.0	206.0	0.0	0
1709	42679	421.0	206.0	0.0	0
1710	42702	421.0	206.0	0.0	0
1711	42725	421.0	206.0	0.0	0
1712	42748	421.0	206.0	0.0	0
1713	42770	421.0	206.0	0.0	0
1714	42793	421.0	206.0	0.0	0
1715	42815	421.0	206.0	0.0	0
1716	42837	421.0	206.0	0.0	0
1717	42859	421.0	206.0	0.0	0
1718	42881	421.0	206.0	0.0	0
1719	42903	421.0	206.0	0.0	0
1720	42925	421.0	206.0	0.0	0
1721	42948	421.0	206.0	0.0	0
1722	42968	421.0	206.0	0.0	0
1723	42991	421.0	206.0	0.0	0
1724	43013	421.0	206.0	0.0	0
1725	43036	421.0	206.0	0.0	0
1726	43058	421.0	206.0	0.0	0
1727	43081	421.0	206.0	0.0	0
1728	43104	421.0	206.0	0.0	0
1729	43126	421.0	206.0	0.0	0
1730	43148	421.0	206.0	0.0	0
1731	43170	421.0	206.0	0.0	0
1732	43193	421.0	206.0	0.0	0
1733	43215	421.0	206.0	0.0	0
1734	43237	421.0	206.0	0.0	0
1735	43259	421.0	206.0	0.0	0
1736	43280	421.0	206.0	0.0	0
1737	43303	421.0	206.0	0.0	0
1738	43326	421.0	206.0	0.0	0
1739	43347	421.0	206.0	0.0	0
1740	43369	421.0	206.0	0.0	0
1741	43392	421.0	206.0	0.0	0
1742	43414	421.0	206.0	0.0	0
1743	43436	421.0	206.0	0.0	0
1744	43458	421.0	206.0	0.0	0
1745	43480	421.0	206.0	0.0	0
1746	43502	421.0	206.0	0.0	0
1747	43525	421.0	206.0	0.0	0
1748	43547	421.0	206.0	0.0	0
1749	43569	421.0	206.0	0.0	0
1750	43591	421.0	206.0	0.0	0
1751	43613	421.0	206.0	0.0	0
1752	43635	421.0	206.0	0.0	0
1753	43657	421.0	206.0	0.0	0
1754	43679	421.0	206.0	0.0	0
1755	43701	421.0	206.0	0.0	0
1756	43723	421.0	206.0	0.0	0
1757	43745	421.0	206.0	0.0	0
1758	43767	421.0	206.0	0.0	0
1759	43789	421.0	206.0	0.0	0
1760	43811	421.0	206.0	0.0	0
1761	43833	421.0	206.0	0.0	0
1762	43855	421.0	206.0	0.0	0
1763	43877	421.0	206.0	0.0	0
1764	43899	421.0	206.0	0.0	0
1765	43922	421.0	206.0	0.0	0
1766	43944	421.0	206.0	0.0	0
1767	43965	421.0	206.0	0.0	0
1768	43987	421.0	206.0	0.0	0
1769	44010	421.0	206.0	0.0	0
1770	44031	421.0	206.0	0.0	0
1771	44053	421.0	206.0	0.0	0
1772	44075	421.0	206.0	0.0	0
1773	44097	421.0	206.0	0.0	0
1774	44119	421.0	206.0	0.0	0
1775	44142	421.0	206.0	0.0	0
1776	44163	421.0	206.0	0.0	0
1777	44185	421.0	206.0	0.0	0
1778	44207	421.0	206.0	0.0	0
1779	44229	421.0	206.0	0.0	0
1780	44251	421.0	206.0	0.0	0
1781	44274	421.0	206.0	0.0	0
1782	44295	421.0	206.0	0.0	0
1783	44317	421.0	206.0	0.0	0
1784	44339	421.0	206.0	0.0	0
1785	44361	421.0	206.0	0.0	0
1786	44383	421.0	206.0	0.0	0
1787	44405	421.0	206.0	0.0	0
1788	44427	421.0	206.0	0.0	0
1789	44448	421.0	206.0	0.0	0
1790	44470	421.0	206.0	0.0	0
1791	44492	421.0	206.0	0.0	0
1792	44514	421.0	206.0	0.0	0
1793	44536	421.0	206.0	0.0	0
1794	44558	421.0	206.0	0.0	0
1795	44580	421.0	206.0	0.0	0
1796	44603	421.0	206.0	0.0	0
1797	44625	421.0	206.0	0.0	0
1798	44646	421.0	206.0	0.0	0
1799	44669	421.0	206.0	0.0	0
1800	44691	421.0	206.0	0.0	0
1801	44713	421.0	206.0	0.0	0
1802	44735	421.0	206.0	0.0	0
1803	44758	421.0	206.0	0.0	0
1804	44780	421.0	206.0	0.0	0
1805	44802	421.0	206.0	0.0	0
1806	44824	421.0	206.0	0.0	0
1807	44845	421.0	206.0	0.0	0
1808	44868	421.0	206.0	0.0	0
1809	44890	421.0	206.0	0.0	0
1810	44912	421.0	206.0	0.0	0
1811	44933	421.0	206.0	0.0	0
1812	44956	421.0	206.0	0.0	0
1813	44978	421.0	206.0	0.0	0
1814	44999	421.0	206.0	0.0	0
1815	45022	421.0	206.0	0.0	0
1816	45044	421.0	206.0	0.0	0
1817	45066	421.0	206.0	0.0	0
1818	45088	421.0	206.0	0.0	0
1819	45109	421.0	206.0	0.0	0
1820	45131	421.0	206.0	0.0	0
1821	45154	421.0	206.0	0.0	0
1822	45176	421.0	206.0	0.0	0
1823	45198	421.0	206.0	0.0	0
1824	45220	421.0	206.0	0.0	0
1825	45242	421.0	206.0	0.0	0
1826	45264	421.0	206.0	0.0	0
1827	45286	421.0	206.0	0.0	0
1828	45308	421.0	206.0	0.0	0
1829	45330	421.0	206.0	0.0	0
1830	45352	421.0	206.0	0.0	0
1831	45375	421.0	206.0	0.0	0
1832	45397	421.0	206.0	0.0	0
1833	45420	421.0	206.0	0.0	0
1834	45442	421.0	206.0	0.0	0
1835	45464	421.0	206.0	0.0	0
1836	45486	421.0	206.0	0.0	0
1837	45508	421.0	206.0	0.0	0
1838	45530	421.0	206.0	0.0	0
1839	45553	421.0	206.0	0.0	0
1840	45574	421.0	206.0	0.0	0
1841	45597	421.0	206.0	0.0	0
1842	45618	421.0	206.0	0.0	0
1843	45641	421.0	206.0	0.0	0
1844	45663	421.0	206.0	0.0	0
1845	45685	421.0	206.0	0.0	0
1846	45708	421.0	206.0	0.0	0
1847	45729	421.0	206.0	0.0	0
1848	45752	421.0	206.0	0.0	0
1849	45774	421.0	206.0	0.0	0
1850	45796	421.0	206.0	0.0	0
1851	45818	421.0	206.0	0.0	0
1852	45840	421.0	206.0	0.0	0
1853	45862	421.0	206.0	0.0	0
1854	45884	421.0	206.0	0.0	0
1855	45906	421.0	206.0	0.0	0
1856	45928	421.0	206.0	0.0	0
1857	45949	421.0	206.0	0.0	0
1858	45972	421.0	206.0	0.0	0
1859	45994	421.0	206.0	0.0	0
1860	46016	421.0	206.0	0.0	0
1861	46039	421.0	206.0	0.0	0
1862	46062	421.0	206.0	0.0	0
1863	46084	421.0	206.0	0.0	0
1864	46106	421.0	206.0	0.0	0
1865	46129	421.0	206.0	0.0	0
1866	46151	421.0	206.0	0.0	0
1867	46174	421.0	206.0	0.0	0
1868	46196	421.0	206.0	0.0	0
1869	46218	421.0	206.0	0.0	0
1870	46241	421.0	206.0	0.0	0
1871	46263	421.0	206.0	0.0	0
1872	46284	421.0	206.0	0.0	0
1873	46307	421.0	206.0	0.0	0
1874	46328	421.0	206.0	0.0	0
1875	46350	421.0	206.0	0.0	0
1876	46373	421.0	206.0	0.0	0
1877	46397	421.0	206.0	0.0	0
1878	46419	421.0	206.0	0.0	0
1879	46441	421.0	206.0	0.0	0
1880	46463	421.0	206.0	0.0	0
1881	46485	421.0	206.0	0.0	0
1882	46507	421.0	206.0	0.0	0
1883	46529	421.0	206.0	0.0	0
1884	46551	421.0	206.0	0.0	0
1885	46573	421.0	206.0	0.0	0
1886	46595	421.0	206.0	0.0	0
1887	46617	421.0	206.0	0.0	0
1888	46639	421.0	206.0	0.0	0
1889	46662	421.0	206.0	0.0	0
1890	46686	421.0	206.0	0.0	0
1891	46707	421.0	206.0	0.0	0
1892	46729	421.0	206.0	0.0	0
1893	46751	421.0	206.0	0.0	0
1894	46774	421.0	206.0	0.0	0
1895	46796	421.0	206.0	0.0	0
1896	46818	421.0	206.0	0.0	0
1897	46841	421.0	206.0	0.0	0
1898	46863	421.0	206.0	0.0	0
1899	46885	421.0	206.0	0.0	0
1900	46907	421.0	206.0	0.0	0
1901	46929	421.0	206.0	0.0	0
1902	46951	421.0	206.0	0.0	0
1903	46973	421.0	206.0	0.0	0
1904	46995	421.0	206.0	0.0	0
1905	47017	421.0	206.0	0.0	0
1906	47039	421.0	206.0	0.0	0
1907	47061	421.0	206.0	0.0	0
1908	47082	421.0	206.0	0.0	0
1909	47104	421.0	206.0	0.0	0
1910	47127	421.0	206.0	0.0	0
1911	47149	421.0	206.0	0.0	0
1912	47173	421.0	206.0	0.0	0
1913	47195	421.0	206.0	0.0	0
1914	47217	421.0	206.0	0.0	0
1915	47239	421.0	206.0	0.0	0
1916	47261	421.0	206.0	0.0	0
1917	47283	421.0	206.0	0.0	0
1918	47305	421.0	206.0	0.0	0
1919	47327	421.0	206.0	0.0	0
1920	47349	421.0	206.0	0.0	0
1921	47371	421.0	206.0	0.0	0
1922	47393	421.0	206.0	0.0	0
1923	47416	421.0	206.0	0.0	0
1924	47439	421.0	206.0	0.0	0
1925	47460	421.0	206.0	0.0	0
1926	47482	421.0	206.0	0.0	0
1927	47504	421.0	206.0	0.0	0
1928	47526	421.0	206.0	0.0	0
1929	47547	421.0	206.0	0.0	0
1930	47570	421.0	206.0	0.0	0
1931	47592	421.0	206.0	0.0	0
1932	47614	421.0	206.0	0.0	0
1933	47636	421.0	206.0	0.0	0
1934	47658	421.0	206.0	0.0	0
1935	47680	421.0	206.0	0.0	0
1936	47703	421.0	206.0	0.0	0
1937	47725	421.0	206.0	0.0	0
1938	47748	421.0	206.0	0.0	0
1939	47770	421.0	206.0	0.0	0
1940	47793	421.0	206.0	0.0	0
1941	47815	421.0	206.0	0.0	0
1942	47837	421.0	206.0	0.0	0
1943	47860	421.0	206.0	0.0	0
1944	47882	421.0	206.0	0.0	0
1945	47904	421.0	206.0	0.0	0
1946	47926	421.0	206.0	0.0	0
1947	47947	421.0	206.0	0.0	0
1948	47970	421.0	206.0	0.0	0
1949	47992	421.0	206.0	0.0	0
1950	48014	421.0	206.0	0.0	0
1951	48036	421.0	206.0	0.0	0
1952	48057	421.0	206.0	0.0	0
1953	48079	421.0	206.0	0.0	0
1954	48101	421.0	206.0	0.0	0
1955	48124	421.0	206.0	0.0	0
1956	48146	421.0	206.0	0.0	0
1957	48168	421.0	206.0	0.0	0
1958	48191	421.0	206.0	0.0	0
1959	48212	421.0	206.0	0.0	0
1960	48234	421.0	206.0	0.0	0
1961	48256	421.0	206.0	0.0	0
1962	48278	421.0	206.0	0.0	0
1963	48300	421.0	206.0	0.0	0
1964	48322	421.0	206.0	0.0	0
1965	48345	421.0	206.0	0.0	0
1966	48366	421.0	206.0	0.0	0
1967	48388	421.0	206.0	0.0	0
1968	48410	421.0	206.0	0.0	0
1969	48432	421.0	206.0	0.0	0
1970	48455	421.0	206.0	0.0	0
1971	48477	421.0	206.0	0.0	0
1972	48499	421.0	206.0	0.0	0
1973	48521	421.0	206.0	0.0	0
1974	48543	421.0	206.0	0.0	0
1975	48564	421.0	206.0	0.0	0
1976	48586	421.0	206.0	0.0	0
1977	48608	421.0	206.0	0.0	0
1978	48630	421.0	206.0	0.0	0
1979	48652	421.0	206.0	0.0	0
1980	48675	421.0	206.0	0.0	0
1981	48697	421.0	206.0	0.0	0
1982	48719	421.0	206.0	0.0	0
1983	48741	421.0	206.0	0.0	0
1984	48764	421.0	206.0	0.0	0
1985	48787	421.0	206.0	0.0	0
1986	48811	421.0	206.0	0.0	0
1987	48833	421.0	206.0	0.0	0
1988	48855	421.0	206.0	0.0	0
1989	48877	421.0	206.0	0.0	0
1990	48899	421.0	206.0	0.0	0
1991	48921	421.0	206.0	0.0	0
1992	48943	421.0	206.0	0.0	0
1993	48964	421.0	206.0	0.0	0
1994	48986	421.0	206.0	0.0	0
1995	49008	421.0	206.0	0.0	0
1996	49031	421.0	206.0	0.0	1
1997	49053	454.0	270.0	0.0	1
1998	49076	454.0	270.0	0.0	1
1999	49097	454.0	270.0	0.0	1
2000	49120	452.0	270.0	0.0	1
2001	49143	440.0	272.0	0.0	1
2002	49165	424.0	280.0	0.0	1
2003	49187	411.0	286.0	0.0	1
2004	49210	409.0	288.0	0.0	1
2005	49231	405.0	292.0	0.0	1
2006	49254	401.0	294.0	0.0	1
2007	49277	395.0	299.0	0.0	1
2008	49299	394.0	301.0	0.0	1
2009	49320	392.0	306.0	0.0	1
2010	49342	390.0	310.0	0.0	1
2011	49364	389.0	312.0	0.0	1
2012	49386	388.0	316.0	0.0	1
2013	49409	387.0	320.0	0.0	1
2014	49431	387.0	326.0	0.0	1
2015	49453	387.0	329.0	0.0	1
2016	49475	387.0	335.0	0.0	1
2017	49497	387.0	339.0	0.0	1
2018	49519	389.0	341.0	0.0	1
2019	49541	390.0	342.0	0.0	1
2020	49564	390.0	343.0	0.0	1
2021	49586	390.0	346.0	0.0	1
2022	49608	391.0	349.0	0.0	1
2023	49631	392.0	350.0	0.0	1
2024	49653	393.0	351.0	0.0	1
2025	49676	393.0	351.0	0.0	1
2026	49697	393.0	351.0	0.0	1
2027	49719	393.0	351.0	0.0	1
2028	49742	393.0	351.0	0.0	0
2029	49765	393.0	351.0	0.0	0
2030	49787	393.0	351.0	0.0	0
2031	49810	393.0	351.0	0.0	0
2032	49832	393.0	351.0	0.0	0
2033	49854	393.0	351.0	0.0	0
2034	49876	393.0	351.0	0.0	0
2035	49898	393.0	351.0	0.0	0
2036	49920	393.0	351.0	0.0	0
2037	49942	393.0	351.0	0.0	0
2038	49964	393.0	351.0	0.0	0
2039	49987	393.0	351.0	0.0	0
2040	50010	393.0	351.0	0.0	1
2041	50031	203.0	150.0	0.0	1
2042	50054	203.0	150.0	0.0	1
2043	50075	203.0	150.0	0.0	1
2044	50097	203.0	150.0	0.0	1
2045	50119	203.0	150.0	0.0	1
2046	50142	203.0	150.0	0.0	1
2047	50164	204.0	158.0	0.0	1
2048	50187	208.0	165.0	0.0	1
2049	50209	210.0	168.0	0.0	1
2050	50231	213.0	173.0	0.0	1
2051	50254	217.0	178.0	0.0	1
2052	50277	223.0	184.0	0.0	1
2053	50298	228.0	190.0	0.0	1
2054	50321	232.0	194.0	0.0	1
2055	50343	239.0	198.0	0.0	1
2056	50365	246.0	201.0	0.0	1
2057	50387	259.0	205.0	0.0	1
2058	50409	274.0	207.0	0.0	1
2059	50431	296.0	209.0	0.0	1
2060	50452	307.0	210.0	0.0	1
2061	50475	314.0	208.0	0.0	1
2062	50497	319.0	206.0	0.0	1
2063	50519	326.0	199.0	0.0	1
2064	50542	329.0	197.0	0.0	1
2065	50565	330.0	194.0	0.0	1
2066	50587	332.0	190.0	0.0	1
2067	50610	334.0	185.0	0.0	1
2068	50632	335.0	174.0	0.0	1
2069	50655	334.0	163.0	0.0	1
2070	50677	331.0	160.0	0.0	1
2071	50699	329.0	158.0	0.0	1
2072	50722	328.0	157.0	0.0	1
2073	50745	325.0	157.0	0.0	1
2074	50767	312.0	154.0	0.0	1
2075	50790	302.0	150.0	0.0	1
2076	50813	292.0	147.0	0.0	1
2077	50835	286.0	146.0	0.0	1
2078	50857	279.0	146.0	0.0	1
2079	50878	271.0	145.0	0.0	1
2080	50900	267.0	145.0	0.0	1
2081	50923	260.0	146.0	0.0	1
2082	50945	256.0	150.0	0.0	1
2083	50967	245.0	157.0	0.0	1
2084	50989	241.0	162.0	0.0	1
2085	51012	239.0	166.0	0.0	1
2086	51033	237.0	171.0	0.0	1
2087	51056	234.0	177.0	0.0	1
2088	51078	232.0	181.0	0.0	1
2089	51100	231.0	183.0	0.0	1
2090	51123	231.0	184.0	0.0	1
2091	51145	231.0	185.0	0.0	1
2092	51167	231.0	185.0	0.0	1
2093	51188	231.0	185.0	0.0	1
2094	51211	231.0	185.0	0.0	1
2095	51233	231.0	185.0	0.0	0
2096	51256	231.0	185.0	0.0	0
2097	51278	231.0	185.0	0.0	0
2098	51300	231.0	185.0	0.0	0
2099	51323	231.0	185.0	0.0	0
2100	51345	231.0	185.0	0.0	0
2101	51367	231.0	185.0	0.0	0
2102	51389	231.0	185.0	0.0	0
2103	51415	231.0	185.0	0.0	0
2104	51437	231.0	185.0	0.0	0
2105	51459	231.0	185.0	0.0	0
2106	51480	231.0	185.0	0.0	0
2107	51503	231.0	185.0	0.0	0
2108	51525	231.0	185.0	0.0	0
2109	51547	231.0	185.0	0.0	0
2110	51568	231.0	185.0	0.0	0
2111	51591	231.0	185.0	0.0	0
2112	51612	231.0	185.0	0.0	0
2113	51634	231.0	185.0	0.0	0
2114	51657	231.0	185.0	0.0	0
2115	51679	231.0	185.0	0.0	0
2116	51702	231.0	185.0	0.0	0
2117	51725	231.0	185.0	0.0	0
2118	51747	231.0	185.0	0.0	0
2119	51769	231.0	185.0	0.0	0
2120	51792	231.0	185.0	0.0	0
2121	51813	231.0	185.0	0.0	0
2122	51835	231.0	185.0	0.0	0
2123	51857	231.0	185.0	0.0	0
2124	51880	231.0	185.0	0.0	0
2125	51902	231.0	185.0	0.0	0
2126	51924	231.0	185.0	0.0	0
2127	51946	231.0	185.0	0.0	0
2128	51968	231.0	185.0	0.0	0
2129	51990	231.0	185.0	0.0	0
2130	52012	231.0	185.0	0.0	0
2131	52034	231.0	185.0	0.0	0
2132	52057	231.0	185.0	0.0	0
2133	52079	231.0	185.0	0.0	0
2134	52101	231.0	185.0	0.0	0
2135	52124	231.0	185.0	0.0	0
2136	52146	231.0	185.0	0.0	0
2137	52168	231.0	185.0	0.0	0
2138	52191	231.0	185.0	0.0	0
2139	52213	231.0	185.0	0.0	0
2140	52235	231.0	185.0	0.0	0
2141	52257	231.0	185.0	0.0	0
2142	52279	231.0	185.0	0.0	0
2143	52301	231.0	185.0	0.0	0
2144	52323	231.0	185.0	0.0	0
2145	52345	231.0	185.0	0.0	0
2146	52367	231.0	185.0	0.0	0
2147	52389	231.0	185.0	0.0	0
2148	52412	231.0	185.0	0.0	0
2149	52434	231.0	185.0	0.0	0
2150	52456	231.0	185.0	0.0	0
2151	52478	231.0	185.0	0.0	0
2152	52500	231.0	185.0	0.0	0
2153	52523	231.0	185.0	0.0	0
2154	52545	231.0	185.0	0.0	0
2155	52567	231.0	185.0	0.0	0
2156	52589	231.0	185.0	0.0	0
2157	52611	231.0	185.0	0.0	0
2158	52633	231.0	185.0	0.0	0
2159	52655	231.0	185.0	0.0	0
2160	52677	231.0	185.0	0.0	0
2161	52698	231.0	185.0	0.0	0
2162	52720	231.0	185.0	0.0	0
2163	52743	231.0	185.0	0.0	0
2164	52765	231.0	185.0	0.0	0
2165	52788	231.0	185.0	0.0	0
2166	52809	231.0	185.0	0.0	0
2167	52832	231.0	185.0	0.0	0
2168	52854	231.0	185.0	0.0	0
2169	52877	231.0	185.0	0.0	0
2170	52898	231.0	185.0	0.0	0
2171	52920	231.0	185.0	0.0	0
2172	52942	231.0	185.0	0.0	0
2173	52964	231.0	185.0	0.0	0
2174	52986	231.0	185.0	0.0	0
2175	53009	231.0	185.0	0.0	0
2176	53032	231.0	185.0	0.0	0
2177	53048	231.0	185.0	0.0	0
2178	53066	231.0	185.0	0.0	0
2179	53083	231.0	185.0	0.0	0
2180	53100	231.0	185.0	0.0	0
2181	53117	231.0	185.0	0.0	0
2182	53136	231.0	185.0	0.0	0
2183	53151	231.0	185.0	0.0	0
2184	53168	231.0	185.0	0.0	0
2185	53186	231.0	185.0	0.0	0
2186	53202	231.0	185.0	0.0	0
2187	53219	231.0	185.0	0.0	0
2188	53235	231.0	185.0	0.0	0
2189	53253	231.0	185.0	0.0	0
2190	53269	231.0	185.0	0.0	0
2191	53285	231.0	185.0	0.0	0
2192	53302	231.0	185.0	0.0	0
2193	53319	231.0	185.0	0.0	0
2194	53336	231.0	185.0	0.0	0
2195	53353	231.0	185.0	0.0	0
2196	53369	231.0	185.0	0.0	0
2197	53386	231.0	185.0	0.0	0
2198	53402	231.0	185.0	0.0	0
2199	53419	231.0	185.0	0.0	0
2200	53435	231.0	185.0	0.0	0
2201	53453	231.0	185.0	0.0	0
2202	53469	231.0	185.0	0.0	0
2203	53486	231.0	185.0	0.0	0
2204	53502	231.0	185.0	0.0	0
2205	53519	231.0	185.0	0.0	0
2206	53536	231.0	185.0	0.0	0
2207	53552	231.0	185.0	0.0	0
2208	53569	231.0	185.0	0.0	0
2209	53585	231.0	185.0	0.0	0
2210	53602	231.0	185.0	0.0	0
2211	53620	231.0	185.0	0.0	0
2212	53635	231.0	185.0	0.0	0
2213	53653	231.0	185.0	0.0	0
2214	53670	231.0	185.0	0.0	0
2215	53686	231.0	185.0	0.0	0
2216	53702	231.0	185.0	0.0	0
2217	53720	231.0	185.0	0.0	0
2218	53735	231.0	185.0	0.0	0
2219	53752	231.0	185.0	0.0	0
2220	53770	231.0	185.0	0.0	0
2221	53785	231.0	185.0	0.0	0
2222	53802	231.0	185.0	0.0	0
2223	53819	231.0	185.0	0.0	0
2224	53836	231.0	185.0	0.0	0
2225	53853	231.0	185.0	0.0	0
2226	53869	231.0	185.0	0.0	0
2227	53887	231.0	185.0	0.0	0
2228	53901	231.0	185.0	0.0	0
2229	53919	231.0	185.0	0.0	0
2230	53936	231.0	185.0	0.0	0
2231	53952	231.0	185.0	0.0	0
2232	53969	231.0	185.0	0.0	0
2233	53986	231.0	185.0	0.0	0
2234	54002	231.0	185.0	0.0	0
2235	54020	231.0	185.0	0.0	0
2236	54035	231.0	185.0	0.0	0
2237	54052	231.0	185.0	0.0	0
2238	54069	231.0	185.0	0.0	0
2239	54085	231.0	185.0	0.0	0
2240	54102	231.0	185.0	0.0	0
2241	54119	231.0	185.0	0.0	0
2242	54135	231.0	185.0	0.0	0
2243	54152	231.0	185.0	0.0	0
2244	54169	231.0	185.0	0.0	0
2245	54185	231.0	185.0	0.0	0
2246	54202	231.0	185.0	0.0	0
2247	54219	231.0	185.0	0.0	0
2248	54236	231.0	185.0	0.0	0
2249	54252	231.0	185.0	0.0	0
2250	54269	231.0	185.0	0.0	0
2251	54286	231.0	185.0	0.0	0
2252	54302	231.0	185.0	0.0	0
2253	54319	231.0	185.0	0.0	0
2254	54336	231.0	185.0	0.0	0
2255	54352	231.0	185.0	0.0	0
2256	54368	231.0	185.0	0.0	0
2257	54386	231.0	185.0	0.0	0
2258	54401	231.0	185.0	0.0	0
2259	54418	231.0	185.0	0.0	0
2260	54435	231.0	185.0	0.0	0
2261	54453	231.0	185.0	0.0	0
2262	54469	231.0	185.0	0.0	0
2263	54485	231.0	185.0	0.0	0
2264	54502	231.0	185.0	0.0	0
2265	54518	231.0	185.0	0.0	0
2266	54537	231.0	185.0	0.0	0
2267	54553	231.0	185.0	0.0	0
2268	54569	231.0	185.0	0.0	0
2269	54585	231.0	185.0	0.0	0
2270	54603	231.0	185.0	0.0	0
2271	54619	231.0	185.0	0.0	0
2272	54636	231.0	185.0	0.0	0
2273	54653	231.0	185.0	0.0	0
2274	54670	231.0	185.0	0.0	0
2275	54686	231.0	185.0	0.0	0
2276	54702	231.0	185.0	0.0	0
2277	54719	231.0	185.0	0.0	0
2278	54735	231.0	185.0	0.0	0
2279	54753	231.0	185.0	0.0	0
2280	54768	231.0	185.0	0.0	0
2281	54785	231.0	185.0	0.0	0
2282	54803	231.0	185.0	0.0	0
2283	54819	231.0	185.0	0.0	0
2284	54835	231.0	185.0	0.0	0
2285	54853	231.0	185.0	0.0	0
2286	54869	231.0	185.0	0.0	0
2287	54886	231.0	185.0	0.0	0
2288	54902	231.0	185.0	0.0	0
2289	54918	231.0	185.0	0.0	0
2290	54935	231.0	185.0	0.0	0
2291	54952	231.0	185.0	0.0	0
2292	54969	231.0	185.0	0.0	0
2293	54986	231.0	185.0	0.0	0
2294	55003	231.0	185.0	0.0	0
2295	55019	231.0	185.0	0.0	0
2296	55036	231.0	185.0	0.0	0
2297	55052	231.0	185.0	0.0	0
2298	55070	231.0	185.0	0.0	0
2299	55090	231.0	185.0	0.0	0
2300	55111	231.0	185.0	0.0	0
2301	55132	231.0	185.0	0.0	0
2302	55153	231.0	185.0	0.0	0
2303	55175	231.0	185.0	0.0	0
2304	55196	231.0	185.0	0.0	0
2305	55217	231.0	185.0	0.0	0
2306	55239	231.0	185.0	0.0	0
2307	55260	231.0	185.0	0.0	0
2308	55282	231.0	185.0	0.0	0
2309	55304	231.0	185.0	0.0	0
2310	55326	231.0	185.0	0.0	0
2311	55347	231.0	185.0	0.0	0
2312	55369	231.0	185.0	0.0	0
2313	55391	231.0	185.0	0.0	0
2314	55412	231.0	185.0	0.0	0
2315	55436	231.0	185.0	0.0	0
2316	55458	231.0	185.0	0.0	0
2317	55481	231.0	185.0	0.0	0
2318	55505	231.0	185.0	0.0	0
2319	55530	231.0	185.0	0.0	0
2320	55555	231.0	185.0	0.0	0
2321	55581	231.0	185.0	0.0	0
2322	55607	231.0	185.0	0.0	0
2323	55634	231.0	185.0	0.0	0
2324	55662	231.0	185.0	0.0	0
2325	55689	231.0	185.0	0.0	0
2326	55717	231.0	185.0	0.0	0
2327	55745	231.0	185.0	0.0	0
2328	55773	231.0	185.0	0.0	0
2329	55802	231.0	185.0	0.0	0
2330	55829	231.0	185.0	0.0	0
2331	55857	231.0	185.0	0.0	0
2332	55885	231.0	185.0	0.0	0
2333	55913	231.0	185.0	0.0	0
2334	55942	231.0	185.0	0.0	0
2335	55970	231.0	185.0	0.0	0
2336	55998	231.0	185.0	0.0	0
2337	56026	231.0	185.0	0.0	0
2338	56054	231.0	185.0	0.0	0
2339	56083	231.0	185.0	0.0	0
2340	56112	231.0	185.0	0.0	0
2341	56140	231.0	185.0	0.0	0
2342	56169	231.0	185.0	0.0	1
2343	56197	239.0	120.0	0.0	1
2344	56224	239.0	120.0	0.0	1
2345	56252	239.0	120.0	0.0	1
2346	56281	239.0	120.0	0.0	1
2347	56310	239.0	122.0	0.0	1
2348	56338	239.0	129.0	0.0	1
2349	56366	239.0	133.0	0.0	1
2350	56395	242.0	143.0	0.0	1
2351	56425	243.0	145.0	0.0	1
2352	56454	247.0	150.0	0.0	1
2353	56482	250.0	154.0	0.0	1
2354	56510	251.0	155.0	0.0	1
2355	56538	256.0	158.0	0.0	1
2356	56566	259.0	159.0	0.0	1
2357	56594	265.0	160.0	0.0	1
2358	56622	270.0	161.0	0.0	1
2359	56650	276.0	161.0	0.0	1
2360	56679	282.0	161.0	0.0	1
2361	56708	291.0	161.0	0.0	1
2362	56738	297.0	160.0	0.0	1
2363	56768	301.0	160.0	0.0	1
2364	56796	309.0	160.0	0.0	1
2365	56824	314.0	160.0	0.0	1
2366	56853	325.0	160.0	0.0	1
2367	56882	337.0	160.0	0.0	1
2368	56910	341.0	160.0	0.0	1
2369	56938	344.0	160.0	0.0	1
2370	56965	348.0	160.0	0.0	1
2371	56994	352.0	162.0	0.0	1
2372	57022	357.0	164.0	0.0	1
2373	57051	363.0	169.0	0.0	1
2374	57080	365.0	171.0	0.0	1
2375	57109	371.0	176.0	0.0	1
2376	57137	374.0	180.0	0.0	1
2377	57165	379.0	183.0	0.0	1
2378	57194	388.0	189.0	0.0	1
2379	57222	395.0	195.0	0.0	1
2380	57250	398.0	200.0	0.0	1
2381	57279	400.0	204.0	0.0	1
2382	57307	405.0	213.0	0.0	1
2383	57334	408.0	222.0	0.0	1
2384	57362	416.0	235.0	0.0	1
2385	57391	421.0	244.0	0.0	1
2386	57419	436.0	260.0	0.0	1
2387	57447	455.0	270.0	0.0	1
2388	57476	483.0	278.0	0.0	1
2389	57504	507.0	280.0	0.0	1
2390	57533	523.0	281.0	0.0	1
2391	57562	543.0	281.0	0.0	1
2392	57590	552.0	279.0	0.0	1
2393	57618	562.0	275.0	0.0	1
2394	57646	569.0	271.0	0.0	1
2395	57674	577.0	263.0	0.0	1
2396	57701	586.0	252.0	0.0	1
2397	57730	590.0	242.0	0.0	1
2398	57758	593.0	237.0	0.0	1
2399	57787	596.0	227.0	0.0	1
2400	57815	598.0	223.0	0.0	1
2401	57843	599.0	217.0	0.0	1
2402	57871	599.0	213.0	0.0	1
2403	57899	599.0	209.0	0.0	1
2404	57927	599.0	207.0	0.0	1
2405	57956	599.0	206.0	0.0	1
2406	57984	599.0	206.0	0.0	1
2407	58012	599.0	206.0	0.0	1
2408	58040	599.0	206.0	0.0	1
2409	58068	599.0	206.0	0.0	1
2410	58095	599.0	206.0	0.0	1
2411	58123	599.0	206.0	0.0	1
2412	58152	599.0	206.0	0.0	1
2413	58181	599.0	206.0	0.0	1
2414	58210	599.0	206.0	0.0	1
2415	58238	599.0	206.0	0.0	1
2416	58266	599.0	206.0	0.0	1
2417	58294	599.0	206.0	0.0	1
2418	58322	599.0	206.0	0.0	1
2419	58350	599.0	206.0	0.0	1
2420	58379	599.0	206.0	0.0	1
2421	58407	599.0	206.0	0.0	1
2422	58435	599.0	206.0	0.0	1
2423	58462	599.0	206.0	0.0	1
2424	58491	599.0	206.0	0.0	1
2425	58519	599.0	206.0	0.0	1
2426	58548	599.0	206.0	0.0	0
2427	58576	599.0	206.0	0.0	0
2428	58604	599.0	206.0	0.0	0
2429	58632	599.0	206.0	0.0	0
2430	58661	599.0	206.0	0.0	0
2431	58689	599.0	206.0	0.0	0
2432	58717	599.0	206.0	0.0	0
2433	58746	599.0	206.0	0.0	0
2434	58775	599.0	206.0	0.0	0
2435	58802	599.0	206.0	0.0	0
2436	58830	599.0	206.0	0.0	0
2437	58858	599.0	206.0	0.0	0
2438	58887	599.0	206.0	0.0	0
2439	58914	599.0	206.0	0.0	0
2440	58943	599.0	206.0	0.0	0
2441	58971	599.0	206.0	0.0	0
2442	58999	599.0	206.0	0.0	0
2443	59028	599.0	206.0	0.0	0
2444	59057	599.0	206.0	0.0	0
2445	59085	599.0	206.0	0.0	0
2446	59113	599.0	206.0	0.0	0
2447	59141	599.0	206.0	0.0	0
2448	59169	599.0	206.0	0.0	0
2449	59197	599.0	206.0	0.0	0
2450	59225	599.0	206.0	0.0	0
2451	59253	599.0	206.0	0.0	0
2452	59281	599.0	206.0	0.0	0
2453	59309	599.0	206.0	0.0	0
2454	59337	599.0	206.0	0.0	0
2455	59365	599.0	206.0	0.0	0
2456	59394	599.0	206.0	0.0	0
2457	59422	599.0	206.0	0.0	0
2458	59450	599.0	206.0	0.0	0
2459	59479	599.0	206.0	0.0	0
2460	59508	599.0	206.0	0.0	0
2461	59536	599.0	206.0	0.0	0
2462	59564	599.0	206.0	0.0	0
2463	59591	599.0	206.0	0.0	0
2464	59619	599.0	206.0	0.0	0
2465	59647	599.0	206.0	0.0	0
2466	59676	599.0	206.0	0.0	0
2467	59703	599.0	206.0	0.0	0
2468	59732	599.0	206.0	0.0	0
2469	59760	599.0	206.0	0.0	0
2470	59788	599.0	206.0	0.0	0
2471	59816	599.0	206.0	0.0	0
2472	59844	599.0	206.0	0.0	0
2473	59872	599.0	206.0	0.0	0
2474	59900	599.0	206.0	0.0	0
2475	59928	599.0	206.0	0.0	0
2476	59955	599.0	206.0	0.0	0
2477	59983	599.0	206.0	0.0	0
2478	60012	599.0	206.0	0.0	0
2479	60040	599.0	206.0	0.0	0
2480	60068	599.0	206.0	0.0	0
2481	60097	599.0	206.0	0.0	0
2482	60125	599.0	206.0	0.0	0
2483	60153	599.0	206.0	0.0	0
2484	60182	599.0	206.0	0.0	0
2485	60211	599.0	206.0	0.0	0
2486	60239	599.0	206.0	0.0	0
2487	60267	599.0	206.0	0.0	0
2488	60295	599.0	206.0	0.0	0
2489	60322	599.0	206.0	0.0	0
2490	60350	599.0	206.0	0.0	0
2491	60378	599.0	206.0	0.0	0
2492	60406	599.0	206.0	0.0	0
2493	60434	599.0	206.0	0.0	0
2494	60463	599.0	206.0	0.0	0
2495	60491	599.0	206.0	0.0	0
2496	60520	599.0	206.0	0.0	0
2497	60548	599.0	206.0	0.0	0
2498	60576	599.0	206.0	0.0	0
2499	60604	599.0	206.0	0.0	0
2500	60632	599.0	206.0	0.0	0
2501	60660	599.0	206.0	0.0	0
2502	60687	599.0	206.0	0.0	0
2503	60715	599.0	206.0	0.0	0
2504	60744	599.0	206.0	0.0	0
2505	60772	599.0	206.0	0.0	0
2506	60800	599.0	206.0	0.0	0
2507	60829	599.0	206.0	0.0	0
2508	60858	599.0	206.0	0.0	0
2509	60886	599.0	206.0	0.0	0
2510	60914	599.0	206.0	0.0	0
2511	60942	599.0	206.0	0.0	0
2512	60969	599.0	206.0	0.0	0
2513	60998	599.0	206.0	0.0	0
2514	61027	599.0	206.0	0.0	0
2515	61055	599.0	206.0	0.0	0
2516	61082	599.0	206.0	0.0	0
2517	61110	599.0	206.0	0.0	0
2518	61138	599.0	206.0	0.0	0
2519	61166	599.0	206.0	0.0	0
2520	61195	599.0	206.0	0.0	0
2521	61223	599.0	206.0	0.0	0
2522	61251	599.0	206.0	0.0	0
2523	61281	599.0	206.0	0.0	0
2524	61309	599.0	206.0	0.0	0
2525	61337	599.0	206.0	0.0	0
2526	61365	599.0	206.0	0.0	0
2527	61393	599.0	206.0	0.0	0
2528	61421	599.0	206.0	0.0	0
2529	61449	599.0	206.0	0.0	0
2530	61478	599.0	206.0	0.0	0
2531	61506	599.0	206.0	0.0	0
2532	61534	599.0	206.0	0.0	0
2533	61562	599.0	206.0	0.0	0
2534	61591	599.0	206.0	0.0	0
2535	61619	599.0	206.0	0.0	0
2536	61647	599.0	206.0	0.0	0
2537	61675	599.0	206.0	0.0	0
2538	61704	599.0	206.0	0.0	0
2539	61732	599.0	206.0	0.0	0
2540	61763	599.0	206.0	0.0	0
2541	61791	599.0	206.0	0.0	0
2542	61818	599.0	206.0	0.0	0
2543	61846	599.0	206.0	0.0	0
2544	61875	599.0	206.0	0.0	0
2545	61903	599.0	206.0	0.0	0
2546	61931	599.0	206.0	0.0	0
2547	61959	599.0	206.0	0.0	0
2548	61987	599.0	206.0	0.0	0
2549	62015	599.0	206.0	0.0	0
2550	62044	599.0	206.0	0.0	0
2551	62072	599.0	206.0	0.0	0
2552	62100	599.0	206.0	0.0	0
2553	62128	599.0	206.0	0.0	0
2554	62157	599.0	206.0	0.0	0
2555	62185	599.0	206.0	0.0	0
2556	62213	599.0	206.0	0.0	0
2557	62242	599.0	206.0	0.0	0
2558	62271	599.0	206.0	0.0	0
2559	62299	599.0	206.0	0.0	0
2560	62328	599.0	206.0	0.0	0
2561	62356	599.0	206.0	0.0	0
2562	62385	599.0	206.0	0.0	0
2563	62413	599.0	206.0	0.0	0
2564	62441	599.0	206.0	0.0	0
2565	62470	599.0	206.0	0.0	0
2566	62498	599.0	206.0	0.0	0
2567	62526	599.0	206.0	0.0	0
2568	62554	599.0	206.0	0.0	0
2569	62581	599.0	206.0	0.0	0
2570	62609	599.0	206.0	0.0	0
2571	62637	599.0	206.0	0.0	0
2572	62665	599.0	206.0	0.0	0
2573	62694	599.0	206.0	0.0	0
2574	62722	599.0	206.0	0.0	0
2575	62750	599.0	206.0	0.0	0
2576	62778	599.0	206.0	0.0	0
2577	62807	599.0	206.0	0.0	0
2578	62835	599.0	206.0	0.0	0
2579	62863	599.0	206.0	0.0	0
2580	62892	599.0	206.0	0.0	0
2581	62920	599.0	206.0	0.0	0
2582	62947	599.0	206.0	0.0	0
2583	62975	599.0	206.0	0.0	0
2584	63003	599.0	206.0	0.0	0
2585	63032	599.0	206.0	0.0	0
2586	63061	599.0	206.0	0.0	0
2587	63089	599.0	206.0	0.0	0
2588	63117	599.0	206.0	0.0	0
2589	63146	599.0	206.0	0.0	0
2590	63174	599.0	206.0	0.0	0
2591	63202	599.0	206.0	0.0	0
2592	63231	599.0	206.0	0.0	0
2593	63260	599.0	206.0	0.0	0
2594	63288	599.0	206.0	0.0	0
2595	63315	599.0	206.0	0.0	0
2596	63343	599.0	206.0	0.0	0
2597	63371	599.0	206.0	0.0	0
2598	63399	599.0	206.0	0.0	0
2599	63428	599.0	206.0	0.0	0
2600	63457	599.0	206.0	0.0	0
2601	63485	599.0	206.0	0.0	0
2602	63513	599.0	206.0	0.0	0
2603	63541	599.0	206.0	0.0	0
2604	63569	599.0	206.0	0.0	0
2605	63598	599.0	206.0	0.0	0
2606	63627	599.0	206.0	0.0	0
2607	63654	599.0	206.0	0.0	0
2608	63682	599.0	206.0	0.0	0
2609	63710	599.0	206.0	0.0	0
2610	63737	599.0	206.0	0.0	0
2611	63767	599.0	206.0	0.0	0
2612	63796	599.0	206.0	0.0	0
2613	63824	599.0	206.0	0.0	0
2614	63852	599.0	206.0	0.0	0
2615	63880	599.0	206.0	0.0	0
2616	63909	599.0	206.0	0.0	0
2617	63937	599.0	206.0	0.0	0
2618	63967	599.0	206.0	0.0	0
2619	63995	599.0	206.0	0.0	0
2620	64023	599.0	206.0	0.0	0
2621	64051	599.0	206.0	0.0	0
2622	64078	599.0	206.0	0.0	0
2623	64106	599.0	206.0	0.0	0
2624	64134	599.0	206.0	0.0	0
2625	64163	599.0	206.0	0.0	0
2626	64192	599.0	206.0	0.0	0
2627	64221	599.0	206.0	0.0	0
2628	64251	599.0	206.0	0.0	0
2629	64279	599.0	206.0	0.0	0
2630	64307	599.0	206.0	0.0	0
2631	64335	599.0	206.0	0.0	0
2632	64363	599.0	206.0	0.0	0
2633	64391	599.0	206.0	0.0	0
2634	64419	599.0	206.0	0.0	0
2635	64446	599.0	206.0	0.0	0
2636	64474	599.0	206.0	0.0	0
2637	64503	599.0	206.0	0.0	0
2638	64532	599.0	206.0	0.0	1
2639	64561	446.0	269.0	0.0	1
2640	64589	446.0	269.0	0.0	1
2641	64617	446.0	269.0	0.0	1
2642	64645	448.0	269.0	0.0	1
2643	64673	471.0	271.0	0.0	1
2644	64701	493.0	272.0	0.0	1
2645	64730	502.0	273.0	0.0	1
2646	64759	507.0	273.0	0.0	1
2647	64787	511.0	273.0	0.0	1
2648	64814	514.0	273.0	0.0	1
2649	64842	516.0	273.0	0.0	1
2650	64871	517.0	273.0	0.0	1
2651	64899	519.0	273.0	0.0	1
2652	64927	521.0	273.0	0.0	1
2653	64956	522.0	269.0	0.0	1
2654	64984	522.0	259.0	0.0	1
2655	65013	512.0	243.0	0.0	1
2656	65041	500.0	228.0	0.0	1
2657	65069	495.0	222.0	0.0	1
2658	65097	488.0	217.0	0.0	1
2659	65126	481.0	211.0	0.0	1
2660	65154	471.0	202.0	0.0	1
2661	65181	465.0	199.0	0.0	1
2662	65210	457.0	194.0	0.0	1
2663	65238	455.0	192.0	0.0	1
2664	65266	454.0	191.0	0.0	1
2665	65294	453.0	191.0	0.0	1
2666	65323	453.0	191.0	0.0	1
2667	65351	453.0	191.0	0.0	1
2668	65379	453.0	191.0	0.0	1
2669	65407	453.0	191.0	0.0	1
2670	65436	453.0	191.0	0.0	1
2671	65464	453.0	191.0	0.0	1
2672	65492	453.0	191.0	0.0	1
2673	65520	453.0	191.0	0.0	1
2674	65548	453.0	191.0	0.0	1
2675	65576	453.0	191.0	0.0	1
2676	65604	453.0	191.0	0.0	1
2677	65632	453.0	191.0	0.0	1
2678	65661	453.0	191.0	0.0	1
2679	65689	453.0	191.0	0.0	1
2680	65717	453.0	191.0	0.0	1
2681	65745	453.0	191.0	0.0	0
2682	65773	453.0	191.0	0.0	0
2683	65801	453.0	191.0	0.0	0
2684	65830	453.0	191.0	0.0	0
2685	65858	453.0	191.0	0.0	0
2686	65887	453.0	191.0	0.0	0
2687	65915	453.0	191.0	0.0	0
2688	65942	453.0	191.0	0.0	0
2689	65971	453.0	191.0	0.0	0
2690	65999	453.0	191.0	0.0	0
2691	66028	453.0	191.0	0.0	0
2692	66057	453.0	191.0	0.0	0
2693	66085	453.0	191.0	0.0	0
2694	66114	453.0	191.0	0.0	0
2695	66142	453.0	191.0	0.0	0
2696	66170	453.0	191.0	0.0	0
2697	66198	453.0	191.0	0.0	0
2698	66226	453.0	191.0	0.0	0
2699	66255	453.0	191.0	0.0	0
2700	66284	453.0	191.0	0.0	0
2701	66311	453.0	191.0	0.0	0
2702	66340	453.0	191.0	0.0	0
2703	66368	453.0	191.0	0.0	0
2704	66396	453.0	191.0	0.0	0
2705	66425	453.0	191.0	0.0	0
2706	66454	453.0	191.0	0.0	0
2707	66484	453.0	191.0	0.0	0
2708	66512	453.0	191.0	0.0	0
2709	66540	453.0	191.0	0.0	0
2710	66568	453.0	191.0	0.0	0
2711	66596	453.0	191.0	0.0	0
2712	66624	453.0	191.0	0.0	0
2713	66653	453.0	191.0	0.0	0
2714	66682	453.0	191.0	0.0	0
2715	66709	453.0	191.0	0.0	0
2716	66738	453.0	191.0	0.0	0
2717	66767	453.0	191.0	0.0	0
2718	66796	453.0	191.0	0.0	0
2719	66824	453.0	191.0	0.0	0
2720	66852	453.0	191.0	0.0	0
2721	66882	453.0	191.0	0.0	0
2722	66909	453.0	191.0	0.0	0
2723	66937	453.0	191.0	0.0	0
2724	66965	453.0	191.0	0.0	0
2725	66993	453.0	191.0	0.0	0
2726	67021	453.0	191.0	0.0	0
2727	67048	453.0	191.0	0.0	0
2728	67077	453.0	191.0	0.0	0
2729	67107	453.0	191.0	0.0	0
2730	67135	453.0	191.0	0.0	0
2731	67163	453.0	191.0	0.0	0
2732	67191	453.0	191.0	0.0	0
2733	67220	453.0	191.0	0.0	0
2734	67249	453.0	191.0	0.0	0
2735	67277	453.0	191.0	0.0	0
2736	67305	453.0	191.0	0.0	0
2737	67334	453.0	191.0	0.0	0
2738	67362	453.0	191.0	0.0	0
2739	67390	453.0	191.0	0.0	0
2740	67418	453.0	191.0	0.0	0
2741	67446	453.0	191.0	0.0	0
2742	67474	453.0	191.0	0.0	0
2743	67502	453.0	191.0	0.0	0
2744	67530	453.0	191.0	0.0	0
2745	67559	453.0	191.0	0.0	0
2746	67587	453.0	191.0	0.0	0
2747	67614	453.0	191.0	0.0	0
2748	67642	453.0	191.0	0.0	0
2749	67670	453.0	191.0	0.0	0
2750	67698	453.0	191.0	0.0	0
2751	67726	453.0	191.0	0.0	0
2752	67754	453.0	191.0	0.0	0
2753	67782	453.0	191.0	0.0	0
2754	67809	453.0	191.0	0.0	0
2755	67838	453.0	191.0	0.0	0
2756	67865	453.0	191.0	0.0	0
2757	67894	453.0	191.0	0.0	0
2758	67922	453.0	191.0	0.0	0
2759	67950	453.0	191.0	0.0	0
2760	67979	453.0	191.0	0.0	0
2761	68007	453.0	191.0	0.0	0
2762	68035	453.0	191.0	0.0	0
2763	68064	453.0	191.0	0.0	0
2764	68092	453.0	191.0	0.0	0
2765	68120	453.0	191.0	0.0	0
2766	68148	453.0	191.0	0.0	0
2767	68176	453.0	191.0	0.0	0
2768	68204	453.0	191.0	0.0	0
2769	68232	453.0	191.0	0.0	0
2770	68261	453.0	191.0	0.0	0
2771	68289	453.0	191.0	0.0	0
2772	68317	453.0	191.0	0.0	0
2773	68345	453.0	191.0	0.0	0
2774	68373	453.0	191.0	0.0	0
2775	68401	453.0	191.0	0.0	0
2776	68429	453.0	191.0	0.0	0
2777	68457	453.0	191.0	0.0	0
2778	68485	453.0	191.0	0.0	0
2779	68513	453.0	191.0	0.0	0
2780	68541	453.0	191.0	0.0	0
2781	68569	453.0	191.0	0.0	0
2782	68598	453.0	191.0	0.0	0
2783	68626	453.0	191.0	0.0	0
2784	68654	453.0	191.0	0.0	0
2785	68682	453.0	191.0	0.0	0
2786	68710	453.0	191.0	0.0	0
2787	68738	453.0	191.0	0.0	0
2788	68767	453.0	191.0	0.0	0
2789	68796	453.0	191.0	0.0	0
2790	68824	453.0	191.0	0.0	0
2791	68852	453.0	191.0	0.0	0
2792	68880	453.0	191.0	0.0	0
2793	68908	453.0	191.0	0.0	0
2794	68936	453.0	191.0	0.0	0
2795	68964	453.0	191.0	0.0	0
2796	68992	453.0	191.0	0.0	0
2797	69020	453.0	191.0	0.0	0
2798	69048	453.0	191.0	0.0	0
2799	69077	453.0	191.0	0.0	0
2800	69106	453.0	191.0	0.0	0
2801	69134	453.0	191.0	0.0	0
2802	69162	453.0	191.0	0.0	0
2803	69191	453.0	191.0	0.0	0
2804	69219	453.0	191.0	0.0	0
2805	69248	453.0	191.0	0.0	0
2806	69277	453.0	191.0	0.0	0
2807	69305	453.0	191.0	0.0	0
2808	69333	453.0	191.0	0.0	0
2809	69362	453.0	191.0	0.0	0
2810	69390	453.0	191.0	0.0	0
2811	69418	453.0	191.0	0.0	0
2812	69446	453.0	191.0	0.0	0
2813	69475	453.0	191.0	0.0	0
2814	69503	453.0	191.0	0.0	0
2815	69531	453.0	191.0	0.0	0
2816	69559	453.0	191.0	0.0	0
2817	69588	453.0	191.0	0.0	0
2818	69616	453.0	191.0	0.0	0
2819	69644	453.0	191.0	0.0	0
2820	69671	453.0	191.0	0.0	0
2821	69700	453.0	191.0	0.0	0
2822	69729	453.0	191.0	0.0	0
2823	69758	453.0	191.0	0.0	0
2824	69786	453.0	191.0	0.0	0
2825	69814	453.0	191.0	0.0	0
2826	69842	453.0	191.0	0.0	0
2827	69870	453.0	191.0	0.0	0
2828	69898	453.0	191.0	0.0	0
2829	69926	453.0	191.0	0.0	0
2830	69954	453.0	191.0	0.0	0
2831	69983	453.0	191.0	0.0	0
2832	70011	453.0	191.0	0.0	0
2833	70038	453.0	191.0	0.0	0
2834	70066	453.0	191.0	0.0	0
2835	70095	453.0	191.0	0.0	0
2836	70123	453.0	191.0	0.0	0
2837	70151	453.0	191.0	0.0	0
2838	70179	453.0	191.0	0.0	0
2839	70207	453.0	191.0	0.0	0
2840	70235	453.0	191.0	0.0	0
2841	70263	453.0	191.0	0.0	0
2842	70291	453.0	191.0	0.0	0
2843	70319	453.0	191.0	0.0	0
2844	70347	453.0	191.0	0.0	0
2845	70375	453.0	191.0	0.0	0
2846	70403	453.0	191.0	0.0	0
2847	70430	453.0	191.0	0.0	0
2848	70459	453.0	191.0	0.0	0
2849	70487	453.0	191.0	0.0	0
2850	70515	453.0	191.0	0.0	0
2851	70544	453.0	191.0	0.0	0
2852	70571	453.0	191.0	0.0	0
2853	70600	453.0	191.0	0.0	0
2854	70628	453.0	191.0	0.0	0
2855	70655	453.0	191.0	0.0	0
2856	70683	453.0	191.0	0.0	0
2857	70712	453.0	191.0	0.0	0
2858	70739	453.0	191.0	0.0	0
2859	70769	453.0	191.0	0.0	0
2860	70797	453.0	191.0	0.0	0
2861	70826	453.0	191.0	0.0	0
2862	70853	453.0	191.0	0.0	0
2863	70881	453.0	191.0	0.0	0
2864	70910	453.0	191.0	0.0	0
2865	70937	453.0	191.0	0.0	0
2866	70966	453.0	191.0	0.0	0
2867	70994	453.0	191.0	0.0	0
2868	71023	453.0	191.0	0.0	0
2869	71050	453.0	191.0	0.0	0
2870	71079	453.0	191.0	0.0	0
2871	71108	453.0	191.0	0.0	0
2872	71135	453.0	191.0	0.0	0
2873	71163	453.0	191.0	0.0	0
2874	71190	453.0	191.0	0.0	0
2875	71219	453.0	191.0	0.0	0
2876	71247	453.0	191.0	0.0	0
2877	71275	453.0	191.0	0.0	0
2878	71303	453.0	191.0	0.0	0
2879	71332	453.0	191.0	0.0	0
2880	71360	453.0	191.0	0.0	0
2881	71388	453.0	191.0	0.0	0
2882	71416	453.0	191.0	0.0	0
2883	71444	453.0	191.0	0.0	0
2884	71472	453.0	191.0	0.0	0
2885	71502	453.0	191.0	0.0	0
2886	71529	453.0	191.0	0.0	0
2887	71557	453.0	191.0	0.0	0
2888	71585	453.0	191.0	0.0	0
2889	71613	453.0	191.0	0.0	0
2890	71641	453.0	191.0	0.0	0
2891	71669	453.0	191.0	0.0	0
2892	71697	453.0	191.0	0.0	0
2893	71725	453.0	191.0	0.0	0
2894	71753	453.0	191.0	0.0	0
2895	71782	453.0	191.0	0.0	0
2896	71812	453.0	191.0	0.0	0
2897	71840	453.0	191.0	0.0	0
2898	71868	453.0	191.0	0.0	0
2899	71896	453.0	191.0	0.0	0
2900	71923	453.0	191.0	0.0	0
2901	71951	453.0	191.0	0.0	0
2902	71980	453.0	191.0	0.0	0
2903	72008	453.0	191.0	0.0	0
2904	72036	453.0	191.0	0.0	0
2905	72064	453.0	191.0	0.0	0
2906	72092	453.0	191.0	0.0	0
2907	72120	453.0	191.0	0.0	0
2908	72148	453.0	191.0	0.0	0
2909	72176	453.0	191.0	0.0	0
2910	72205	453.0	191.0	0.0	0
2911	72233	453.0	191.0	0.0	0
2912	72262	453.0	191.0	0.0	0
2913	72289	453.0	191.0	0.0	0
2914	72317	453.0	191.0	0.0	0
2915	72345	453.0	191.0	0.0	0
2916	72373	453.0	191.0	0.0	0
2917	72401	453.0	191.0	0.0	0
2918	72429	453.0	191.0	0.0	0
2919	72457	453.0	191.0	0.0	0
2920	72485	453.0	191.0	0.0	0
2921	72513	453.0	191.0	0.0	0
2922	72540	453.0	191.0	0.0	0
2923	72568	453.0	191.0	0.0	0
2924	72596	453.0	191.0	0.0	0
2925	72624	453.0	191.0	0.0	0
2926	72652	453.0	191.0	0.0	0
2927	72679	453.0	191.0	0.0	0
2928	72708	453.0	191.0	0.0	0
2929	72736	453.0	191.0	0.0	0
2930	72765	453.0	191.0	0.0	0
2931	72793	453.0	191.0	0.0	0
2932	72822	453.0	191.0	0.0	0
2933	72850	453.0	191.0	0.0	0
2934	72878	453.0	191.0	0.0	0
2935	72907	453.0	191.0	0.0	0
2936	72936	453.0	191.0	0.0	0
2937	72964	453.0	191.0	0.0	0
2938	72993	453.0	191.0	0.0	1
2939	73021	619.0	244.0	0.0	1
2940	73050	619.0	244.0	0.0	1
2941	73078	619.0	244.0	0.0	1
2942	73106	614.0	244.0	0.0	1
2943	73134	603.0	245.0	0.0	1
2944	73163	589.0	249.0	0.0	1
2945	73191	582.0	252.0	0.0	1
2946	73220	575.0	253.0	0.0	1
2947	73249	567.0	254.0	0.0	1
2948	73277	561.0	256.0	0.0	1
2949	73305	556.0	257.0	0.0	1
2950	73334	550.0	259.0	0.0	1
2951	73362	545.0	261.0	0.0	1
2952	73390	539.0	264.0	0.0	1
2953	73417	536.0	266.0	0.0	1
2954	73446	535.0	268.0	0.0	1
2955	73474	529.0	271.0	0.0	1
2956	73503	527.0	273.0	0.0	1
2957	73532	525.0	274.0	0.0	1
2958	73561	523.0	276.0	0.0	1
2959	73589	522.0	279.0	0.0	1
2960	73617	520.0	283.0	0.0	1
2961	73646	519.0	288.0	0.0	1
2962	73674	518.0	298.0	0.0	1
2963	73702	517.0	303.0	0.0	1
2964	73731	517.0	306.0	0.0	1
2965	73760	519.0	308.0	0.0	1
2966	73787	529.0	314.0	0.0	1
2967	73816	538.0	315.0	0.0	1
2968	73844	553.0	318.0	0.0	1
2969	73872	565.0	319.0	0.0	1
2970	73899	573.0	319.0	0.0	1
2971	73928	579.0	316.0	0.0	1
2972	73956	586.0	309.0	0.0	1
2973	73984	591.0	298.0	0.0	1
2974	74012	595.0	282.0	0.0	1
2975	74041	596.0	269.0	0.0	1
2976	74069	597.0	258.0	0.0	1
2977	74097	591.0	241.0	0.0	1
2978	74125	584.0	232.0	0.0	1
2979	74152	572.0	217.0	0.0	1
2980	74181	562.0	209.0	0.0	1
2981	74210	545.0	199.0	0.0	1
2982	74238	537.0	193.0	0.0	1
2983	74266	522.0	188.0	0.0	1
2984	74296	512.0	184.0	0.0	1
2985	74325	501.0	183.0	0.0	1
2986	74353	493.0	181.0	0.0	1
2987	74382	486.0	179.0	0.0	1
2988	74410	469.0	175.0	0.0	1
2989	74438	465.0	173.0	0.0	1
2990	74466	461.0	172.0	0.0	1
2991	74494	460.0	171.0	0.0	1
2992	74522	458.0	171.0	0.0	1
2993	74549	457.0	171.0	0.0	1
2994	74578	456.0	171.0	0.0	1
2995	74606	456.0	171.0	0.0	1
2996	74634	456.0	171.0	0.0	0
2997	74663	456.0	171.0	0.0	0
2998	74692	456.0	171.0	0.0	0
2999	74719	456.0	171.0	0.0	0
3000	74748	456.0	171.0	0.0	0
3001	74777	456.0	171.0	0.0	0
3002	74804	456.0	171.0	0.0	0
3003	74833	456.0	171.0	0.0	0
3004	74861	456.0	171.0	0.0	0
3005	74889	456.0	171.0	0.0	0
3006	74916	456.0	171.0	0.0	0
3007	74944	456.0	171.0	0.0	0
3008	74973	456.0	171.0	0.0	0
3009	75001	456.0	171.0	0.0	0
3010	75029	456.0	171.0	0.0	0
3011	75058	456.0	171.0	0.0	0
3012	75086	456.0	171.0	0.0	0
3013	75114	456.0	171.0	0.0	0
3014	75143	456.0	171.0	0.0	0
3015	75171	456.0	171.0	0.0	0
3016	75199	456.0	171.0	0.0	0
3017	75228	456.0	171.0	0.0	0
3018	75256	456.0	171.0	0.0	0
3019	75283	456.0	171.0	0.0	0
3020	75312	456.0	171.0	0.0	0
3021	75340	456.0	171.0	0.0	0
3022	75367	456.0	171.0	0.0	0
3023	75397	456.0	171.0	0.0	0
3024	75425	456.0	171.0	0.0	0
3025	75453	456.0	171.0	0.0	0
3026	75482	456.0	171.0	0.0	0
3027	75511	456.0	171.0	0.0	0
3028	75540	456.0	171.0	0.0	0
3029	75568	456.0	171.0	0.0	0
3030	75597	456.0	171.0	0.0	0
3031	75625	456.0	171.0	0.0	0
3032	75652	456.0	171.0	0.0	0
3033	75680	456.0	171.0	0.0	0
3034	75708	456.0	171.0	0.0	0
3035	75737	456.0	171.0	0.0	0
3036	75766	456.0	171.0	0.0	0
3037	75794	456.0	171.0	0.0	0
3038	75823	456.0	171.0	0.0	0
3039	75851	456.0	171.0	0.0	0
3040	75879	456.0	171.0	0.0	0
3041	75908	456.0	171.0	0.0	0
3042	75936	456.0	171.0	0.0	0
3043	75965	456.0	171.0	0.0	0
3044	75993	456.0	171.0	0.0	0
3045	76021	456.0	171.0	0.0	0
3046	76049	456.0	171.0	0.0	0
3047	76079	456.0	171.0	0.0	0
3048	76108	456.0	171.0	0.0	0
3049	76136	456.0	171.0	0.0	0
3050	76164	456.0	171.0	0.0	0
3051	76192	456.0	171.0	0.0	0
3052	76220	456.0	171.0	0.0	0
3053	76249	456.0	171.0	0.0	0
3054	76277	456.0	171.0	0.0	0
3055	76306	456.0	171.0	0.0	0
3056	76334	456.0	171.0	0.0	0
3057	76364	456.0	171.0	0.0	0
3058	76392	456.0	171.0	0.0	0
3059	76419	456.0	171.0	0.0	0
3060	76448	456.0	171.0	0.0	0
3061	76477	456.0	171.0	0.0	0
3062	76505	456.0	171.0	0.0	0
3063	76536	456.0	171.0	0.0	0
3064	76564	456.0	171.0	0.0	0
3065	76592	456.0	171.0	0.0	0
3066	76620	456.0	171.0	0.0	0
3067	76649	456.0	171.0	0.0	0
3068	76677	456.0	171.0	0.0	0
3069	76706	456.0	171.0	0.0	0
3070	76734	456.0	171.0	0.0	0
3071	76762	456.0	171.0	0.0	0
3072	76790	456.0	171.0	0.0	0
3073	76818	456.0	171.0	0.0	0
3074	76847	456.0	171.0	0.0	0
3075	76876	456.0	171.0	0.0	0
3076	76903	456.0	171.0	0.0	0