1	1324	1.0	1.0	0.0
2	1365	1.0	1.0	0.0
3	1395	1.0	1.0	0.0
4	1425	1.0	1.0	0.0
5	1456	1.0	1.0	0.0
6	1486	1.0	1.0	0.0
7	1516	1.0	1.0	0.0
8	1545	1.0	1.0	0.0
9	1576	1.0	1.0	0.0
10	1606	1.0	1.0	0.0
11	1635	1.0	1.0	0.0
12	1666	1.0	1.0	0.0
13	1696	1.0	1.0	0.0
14	1726	1.0	1.0	0.0
15	1756	1.0	1.0	0.0
16	1786	1.0	1.0	0.0
17	1816	1.0	1.0	0.0
18	1846	1.0	1.0	0.0
19	1876	1.0	1.0	0.0
20	1907	1.0	1.0	0.0
21	1937	1.0	1.0	0.0
22	1966	1.0	1.0	0.0
23	1996	1.0	1.0	0.0
24	2026	1.0	1.0	0.0
25	2058	1.0	1.0	0.0
26	2088	1.0	1.0	0.0
27	2118	1.0	1.0	0.0
28	2149	1.0	1.0	0.0
29	2178	1.0	1.0	0.0
30	2209	1.0	1.0	0.0
31	2239	1.0	1.0	0.0
32	2269	1.0	1.0	0.0
33	2299	1.0	1.0	0.0
34	2329	1.0	1.0	0.0
35	2360	1.0	1.0	0.0
36	2389	1.0	1.0	0.0
37	2419	1.0	1.0	0.0
38	2449	1.0	1.0	0.0
39	2478	1.0	1.0	0.0
40	2509	1.0	1.0	0.0
41	2539	1.0	1.0	0.0
42	2568	1.0	1.0	0.0
43	2598	1.0	1.0	0.0
44	2628	1.0	1.0	0.0
45	2658	1.0	1.0	0.0
46	2688	1.0	1.0	0.0
47	2717	1.0	1.0	0.0
48	2746	1.0	1.0	0.0
49	2777	1.0	1.0	0.0
50	2807	1.0	1.0	0.0
51	2836	1.0	1.0	0.0
52	2866	1.0	1.0	0.0
53	2896	1.0	1.0	0.0
54	2926	1.0	1.0	0.0
55	2956	1.0	1.0	0.0
56	2985	1.0	1.0	0.0
57	3014	1.0	1.0	0.0
58	3043	1.0	1.0	0.0
59	3073	1.0	1.0	0.0
60	3104	1.0	1.0	0.0
61	3133	1.0	1.0	0.0
62	3164	1.0	1.0	0.0
63	3193	1.0	1.0	0.0
64	3223	1.0	1.0	0.0
65	3253	1.0	1.0	0.0
66	3282	1.0	1.0	0.0
67	3311	1.0	1.0	0.0
68	3341	1.0	1.0	0.0
69	3370	1.0	1.0	0.0
70	3400	1.0	1.0	0.0
71	3430	1.0	1.0	0.0
72	3462	1.0	1.0	0.0
73	3491	1.0	1.0	0.0
74	3521	1.0	1.0	0.0
75	3550	1.0	1.0	0.0
76	3580	1.0	1.0	0.0
77	3609	1.0	1.0	0.0
78	3639	1.0	1.0	0.0
79	3668	1.0	1.0	0.0
80	3698	1.0	1.0	0.0
81	3728	1.0	1.0	0.0
82	3758	1.0	1.0	0.0
83	3788	1.0	1.0	0.0
84	3817	1.0	1.0	0.0
85	3847	1.0	1.0	0.0
86	3877	1.0	1.0	0.0
87	3907	1.0	1.0	0.0
88	3936	1.0	1.0	0.0
89	3965	1.0	1.0	0.0
90	3995	1.0	1.0	0.0
91	4025	1.0	1.0	0.0
92	4055	1.0	1.0	0.0
93	4085	1.0	1.0	0.0
94	4114	1.0	1.0	0.0
95	4144	1.0	1.0	0.0
96	4174	1.0	1.0	0.0
97	4203	1.0	1.0	0.0
98	4232	1.0	1.0	0.0
99	4262	1.0	1.0	0.0
100	4292	1.0	1.0	0.0
101	4321	1.0	1.0	0.0
102	4351	1.0	1.0	0.0
103	4380	1.0	1.0	0.0
104	4428	1.0	1.0	0.0
105	4458	1.0	1.0	0.0
106	4486	1.0	1.0	0.0
107	4517	1.0	1.0	0.0
108	4545	1.0	1.0	0.0
109	4575	1.0	1.0	0.0
110	4603	1.0	1.0	0.0
111	4633	1.0	1.0	0.0
112	4650	1.0	1.0	0.0
113	4666	1.0	1.0	0.0
114	4683	1.0	1.0	0.0
115	4699	1.0	1.0	0.0
116	4717	1.0	1.0	0.0
117	4732	1.0	1.0	0.0
118	4749	1.0	1.0	0.0
119	4766	1.0	1.0	0.0
120	4784	1.0	1.0	0.0
121	4801	1.0	1.0	0.0
122	4816	1.0	1.0	0.0
123	4833	1.0	1.0	0.0
124	4850	1.0	1.0	0.0
125	4866	1.0	1.0	0.0
126	4883	1.0	1.0	0.0
127	4900	1.0	1.0	0.0
128	4916	1.0	1.0	0.0
129	4934	1.0	1.0	0.0
130	4950	1.0	1.0	0.0
131	4966	1.0	1.0	0.0
132	4982	1.0	1.0	0.0
133	4999	1.0	1.0	0.0
134	5017	1.0	1.0	0.0
135	5034	1.0	1.0	0.0
136	5049	1.0	1.0	0.0
137	5066	1.0	1.0	0.0
138	5084	1.0	1.0	0.0
139	5099	1.0	1.0	0.0
140	5116	1.0	1.0	0.0
141	5133	1.0	1.0	0.0
142	5150	1.0	1.0	0.0
143	5166	1.0	1.0	0.0
144	5183	1.0	1.0	0.0
145	5200	1.0	1.0	0.0
146	5217	1.0	1.0	0.0
147	5233	1.0	1.0	0.0
148	5250	1.0	1.0	0.0
149	5266	1.0	1.0	0.0
150	5283	1.0	1.0	0.0
151	5301	1.0	1.0	0.0
152	5317	1.0	1.0	0.0
153	5332	1.0	1.0	0.0
154	5350	1.0	1.0	0.0
155	5367	1.0	1.0	0.0
156	5384	1.0	1.0	0.0
157	5400	1.0	1.0	0.0
158	5417	1.0	1.0	0.0
159	5434	1.0	1.0	0.0
160	5450	1.0	1.0	0.0
161	5466	1.0	1.0	0.0
162	5483	1.0	1.0	0.0
163	5499	1.0	1.0	0.0
164	5517	1.0	1.0	0.0
165	5533	1.0	1.0	0.0
166	5550	1.0	1.0	0.0
167	5567	1.0	1.0	0.0
168	5583	1.0	1.0	0.0
169	5599	1.0	1.0	0.0
170	5617	1.0	1.0	0.0
171	5634	1.0	1.0	0.0
172	5650	1.0	1.0	0.0
173	5667	1.0	1.0	0.0
174	5683	1.0	1.0	0.0
175	5700	1.0	1.0	0.0
176	5716	1.0	1.0	0.0
177	5733	1.0	1.0	0.0
178	5750	1.0	1.0	0.0
179	5767	1.0	1.0	0.0
180	5783	1.0	1.0	0.0
181	5799	1.0	1.0	0.0
182	5817	1.0	1.0	0.0
183	5833	1.0	1.0	0.0
184	5850	1.0	1.0	0.0
185	5868	1.0	1.0	0.0
186	5883	1.0	1.0	0.0
187	5901	1.0	1.0	0.0
188	5917	1.0	1.0	0.0
189	5934	1.0	1.0	0.0
190	5950	1.0	1.0	0.0
191	5967	1.0	1.0	0.0
192	5983	1.0	1.0	0.0
193	5999	1.0	1.0	0.0
194	6022	159.0	136.0	0.0
195	6039	159.0	136.0	0.0
196	6056	164.0	133.0	0.0
197	6072	165.0	132.0	0.0
198	6090	169.0	126.0	0.0
199	6106	175.0	117.0	0.0
200	6123	184.0	107.0	0.0
201	6140	191.0	101.0	0.0
202	6155	201.0	95.0	0.0
203	6173	215.0	89.0	0.0
204	6190	231.0	82.0	0.0
205	6206	252.0	81.0	0.0
206	6223	272.0	80.0	0.0
207	6239	288.0	80.0	0.0
208	6256	299.0	80.0	0.0
209	6272	306.0	82.0	0.0
210	6289	315.0	87.0	0.0
211	6306	322.0	92.0	0.0
212	6323	327.0	99.0	0.0
213	6339	329.0	105.0	0.0
214	6357	330.0	110.0	0.0
215	6372	331.0	118.0	0.0
216	6389	332.0	126.0	0.0
217	6406	332.0	140.0	0.0
218	6422	325.0	157.0	0.0
219	6439	316.0	174.0	0.0
220	6455	305.0	188.0	0.0
221	6473	296.0	199.0	0.0
222	6489	287.0	207.0	0.0
223	6506	279.0	214.0	0.0
224	6522	272.0	221.0	0.0
225	6540	266.0	229.0	0.0
226	6556	257.0	241.0	0.0
227	6572	246.0	255.0	0.0
228	6590	241.0	265.0	0.0
229	6606	237.0	274.0	0.0
230	6622	236.0	281.0	0.0
231	6639	235.0	290.0	0.0
232	6656	235.0	300.0	0.0
233	6673	239.0	315.0	0.0
234	6688	245.0	328.0	0.0
235	6706	262.0	348.0	0.0
236	6723	277.0	360.0	0.0
237	6739	293.0	368.0	0.0
238	6756	313.0	379.0	0.0
239	6773	329.0	387.0	0.0
240	6788	346.0	392.0	0.0
241	6806	361.0	394.0	0.0
242	6823	377.0	395.0	0.0
243	6839	395.0	396.0	0.0
244	6856	421.0	396.0	0.0
245	6872	449.0	391.0	0.0
246	6888	472.0	383.0	0.0
247	6906	494.0	377.0	0.0
248	6923	528.0	364.0	0.0
249	6939	545.0	355.0	0.0
250	6955	560.0	345.0	0.0
251	6973	571.0	337.0	0.0
252	6989	581.0	322.0	0.0
253	7006	589.0	307.0	0.0
254	7023	596.0	294.0	0.0
255	7040	602.0	280.0	0.0
256	7056	607.0	266.0	0.0
257	7072	611.0	253.0	0.0
258	7089	614.0	230.0	0.0
259	7106	615.0	223.0	0.0
260	7122	615.0	203.0	0.0
261	7138	612.0	193.0	0.0
262	7156	607.0	182.0	0.0
263	7172	600.0	169.0	0.0
264	7189	592.0	157.0	0.0
265	7205	586.0	146.0	0.0
266	7223	581.0	141.0	0.0
267	7240	577.0	136.0	0.0
268	7256	570.0	131.0	0.0
269	7273	566.0	128.0	0.0
270	7288	559.0	126.0	0.0
271	7306	550.0	124.0	0.0
272	7322	544.0	123.0	0.0
273	7338	533.0	122.0	0.0
274	7356	521.0	121.0	0.0
275	7372	510.0	121.0	0.0
276	7388	501.0	121.0	0.0
277	7406	489.0	124.0	0.0
278	7423	474.0	127.0	0.0
279	7438	460.0	134.0	0.0
280	7456	449.0	139.0	0.0
281	7473	437.0	146.0	0.0
282	7490	428.0	152.0	0.0
283	7506	412.0	164.0	0.0
284	7523	403.0	174.0	0.0
285	7540	397.0	182.0	0.0
286	7556	391.0	192.0	0.0
287	7573	386.0	200.0	0.0
288	7589	382.0	208.0	0.0
289	7606	380.0	215.0	0.0
290	7623	375.0	228.0	0.0
291	7639	374.0	239.0	0.0
292	7656	372.0	252.0	0.0
293	7672	371.0	260.0	0.0
294	7690	370.0	271.0	0.0
295	7706	370.0	278.0	0.0
296	7722	370.0	282.0	0.0
297	7739	370.0	284.0	0.0
298	7757	370.0	286.0	0.0
299	7773	370.0	288.0	0.0
300	7789	370.0	291.0	0.0
301	7806	368.0	295.0	0.0
302	7823	365.0	298.0	0.0
303	7838	362.0	299.0	0.0
304	7856	357.0	299.0	0.0
305	7873	351.0	299.0	0.0
306	7889	350.0	299.0	0.0
307	7906	348.0	299.0	0.0
308	7922	347.0	299.0	0.0
309	7940	347.0	299.0	0.0
310	7956	347.0	299.0	0.0
311	7973	347.0	299.0	0.0
312	7988	347.0	299.0	0.0
313	8006	347.0	299.0	0.0
314	8022	347.0	299.0	0.0
315	8039	347.0	299.0	0.0
316	8057	347.0	299.0	0.0
317	8072	347.0	299.0	0.0
318	8090	347.0	299.0	0.0
319	8105	347.0	299.0	0.0
320	8122	347.0	299.0	0.0
321	8139	347.0	299.0	0.0
322	8155	347.0	299.0	0.0
323	8173	347.0	299.0	0.0
324	8189	347.0	299.0	0.0
325	8206	347.0	299.0	0.0
326	8222	347.0	299.0	0.0
327	8238	347.0	299.0	0.0
328	8255	347.0	299.0	0.0
329	8272	347.0	299.0	0.0
330	8288	347.0	299.0	0.0
331	8305	347.0	299.0	0.0
332	8322	347.0	299.0	0.0
333	8338	347.0	299.0	0.0
334	8356	347.0	299.0	0.0
335	8372	347.0	299.0	0.0
336	8389	347.0	299.0	0.0
337	8405	347.0	299.0	0.0
338	8422	347.0	299.0	0.0
339	8439	347.0	299.0	0.0
340	8455	347.0	299.0	0.0
341	8472	347.0	299.0	0.0
342	8489	347.0	299.0	0.0
343	8505	347.0	299.0	0.0
344	8522	347.0	299.0	0.0
345	8539	347.0	299.0	0.0
346	8556	347.0	299.0	0.0
347	8573	199.0	186.0	0.0
348	8590	199.0	186.0	0.0
349	8605	199.0	186.0	0.0
350	8623	199.0	186.0	0.0
351	8640	202.0	185.0	0.0
352	8656	209.0	189.0	0.0
353	8672	222.0	197.0	0.0
354	8690	236.0	206.0	0.0
355	8706	248.0	212.0	0.0
356	8723	263.0	223.0	0.0
357	8740	272.0	233.0	0.0
358	8756	279.0	240.0	0.0
359	8773	288.0	251.0	0.0
360	8788	293.0	260.0	0.0
361	8806	296.0	267.0	0.0
362	8822	297.0	270.0	0.0
363	8839	298.0	273.0	0.0
364	8856	298.0	275.0	0.0
365	8873	298.0	276.0	0.0
366	8889	298.0	276.0	0.0
367	8906	284.0	277.0	0.0
368	8923	264.0	277.0	0.0
369	8939	246.0	277.0	0.0
370	8957	233.0	277.0	0.0
371	8973	223.0	277.0	0.0
372	8989	214.0	277.0	0.0
373	9005	209.0	277.0	0.0
374	9022	203.0	271.0	0.0
375	9040	196.0	257.0	0.0
376	9055	191.0	241.0	0.0
377	9072	189.0	229.0	0.0
378	9090	188.0	218.0	0.0
379	9106	188.0	203.0	0.0
380	9123	199.0	185.0	0.0
381	9140	210.0	172.0	0.0
382	9156	219.0	164.0	0.0
383	9173	230.0	159.0	0.0
384	9190	241.0	154.0	0.0
385	9206	253.0	153.0	0.0
386	9223	257.0	152.0	0.0
387	9239	259.0	152.0	0.0
388	9256	262.0	153.0	0.0
389	9273	265.0	162.0	0.0
390	9289	266.0	177.0	0.0
391	9306	267.0	202.0	0.0
392	9323	261.0	219.0	0.0
393	9339	253.0	234.0	0.0
394	9356	241.0	245.0	0.0
395	9372	228.0	251.0	0.0
396	9389	218.0	254.0	0.0
397	9405	212.0	255.0	0.0
398	9423	207.0	251.0	0.0
399	9439	204.0	236.0	0.0
400	9456	203.0	217.0	0.0
401	9472	204.0	201.0	0.0
402	9490	212.0	188.0	0.0
403	9506	224.0	174.0	0.0
404	9523	234.0	169.0	0.0
405	9539	248.0	164.0	0.0
406	9556	264.0	160.0	0.0
407	9572	280.0	159.0	0.0
408	9590	294.0	165.0	0.0
409	9606	303.0	174.0	0.0
410	9623	305.0	188.0	0.0
411	9639	307.0	206.0	0.0
412	9656	308.0	225.0	0.0
413	9672	299.0	244.0	0.0
414	9689	286.0	261.0	0.0
415	9707	270.0	272.0	0.0
416	9723	257.0	277.0	0.0
417	9739	256.0	278.0	0.0
418	9757	255.0	277.0	0.0
419	9774	254.0	261.0	0.0
420	9789	267.0	231.0	0.0
421	9805	300.0	203.0	0.0
422	9823	346.0	185.0	0.0
423	9838	389.0	179.0	0.0
424	9856	420.0	178.0	0.0
425	9873	447.0	184.0	0.0
426	9889	464.0	198.0	0.0
427	9906	483.0	234.0	0.0
428	9923	485.0	251.0	0.0
429	9940	486.0	264.0	0.0
430	9956	480.0	275.0	0.0
431	9972	473.0	281.0	0.0
432	9989	466.0	282.0	0.0
433	10005	449.0	283.0	0.0
434	10022	419.0	279.0	0.0
435	10039	385.0	261.0	0.0
436	10055	366.0	247.0	0.0
437	10073	360.0	230.0	0.0
438	10090	359.0	217.0	0.0
439	10106	379.0	196.0	0.0
440	10123	404.0	187.0	0.0
441	10139	436.0	186.0	0.0
442	10156	458.0	185.0	0.0
443	10173	468.0	190.0	0.0
444	10190	474.0	198.0	0.0
445	10205	475.0	215.0	0.0
446	10223	475.0	225.0	0.0
447	10239	472.0	228.0	0.0
448	10256	469.0	230.0	0.0
449	10273	466.0	231.0	0.0
450	10289	466.0	231.0	0.0
451	10306	466.0	231.0	0.0
452	10322	466.0	231.0	0.0
453	10340	466.0	231.0	0.0
454	10356	466.0	231.0	0.0
455	10372	466.0	231.0	0.0
456	10389	466.0	231.0	0.0
457	10406	466.0	231.0	0.0
458	10422	466.0	231.0	0.0
459	10439	466.0	231.0	0.0
460	10457	466.0	231.0	0.0
461	10473	466.0	231.0	0.0
462	10489	466.0	231.0	0.0
463	10505	466.0	231.0	0.0
464	10522	466.0	231.0	0.0
465	10539	466.0	231.0	0.0
466	10555	466.0	231.0	0.0
467	10572	466.0	231.0	0.0
468	10589	466.0	231.0	0.0
469	10606	466.0	231.0	0.0
470	10623	466.0	231.0	0.0
471	10640	466.0	231.0	0.0
472	10657	466.0	231.0	0.0
473	10673	466.0	231.0	0.0
474	10689	466.0	231.0	0.0
475	10707	466.0	231.0	0.0
476	10722	466.0	231.0	0.0
477	10740	466.0	231.0	0.0
478	10756	466.0	231.0	0.0
479	10773	466.0	231.0	0.0
480	10789	466.0	231.0	0.0
481	10806	466.0	231.0	0.0
482	10823	466.0	231.0	0.0
483	10839	466.0	231.0	0.0
484	10856	466.0	231.0	0.0
485	10872	466.0	231.0	0.0
486	10889	466.0	231.0	0.0
487	10905	466.0	231.0	0.0
488	10923	466.0	231.0	0.0
489	10939	466.0	231.0	0.0
490	10955	466.0	231.0	0.0
491	10973	466.0	231.0	0.0
492	10989	466.0	231.0	0.0
493	11006	466.0	231.0	0.0
494	11022	466.0	231.0	0.0
495	11039	466.0	231.0	0.0
496	11055	466.0	231.0	0.0
497	11072	466.0	231.0	0.0
498	11088	466.0	231.0	0.0
499	11106	466.0	231.0	0.0
500	11123	466.0	231.0	0.0
501	11139	466.0	231.0	0.0
502	11156	466.0	231.0	0.0
503	11173	466.0	231.0	0.0
504	11189	466.0	231.0	0.0
505	11206	466.0	231.0	0.0
506	11223	466.0	231.0	0.0
507	11239	466.0	231.0	0.0
508	11255	466.0	231.0	0.0
509	11273	466.0	231.0	0.0
510	11290	466.0	231.0	0.0
511	11306	466.0	231.0	0.0
512	11322	466.0	231.0	0.0
513	11339	466.0	231.0	0.0
514	11356	466.0	231.0	0.0
515	11371	466.0	231.0	0.0
516	11390	466.0	231.0	0.0
517	11406	466.0	231.0	0.0
518	11423	466.0	231.0	0.0
519	11440	466.0	231.0	0.0
520	11456	466.0	231.0	0.0
521	11473	466.0	231.0	0.0
522	11489	466.0	231.0	0.0
523	11506	466.0	231.0	0.0
524	11523	935.0	38.0	0.0
525	11539	935.0	42.0	0.0
526	11556	934.0	47.0	0.0
527	11573	929.0	54.0	0.0
528	11589	924.0	61.0	0.0
529	11606	919.0	69.0	0.0
530	11623	910.0	80.0	0.0
531	11639	904.0	87.0	0.0
532	11656	900.0	92.0	0.0
533	11672	896.0	98.0	0.0
534	11690	891.0	107.0	0.0
535	11706	886.0	113.0	0.0
536	11723	883.0	118.0	0.0
537	11739	881.0	123.0	0.0
538	11756	876.0	131.0	0.0
539	11773	872.0	135.0	0.0
540	11789	868.0	143.0	0.0
541	11807	860.0	154.0	0.0
542	11823	854.0	163.0	0.0
543	11840	848.0	170.0	0.0
544	11855	844.0	178.0	0.0
545	11872	839.0	185.0	0.0
546	11889	836.0	190.0	0.0
547	11906	832.0	197.0	0.0
548	11923	825.0	211.0	0.0
549	11939	818.0	223.0	0.0
550	11956	810.0	234.0	0.0
551	11972	804.0	242.0	0.0
552	11989	800.0	250.0	0.0
553	12006	795.0	259.0	0.0
554	12023	787.0	269.0	0.0
555	12039	779.0	279.0	0.0
556	12056	772.0	287.0	0.0
557	12073	763.0	296.0	0.0
558	12089	757.0	302.0	0.0
559	12105	750.0	307.0	0.0
560	12123	743.0	311.0	0.0
561	12139	737.0	314.0	0.0
562	12156	732.0	315.0	0.0
563	12172	729.0	317.0	0.0
564	12188	725.0	318.0	0.0
565	12206	721.0	318.0	0.0
566	12223	719.0	318.0	0.0
567	12239	717.0	314.0	0.0
568	12257	716.0	299.0	0.0
569	12272	716.0	284.0	0.0
570	12290	723.0	251.0	0.0
571	12306	724.0	242.0	0.0
572	12323	726.0	228.0	0.0
573	12339	727.0	220.0	0.0
574	12356	728.0	209.0	0.0
575	12373	729.0	199.0	0.0
576	12389	729.0	188.0	0.0
577	12405	729.0	180.0	0.0
578	12423	729.0	174.0	0.0
579	12439	729.0	168.0	0.0
580	12456	729.0	163.0	0.0
581	12472	729.0	158.0	0.0
582	12490	728.0	151.0	0.0
583	12506	727.0	145.0	0.0
584	12524	719.0	129.0	0.0
585	12539	715.0	122.0	0.0
586	12556	708.0	113.0	0.0
587	12573	704.0	108.0	0.0
588	12590	701.0	102.0	0.0
589	12606	699.0	100.0	0.0
590	12623	695.0	97.0	0.0
591	12640	694.0	96.0	0.0
592	12656	689.0	95.0	0.0
593	12673	684.0	91.0	0.0
594	12690	671.0	89.0	0.0
595	12706	650.0	84.0	0.0
596	12723	640.0	82.0	0.0
597	12740	636.0	81.0	0.0
598	12756	631.0	80.0	0.0
599	12772	625.0	80.0	0.0
600	12790	617.0	80.0	0.0
601	12806	603.0	82.0	0.0
602	12823	592.0	87.0	0.0
603	12839	582.0	93.0	0.0
604	12856	573.0	100.0	0.0
605	12873	570.0	104.0	0.0
606	12890	569.0	106.0	0.0
607	12906	569.0	110.0	0.0
608	12923	569.0	113.0	0.0
609	12939	569.0	120.0	0.0
610	12957	574.0	127.0	0.0
611	12973	588.0	135.0	0.0
612	12989	599.0	140.0	0.0
613	13006	612.0	142.0	0.0
614	13022	628.0	143.0	0.0
615	13040	645.0	143.0	0.0
616	13056	663.0	143.0	0.0
617	13072	676.0	143.0	0.0
618	13090	685.0	143.0	0.0
619	13106	695.0	143.0	0.0
620	13123	698.0	143.0	0.0
621	13139	705.0	143.0	0.0
622	13157	712.0	143.0	0.0
623	13173	723.0	143.0	0.0
624	13189	745.0	143.0	0.0
625	13206	764.0	143.0	0.0
626	13223	774.0	143.0	0.0
627	13239	778.0	143.0	0.0
628	13255	780.0	143.0	0.0
629	13273	781.0	143.0	0.0
630	13290	783.0	143.0	0.0
631	13306	787.0	143.0	0.0
632	13323	792.0	143.0	0.0
633	13339	797.0	143.0	0.0
634	13356	799.0	143.0	0.0
635	13372	801.0	143.0	0.0
636	13390	803.0	143.0	0.0
637	13406	807.0	143.0	0.0
638	13423	808.0	145.0	0.0
639	13439	810.0	150.0	0.0
640	13455	812.0	158.0	0.0
641	13473	815.0	172.0	0.0
642	13490	816.0	183.0	0.0
643	13506	817.0	201.0	0.0
644	13523	817.0	211.0	0.0
645	13539	817.0	219.0	0.0
646	13556	816.0	228.0	0.0
647	13573	812.0	236.0	0.0
648	13589	808.0	241.0	0.0
649	13606	801.0	251.0	0.0
650	13623	795.0	259.0	0.0
651	13639	789.0	265.0	0.0
652	13656	782.0	271.0	0.0
653	13673	771.0	277.0	0.0
654	13690	759.0	282.0	0.0
655	13706	746.0	285.0	0.0
656	13723	735.0	286.0	0.0
657	13740	727.0	286.0	0.0
658	13756	716.0	286.0	0.0
659	13773	703.0	286.0	0.0
660	13789	682.0	276.0	0.0
661	13805	660.0	264.0	0.0
662	13823	640.0	253.0	0.0
663	13840	623.0	243.0	0.0
664	13855	614.0	238.0	0.0
665	13873	606.0	233.0	0.0
666	13889	599.0	228.0	0.0
667	13907	586.0	217.0	0.0
668	13922	576.0	210.0	0.0
669	13940	569.0	205.0	0.0
670	13956	563.0	202.0	0.0
671	13973	558.0	198.0	0.0
672	13990	552.0	197.0	0.0
673	14006	545.0	194.0	0.0
674	14022	538.0	192.0	0.0
675	14038	530.0	191.0	0.0
676	14056	523.0	191.0	0.0
677	14073	520.0	191.0	0.0
678	14089	518.0	191.0	0.0
679	14106	511.0	194.0	0.0
680	14123	507.0	198.0	0.0
681	14139	501.0	204.0	0.0
682	14156	498.0	207.0	0.0
683	14173	496.0	213.0	0.0
684	14190	494.0	221.0	0.0
685	14206	492.0	235.0	0.0
686	14223	491.0	245.0	0.0
687	14239	490.0	252.0	0.0
688	14256	489.0	259.0	0.0
689	14273	489.0	265.0	0.0
690	14290	494.0	277.0	0.0
691	14306	500.0	285.0	0.0
692	14323	504.0	290.0	0.0
693	14340	514.0	298.0	0.0
694	14356	526.0	304.0	0.0
695	14372	534.0	309.0	0.0
696	14390	543.0	313.0	0.0
697	14406	554.0	314.0	0.0
698	14422	568.0	317.0	0.0
699	14440	583.0	319.0	0.0
700	14456	595.0	323.0	0.0
701	14472	609.0	327.0	0.0
702	14489	618.0	328.0	0.0
703	14507	625.0	332.0	0.0
704	14523	633.0	336.0	0.0
705	14540	639.0	341.0	0.0
706	14556	645.0	346.0	0.0
707	14572	650.0	351.0	0.0
708	14590	651.0	355.0	0.0
709	14606	652.0	356.0	0.0
710	14622	653.0	357.0	0.0
711	14640	654.0	358.0	0.0
712	14656	654.0	358.0	0.0
713	14673	654.0	358.0	0.0
714	14690	654.0	358.0	0.0
715	14706	654.0	358.0	0.0
716	14724	654.0	358.0	0.0
717	14739	654.0	358.0	0.0
718	14756	654.0	358.0	0.0
719	14773	654.0	358.0	0.0
720	14789	654.0	358.0	0.0
721	14806	654.0	358.0	0.0
722	14823	654.0	358.0	0.0
723	14839	654.0	358.0	0.0
724	14856	654.0	358.0	0.0
725	14872	654.0	358.0	0.0
726	14889	654.0	358.0	0.0
727	14906	654.0	358.0	0.0
728	14922	654.0	358.0	0.0
729	14939	654.0	358.0	0.0
730	14955	654.0	358.0	0.0
731	14972	654.0	358.0	0.0
732	14989	654.0	358.0	0.0
733	15005	654.0	358.0	0.0
734	15023	654.0	358.0	0.0
735	15040	654.0	358.0	0.0
736	15056	654.0	358.0	0.0
737	15072	654.0	358.0	0.0
738	15089	654.0	358.0	0.0
739	15106	654.0	358.0	0.0
740	15122	654.0	358.0	0.0
741	15140	654.0	358.0	0.0
742	15156	661.0	439.0	0.0
743	15173	661.0	440.0	0.0
744	15190	661.0	441.0	0.0
745	15206	656.0	441.0	0.0
746	15223	650.0	441.0	0.0
747	15240	637.0	441.0	0.0
748	15256	623.0	441.0	0.0
749	15273	614.0	441.0	0.0
750	15289	602.0	441.0	0.0
751	15307	589.0	441.0	0.0
752	15323	578.0	439.0	0.0
753	15339	564.0	433.0	0.0
754	15356	547.0	426.0	0.0
755	15372	533.0	421.0	0.0
756	15389	524.0	417.0	0.0
757	15406	518.0	412.0	0.0
758	15427	512.0	410.0	0.0
759	15444	502.0	400.0	0.0
760	15460	497.0	396.0	0.0
761	15477	486.0	386.0	0.0
762	15493	476.0	377.0	0.0
763	15510	467.0	366.0	0.0
764	15526	460.0	355.0	0.0
765	15544	458.0	349.0	0.0
766	15561	455.0	341.0	0.0
767	15577	454.0	334.0	0.0
768	15594	453.0	319.0	0.0
769	15611	450.0	303.0	0.0
770	15628	448.0	288.0	0.0
771	15644	446.0	275.0	0.0
772	15660	444.0	260.0	0.0
773	15677	443.0	244.0	0.0
774	15693	443.0	230.0	0.0
775	15711	443.0	218.0	0.0
776	15728	443.0	206.0	0.0
777	15744	443.0	194.0	0.0
778	15761	443.0	184.0	0.0
779	15778	443.0	176.0	0.0
780	15794	443.0	158.0	0.0
781	15810	443.0	149.0	0.0
782	15827	443.0	138.0	0.0
783	15844	441.0	127.0	0.0
784	15860	440.0	118.0	0.0
785	15878	438.0	111.0	0.0
786	15894	437.0	106.0	0.0
787	15911	435.0	98.0	0.0
788	15927	431.0	90.0	0.0
789	15944	425.0	82.0	0.0
790	15961	416.0	75.0	0.0
791	15977	404.0	66.0	0.0
792	15993	399.0	63.0	0.0
793	16009	396.0	61.0	0.0
794	16028	392.0	60.0	0.0
795	16044	390.0	59.0	0.0
796	16061	386.0	57.0	0.0
797	16077	379.0	56.0	0.0
798	16094	372.0	55.0	0.0
799	16110	368.0	54.0	0.0
800	16127	364.0	54.0	0.0
801	16144	360.0	54.0	0.0
802	16160	355.0	54.0	0.0
803	16177	352.0	54.0	0.0
804	16194	345.0	54.0	0.0
805	16210	337.0	55.0	0.0
806	16228	331.0	58.0	0.0
807	16243	325.0	61.0	0.0
808	16261	321.0	63.0	0.0
809	16277	315.0	66.0	0.0
810	16293	308.0	70.0	0.0
811	16311	300.0	76.0	0.0
812	16328	295.0	80.0	0.0
813	16344	292.0	83.0	0.0
814	16361	286.0	89.0	0.0
815	16376	279.0	96.0	0.0
816	16394	274.0	102.0	0.0
817	16411	273.0	104.0	0.0
818	16427	272.0	105.0	0.0
819	16444	271.0	106.0	0.0
820	16461	271.0	106.0	0.0
821	16477	271.0	106.0	0.0
822	16494	271.0	106.0	0.0
823	16510	271.0	106.0	0.0
824	16528	271.0	106.0	0.0
825	16543	271.0	106.0	0.0
826	16560	271.0	106.0	0.0
827	16578	271.0	106.0	0.0
828	16593	271.0	106.0	0.0
829	16610	271.0	106.0	0.0
830	16627	271.0	106.0	0.0
831	16644	271.0	106.0	0.0
832	16660	271.0	106.0	0.0
833	16677	271.0	106.0	0.0
834	16693	271.0	106.0	0.0
835	16711	271.0	106.0	0.0
836	16727	271.0	106.0	0.0
837	16744	271.0	106.0	0.0
838	16762	271.0	106.0	0.0
839	16777	271.0	106.0	0.0
840	16793	271.0	106.0	0.0
841	16810	271.0	106.0	0.0
842	16827	271.0	106.0	0.0
843	16843	271.0	106.0	0.0
844	16860	271.0	106.0	0.0
845	16876	271.0	106.0	0.0
846	16893	271.0	106.0	0.0
847	16910	271.0	106.0	0.0
848	16926	271.0	106.0	0.0
849	16943	271.0	106.0	0.0
850	16960	271.0	106.0	0.0
851	16976	271.0	106.0	0.0
852	16994	271.0	106.0	0.0
853	17011	271.0	106.0	0.0
854	17027	271.0	106.0	0.0
855	17044	271.0	106.0	0.0
856	17060	108.0	288.0	0.0
857	17077	108.0	288.0	0.0
858	17094	108.0	288.0	0.0
859	17110	108.0	288.0	0.0
860	17127	108.0	300.0	0.0
861	17143	110.0	320.0	0.0
862	17160	112.0	336.0	0.0
863	17178	117.0	349.0	0.0
864	17194	130.0	375.0	0.0
865	17210	139.0	393.0	0.0
866	17228	153.0	410.0	0.0
867	17244	166.0	422.0	0.0
868	17260	181.0	434.0	0.0
869	17278	196.0	445.0	0.0
870	17293	209.0	453.0	0.0
871	17310	218.0	458.0	0.0
872	17327	227.0	461.0	0.0
873	17343	232.0	462.0	0.0
874	17360	240.0	463.0	0.0
875	17377	248.0	464.0	0.0
876	17394	271.0	465.0	0.0
877	17411	288.0	461.0	0.0
878	17427	306.0	455.0	0.0
879	17444	320.0	449.0	0.0
880	17460	331.0	443.0	0.0
881	17477	343.0	434.0	0.0
882	17494	350.0	429.0	0.0
883	17510	361.0	419.0	0.0
884	17527	367.0	412.0	0.0
885	17544	373.0	403.0	0.0
886	17561	377.0	393.0	0.0
887	17577	380.0	388.0	0.0
888	17594	383.0	377.0	0.0
889	17610	384.0	371.0	0.0
890	17628	384.0	365.0	0.0
891	17644	385.0	360.0	0.0
892	17661	386.0	356.0	0.0
893	17677	386.0	351.0	0.0
894	17695	388.0	343.0	0.0
895	17710	391.0	333.0	0.0
896	17727	395.0	323.0	0.0
897	17743	399.0	315.0	0.0
898	17761	400.0	311.0	0.0
899	17777	403.0	306.0	0.0
900	17794	409.0	297.0	0.0
901	17811	415.0	291.0	0.0
902	17827	423.0	283.0	0.0
903	17844	430.0	279.0	0.0
904	17861	435.0	278.0	0.0
905	17878	443.0	275.0	0.0
906	17895	449.0	274.0	0.0
907	17911	455.0	274.0	0.0
908	17927	458.0	274.0	0.0
909	17944	465.0	276.0	0.0
910	17961	472.0	282.0	0.0
911	17977	480.0	289.0	0.0
912	17994	491.0	305.0	0.0
913	18010	498.0	317.0	0.0
914	18027	502.0	324.0	0.0
915	18043	504.0	336.0	0.0
916	18061	506.0	346.0	0.0
917	18078	507.0	355.0	0.0
918	18094	510.0	368.0	0.0
919	18111	511.0	374.0	0.0
920	18127	512.0	384.0	0.0
921	18145	515.0	393.0	0.0
922	18161	521.0	402.0	0.0
923	18177	533.0	417.0	0.0
924	18194	537.0	421.0	0.0
925	18211	543.0	425.0	0.0
926	18227	551.0	429.0	0.0
927	18244	562.0	432.0	0.0
928	18261	576.0	433.0	0.0
929	18277	589.0	434.0	0.0
930	18294	601.0	434.0	0.0
931	18311	617.0	434.0	0.0
932	18326	627.0	434.0	0.0
933	18345	641.0	433.0	0.0
934	18361	653.0	429.0	0.0
935	18377	674.0	418.0	0.0
936	18394	686.0	411.0	0.0
937	18410	695.0	405.0	0.0
938	18428	701.0	400.0	0.0
939	18443	706.0	394.0	0.0
940	18460	710.0	386.0	0.0
941	18477	714.0	378.0	0.0
942	18493	719.0	365.0	0.0
943	18510	722.0	359.0	0.0
944	18526	724.0	351.0	0.0
945	18544	725.0	348.0	0.0
946	18561	726.0	343.0	0.0
947	18578	726.0	337.0	0.0
948	18594	727.0	328.0	0.0
949	18611	728.0	320.0	0.0
950	18628	728.0	308.0	0.0
951	18644	728.0	300.0	0.0
952	18668	728.0	291.0	0.0
953	18685	718.0	274.0	0.0
954	18702	714.0	266.0	0.0
955	18719	702.0	252.0	0.0
956	18735	695.0	243.0	0.0
957	18751	689.0	237.0	0.0
958	18768	679.0	231.0	0.0
959	18785	669.0	223.0	0.0
960	18802	658.0	213.0	0.0
961	18818	646.0	198.0	0.0
962	18835	644.0	193.0	0.0
963	18852	640.0	188.0	0.0
964	18868	637.0	182.0	0.0
965	18886	633.0	173.0	0.0
966	18902	628.0	162.0	0.0
967	18919	621.0	149.0	0.0
968	18935	615.0	140.0	0.0
969	18952	610.0	131.0	0.0
970	18968	608.0	126.0	0.0
971	18985	607.0	120.0	0.0
972	19001	606.0	115.0	0.0
973	19018	606.0	107.0	0.0
974	19034	606.0	102.0	0.0
975	19052	606.0	98.0	0.0
976	19069	608.0	89.0	0.0
977	19085	611.0	84.0	0.0
978	19102	615.0	79.0	0.0
979	19118	620.0	74.0	0.0
980	19135	626.0	69.0	0.0
981	19151	635.0	63.0	0.0
982	19168	646.0	56.0	0.0
983	19185	657.0	51.0	0.0
984	19202	666.0	48.0	0.0
985	19218	678.0	44.0	0.0
986	19235	680.0	43.0	0.0
987	19251	683.0	43.0	0.0
988	19269	689.0	43.0	0.0
989	19285	695.0	43.0	0.0
990	19302	704.0	43.0	0.0
991	19318	716.0	43.0	0.0
992	19335	730.0	43.0	0.0
993	19352	745.0	44.0	0.0
994	19368	757.0	46.0	0.0
995	19386	766.0	47.0	0.0
996	19402	771.0	49.0	0.0
997	19418	783.0	56.0	0.0
998	19435	793.0	62.0	0.0
999	19451	801.0	66.0	0.0
1000	19469	806.0	70.0	0.0
1001	19485	811.0	74.0	0.0
1002	19502	818.0	81.0	0.0
1003	19518	828.0	92.0	0.0
1004	19536	835.0	103.0	0.0
1005	19552	843.0	115.0	0.0
1006	19569	845.0	121.0	0.0
1007	19585	846.0	124.0	0.0
1008	19602	847.0	129.0	0.0
1009	19619	847.0	142.0	0.0
1010	19636	848.0	154.0	0.0
1011	19653	848.0	162.0	0.0
1012	19670	848.0	169.0	0.0
1013	19686	848.0	176.0	0.0
1014	19704	846.0	189.0	0.0
1015	19719	844.0	200.0	0.0
1016	19736	841.0	209.0	0.0
1017	19753	840.0	212.0	0.0
1018	19770	837.0	218.0	0.0
1019	19786	833.0	229.0	0.0
1020	19802	830.0	233.0	0.0
1021	19819	829.0	238.0	0.0
1022	19838	827.0	239.0	0.0
1023	19856	826.0	240.0	0.0
1024	19873	826.0	241.0	0.0
1025	19890	825.0	242.0	0.0
1026	19905	825.0	242.0	0.0
1027	19922	825.0	242.0	0.0
1028	19940	825.0	242.0	0.0
1029	19956	825.0	242.0	0.0
1030	19972	825.0	242.0	0.0
1031	19988	825.0	242.0	0.0
1032	20005	825.0	242.0	0.0
1033	20022	825.0	242.0	0.0
1034	20040	825.0	242.0	0.0
1035	20056	825.0	242.0	0.0
1036	20072	825.0	242.0	0.0
1037	20090	825.0	242.0	0.0
1038	20106	825.0	242.0	0.0
1039	20122	825.0	242.0	0.0
1040	20138	825.0	242.0	0.0
1041	20157	825.0	242.0	0.0
1042	20172	825.0	242.0	0.0
1043	20189	825.0	242.0	0.0
1044	20206	825.0	242.0	0.0
1045	20222	825.0	242.0	0.0
1046	20239	825.0	242.0	0.0
1047	20255	825.0	242.0	0.0
1048	20273	825.0	242.0	0.0
1049	20289	825.0	242.0	0.0
1050	20310	893.0	372.0	0.0
1051	20328	883.0	372.0	0.0
1052	20344	868.0	372.0	0.0
1053	20362	863.0	372.0	0.0
1054	20378	845.0	371.0	0.0
1055	20395	819.0	362.0	0.0
1056	20411	802.0	355.0	0.0
1057	20428	785.0	346.0	0.0
1058	20444	767.0	335.0	0.0
1059	20460	751.0	324.0	0.0
1060	20478	733.0	309.0	0.0
1061	20494	712.0	295.0	0.0
1062	20511	694.0	281.0	0.0
1063	20528	679.0	268.0	0.0
1064	20544	668.0	256.0	0.0
1065	20562	657.0	242.0	0.0
1066	20578	643.0	223.0	0.0
1067	20594	626.0	199.0	0.0
1068	20610	619.0	185.0	0.0
1069	20628	612.0	174.0	0.0
1070	20645	609.0	166.0	0.0
1071	20661	606.0	160.0	0.0
1072	20679	601.0	152.0	0.0
1073	20695	593.0	140.0	0.0
1074	20711	585.0	125.0	0.0
1075	20727	574.0	112.0	0.0
1076	20745	564.0	98.0	0.0
1077	20761	558.0	92.0	0.0
1078	20778	553.0	86.0	0.0
1079	20795	550.0	82.0	0.0
1080	20811	548.0	81.0	0.0
1081	20828	543.0	79.0	0.0
1082	20845	536.0	74.0	0.0
1083	20861	528.0	70.0	0.0
1084	20878	516.0	65.0	0.0
1085	20894	502.0	61.0	0.0
1086	20911	492.0	58.0	0.0
1087	20928	482.0	56.0	0.0
1088	20945	477.0	55.0	0.0
1089	20960	471.0	54.0	0.0
1090	20978	452.0	54.0	0.0
1091	20994	445.0	54.0	0.0
1092	21010	429.0	54.0	0.0
1093	21028	418.0	54.0	0.0
1094	21045	411.0	54.0	0.0
1095	21061	405.0	54.0	0.0
1096	21078	400.0	54.0	0.0
1097	21094	395.0	54.0	0.0
1098	21111	388.0	58.0	0.0
1099	21128	383.0	60.0	0.0
1100	21145	376.0	64.0	0.0
1101	21161	368.0	67.0	0.0
1102	21177	355.0	73.0	0.0
1103	21194	347.0	77.0	0.0
1104	21212	340.0	80.0	0.0
1105	21227	336.0	81.0	0.0
1106	21244	330.0	84.0	0.0
1107	21261	323.0	85.0	0.0
1108	21278	316.0	86.0	0.0
1109	21294	308.0	86.0	0.0
1110	21311	302.0	87.0	0.0
1111	21328	299.0	87.0	0.0
1112	21345	296.0	87.0	0.0
1113	21362	293.0	86.0	0.0
1114	21377	285.0	81.0	0.0
1115	21395	277.0	75.0	0.0
1116	21411	265.0	68.0	0.0
1117	21428	256.0	63.0	0.0
1118	21444	247.0	58.0	0.0
1119	21462	236.0	54.0	0.0
1120	21478	228.0	53.0	0.0
1121	21495	222.0	52.0	0.0
1122	21511	216.0	50.0	0.0
1123	21527	208.0	49.0	0.0
1124	21544	196.0	49.0	0.0
1125	21561	186.0	53.0	0.0
1126	21578	176.0	60.0	0.0
1127	21595	165.0	70.0	0.0
1128	21612	159.0	76.0	0.0
1129	21628	154.0	82.0	0.0
1130	21645	146.0	93.0	0.0
1131	21661	139.0	105.0	0.0
1132	21678	133.0	122.0	0.0
1133	21695	130.0	133.0	0.0
1134	21711	129.0	146.0	0.0
1135	21727	128.0	158.0	0.0
1136	21745	128.0	172.0	0.0
1137	21761	134.0	189.0	0.0
1138	21778	152.0	210.0	0.0
1139	21794	164.0	220.0	0.0
1140	21812	178.0	226.0	0.0
1141	21828	194.0	230.0	0.0
1142	21845	210.0	234.0	0.0
1143	21862	229.0	236.0	0.0
1144	21878	250.0	241.0	0.0
1145	21895	269.0	245.0	0.0
1146	21910	285.0	248.0	0.0
1147	21928	299.0	250.0	0.0
1148	21944	307.0	251.0	0.0
1149	21961	315.0	252.0	0.0
1150	21978	328.0	252.0	0.0
1151	21994	348.0	252.0	0.0
1152	22012	366.0	252.0	0.0
1153	22028	382.0	252.0	0.0
1154	22044	392.0	252.0	0.0
1155	22061	399.0	252.0	0.0
1156	22079	404.0	252.0	0.0
1157	22094	410.0	252.0	0.0
1158	22111	422.0	255.0	0.0
1159	22128	436.0	258.0	0.0
1160	22145	450.0	265.0	0.0
1161	22161	463.0	270.0	0.0
1162	22178	474.0	277.0	0.0
1163	22194	489.0	287.0	0.0
1164	22211	498.0	294.0	0.0
1165	22228	505.0	299.0	0.0
1166	22244	512.0	304.0	0.0
1167	22262	516.0	308.0	0.0
1168	22278	518.0	309.0	0.0
1169	22294	521.0	313.0	0.0
1170	22311	523.0	318.0	0.0
1171	22328	525.0	321.0	0.0
1172	22344	528.0	326.0	0.0
1173	22361	531.0	332.0	0.0
1174	22378	537.0	342.0	0.0
1175	22395	541.0	350.0	0.0
1176	22411	547.0	358.0	0.0
1177	22427	554.0	365.0	0.0
1178	22445	558.0	369.0	0.0
1179	22461	563.0	372.0	0.0
1180	22478	570.0	378.0	0.0
1181	22495	574.0	382.0	0.0
1182	22512	581.0	386.0	0.0
1183	22527	587.0	391.0	0.0
1184	22545	593.0	394.0	0.0
1185	22561	597.0	396.0	0.0
1186	22578	605.0	400.0	0.0
1187	22594	610.0	401.0	0.0
1188	22612	618.0	403.0	0.0
1189	22628	625.0	404.0	0.0
1190	22644	630.0	405.0	0.0
1191	22662	632.0	405.0	0.0
1192	22678	635.0	405.0	0.0
1193	22694	636.0	405.0	0.0
1194	22711	637.0	405.0	0.0
1195	22728	638.0	405.0	0.0
1196	22744	639.0	405.0	0.0
1197	22761	639.0	405.0	0.0
1198	22778	639.0	405.0	0.0
1199	22794	639.0	405.0	0.0
1200	22812	640.0	405.0	0.0
1201	22827	640.0	405.0	0.0
1202	22845	641.0	405.0	0.0
1203	22861	641.0	405.0	0.0
1204	22878	642.0	405.0	0.0
1205	22894	645.0	405.0	0.0
1206	22912	646.0	405.0	0.0
1207	22929	648.0	405.0	0.0
1208	22944	650.0	405.0	0.0
1209	22960	652.0	405.0	0.0
1210	22978	653.0	405.0	0.0
1211	22994	655.0	404.0	0.0
1212	23010	657.0	403.0	0.0
1213	23028	659.0	402.0	0.0
1214	23044	660.0	402.0	0.0
1215	23061	662.0	402.0	0.0
1216	23078	664.0	401.0	0.0
1217	23094	665.0	400.0	0.0
1218	23111	667.0	399.0	0.0
1219	23128	668.0	398.0	0.0
1220	23144	670.0	398.0	0.0
1221	23161	671.0	397.0	0.0
1222	23178	672.0	396.0	0.0
1223	23195	675.0	393.0	0.0
1224	23211	676.0	391.0	0.0
1225	23228	676.0	390.0	0.0
1226	23244	677.0	389.0	0.0
1227	23261	678.0	389.0	0.0
1228	23278	679.0	388.0	0.0
1229	23294	679.0	387.0	0.0
1230	23311	680.0	387.0	0.0
1231	23327	680.0	386.0	0.0
1232	23344	680.0	385.0	0.0
1233	23361	680.0	385.0	0.0
1234	23378	680.0	385.0	0.0
1235	23394	680.0	385.0	0.0
1236	23412	680.0	385.0	0.0
1237	23428	680.0	385.0	0.0
1238	23446	680.0	385.0	0.0
1239	23461	680.0	385.0	0.0
1240	23479	680.0	385.0	0.0
1241	23495	680.0	385.0	0.0
1242	23512	680.0	385.0	0.0
1243	23528	680.0	385.0	0.0
1244	23545	680.0	385.0	0.0
1245	23562	680.0	385.0	0.0
1246	23577	680.0	385.0	0.0
1247	23595	680.0	385.0	0.0
1248	23611	680.0	385.0	0.0
1249	23628	680.0	385.0	0.0
1250	23645	680.0	385.0	0.0
1251	23662	680.0	385.0	0.0
1252	23678	680.0	385.0	0.0
1253	23696	680.0	385.0	0.0
1254	23712	680.0	385.0	0.0
1255	23729	680.0	385.0	0.0
1256	23746	680.0	385.0	0.0
1257	23763	680.0	385.0	0.0
1258	23780	680.0	385.0	0.0
1259	23794	680.0	385.0	0.0
1260	23811	680.0	385.0	0.0
1261	23827	680.0	385.0	0.0
1262	23844	680.0	385.0	0.0
1263	23861	680.0	385.0	0.0
1264	23878	680.0	385.0	0.0
1265	23895	680.0	385.0	0.0
1266	23912	680.0	385.0	0.0
1267	23929	680.0	385.0	0.0
1268	23946	680.0	385.0	0.0
1269	23961	680.0	385.0	0.0
1270	23978	680.0	385.0	0.0
1271	23995	680.0	385.0	0.0
1272	24013	680.0	385.0	0.0
1273	24028	680.0	385.0	0.0
1274	24045	680.0	385.0	0.0
1275	24063	680.0	385.0	0.0
1276	24078	680.0	385.0	0.0
1277	24096	680.0	385.0	0.0
1278	24111	680.0	385.0	0.0
1279	24129	680.0	385.0	0.0
1280	24145	680.0	385.0	0.0
1281	24162	680.0	385.0	0.0
1282	24179	680.0	385.0	0.0
1283	24195	680.0	385.0	0.0
1284	24212	680.0	385.0	0.0
1285	24229	680.0	385.0	0.0
1286	24245	680.0	385.0	0.0
1287	24261	680.0	385.0	0.0
1288	24279	680.0	385.0	0.0
1289	24294	680.0	385.0	0.0
1290	24311	680.0	385.0	0.0
1291	24328	680.0	385.0	0.0
1292	24345	680.0	385.0	0.0
1293	24362	680.0	385.0	0.0
1294	24378	680.0	385.0	0.0
1295	24396	680.0	385.0	0.0
1296	24411	680.0	385.0	0.0
1297	24427	680.0	385.0	0.0
1298	24445	680.0	385.0	0.0
1299	24462	680.0	385.0	0.0
1300	24477	680.0	385.0	0.0
1301	24495	680.0	385.0	0.0
1302	24513	680.0	385.0	0.0
1303	24529	680.0	385.0	0.0
1304	24545	680.0	385.0	0.0
1305	24562	680.0	385.0	0.0
1306	24579	680.0	385.0	0.0
1307	24595	680.0	385.0	0.0
1308	24612	680.0	385.0	0.0
1309	24627	680.0	385.0	0.0
1310	24645	680.0	385.0	0.0
1311	24661	680.0	385.0	0.0
1312	24677	680.0	385.0	0.0
1313	24695	680.0	385.0	0.0
1314	24711	680.0	385.0	0.0
1315	24729	680.0	385.0	0.0
1316	24744	680.0	385.0	0.0
1317	24761	680.0	385.0	0.0
1318	24779	680.0	385.0	0.0
1319	24795	680.0	385.0	0.0
1320	24812	680.0	385.0	0.0
1321	24828	680.0	385.0	0.0
1322	24845	680.0	385.0	0.0
1323	24861	680.0	385.0	0.0
1324	24879	680.0	385.0	0.0
1325	24894	680.0	385.0	0.0
1326	24912	680.0	385.0	0.0
1327	24928	680.0	385.0	0.0
1328	24945	680.0	385.0	0.0
1329	24962	680.0	385.0	0.0
1330	24978	680.0	385.0	0.0
1331	24995	680.0	385.0	0.0
1332	25011	680.0	385.0	0.0
1333	25028	680.0	385.0	0.0
1334	25044	680.0	385.0	0.0
1335	25061	680.0	385.0	0.0
1336	25077	680.0	385.0	0.0
1337	25096	680.0	385.0	0.0
1338	25111	680.0	385.0	0.0
1339	25129	680.0	385.0	0.0
1340	25145	680.0	385.0	0.0
1341	25161	680.0	385.0	0.0
1342	25178	680.0	385.0	0.0
1343	25194	680.0	385.0	0.0
1344	25211	680.0	385.0	0.0
1345	25228	680.0	385.0	0.0
1346	25244	680.0	385.0	0.0
1347	25260	680.0	385.0	0.0
1348	25278	706.0	409.0	0.0
1349	25294	706.0	409.0	0.0
1350	25311	708.0	410.0	0.0
1351	25329	713.0	413.0	0.0
1352	25345	720.0	419.0	0.0
1353	25362	735.0	426.0	0.0
1354	25378	738.0	427.0	0.0
1355	25394	741.0	429.0	0.0
1356	25412	742.0	430.0	0.0
1357	25428	743.0	430.0	0.0
1358	25444	743.0	430.0	0.0
1359	25462	744.0	430.0	0.0
1360	25478	745.0	431.0	0.0
1361	25495	745.0	431.0	0.0
1362	25511	745.0	431.0	0.0
1363	25528	745.0	431.0	0.0
1364	25545	745.0	431.0	0.0
1365	25562	745.0	431.0	0.0
1366	25578	745.0	431.0	0.0
1367	25595	745.0	431.0	0.0
1368	25611	745.0	431.0	0.0
1369	25629	745.0	431.0	0.0
1370	25645	745.0	431.0	0.0
1371	25662	745.0	431.0	0.0
1372	25678	745.0	431.0	0.0
1373	25694	745.0	431.0	0.0
1374	25712	745.0	431.0	0.0
1375	25728	745.0	431.0	0.0
1376	25745	745.0	431.0	0.0
1377	25762	745.0	431.0	0.0
1378	25778	745.0	431.0	0.0
1379	25794	745.0	431.0	0.0
1380	25812	745.0	431.0	0.0
1381	25829	745.0	431.0	0.0
1382	25845	745.0	431.0	0.0
1383	25861	745.0	431.0	0.0
1384	25879	745.0	431.0	0.0
1385	25895	745.0	431.0	0.0
1386	25911	745.0	431.0	0.0
1387	25928	745.0	431.0	0.0
1388	25945	745.0	431.0	0.0
1389	25961	745.0	431.0	0.0
1390	25978	745.0	431.0	0.0
1391	25996	745.0	431.0	0.0
1392	26011	745.0	431.0	0.0
1393	26029	745.0	431.0	0.0
1394	26045	745.0	431.0	0.0
1395	26061	745.0	431.0	0.0
1396	26077	745.0	431.0	0.0
1397	26095	745.0	431.0	0.0
1398	26111	745.0	431.0	0.0
1399	26127	745.0	431.0	0.0
1400	26144	745.0	431.0	0.0
1401	26161	745.0	431.0	0.0
1402	26177	745.0	431.0	0.0
1403	26195	745.0	431.0	0.0
1404	26211	745.0	431.0	0.0
1405	26228	745.0	431.0	0.0
1406	26245	745.0	431.0	0.0
1407	26262	745.0	431.0	0.0
1408	26279	745.0	431.0	0.0
1409	26295	745.0	431.0	0.0
1410	26312	745.0	431.0	0.0
