1	1325	1.0	1.0	0.0	0
2	1362	1.0	1.0	0.0	0
3	1384	1.0	1.0	0.0	0
4	1407	1.0	1.0	0.0	0
5	1430	1.0	1.0	0.0	0
6	1452	1.0	1.0	0.0	0
7	1474	1.0	1.0	0.0	0
8	1495	1.0	1.0	0.0	0
9	1518	1.0	1.0	0.0	0
10	1540	1.0	1.0	0.0	0
11	1561	1.0	1.0	0.0	0
12	1584	1.0	1.0	0.0	0
13	1606	1.0	1.0	0.0	0
14	1628	1.0	1.0	0.0	0
15	1650	1.0	1.0	0.0	0
16	1672	1.0	1.0	0.0	0
17	1694	1.0	1.0	0.0	0
18	1716	1.0	1.0	0.0	0
19	1739	1.0	1.0	0.0	0
20	1761	1.0	1.0	0.0	0
21	1784	1.0	1.0	0.0	0
22	1806	1.0	1.0	0.0	0
23	1827	1.0	1.0	0.0	0
24	1850	1.0	1.0	0.0	0
25	1872	1.0	1.0	0.0	0
26	1893	1.0	1.0	0.0	0
27	1916	1.0	1.0	0.0	0
28	1938	1.0	1.0	0.0	0
29	1960	1.0	1.0	0.0	0
30	1983	1.0	1.0	0.0	0
31	2004	1.0	1.0	0.0	0
32	2027	1.0	1.0	0.0	0
33	2048	1.0	1.0	0.0	0
34	2071	1.0	1.0	0.0	0
35	2093	1.0	1.0	0.0	0
36	2115	1.0	1.0	0.0	0
37	2138	1.0	1.0	0.0	0
38	2160	1.0	1.0	0.0	0
39	2182	1.0	1.0	0.0	0
40	2204	1.0	1.0	0.0	0
41	2226	1.0	1.0	0.0	0
42	2248	1.0	1.0	0.0	0
43	2271	1.0	1.0	0.0	0
44	2293	1.0	1.0	0.0	0
45	2315	1.0	1.0	0.0	0
46	2337	1.0	1.0	0.0	0
47	2360	1.0	1.0	0.0	0
48	2384	1.0	1.0	0.0	0
49	2406	1.0	1.0	0.0	0
50	2428	1.0	1.0	0.0	0
51	2451	1.0	1.0	0.0	0
52	2473	1.0	1.0	0.0	0
53	2496	1.0	1.0	0.0	0
54	2518	1.0	1.0	0.0	0
55	2540	1.0	1.0	0.0	0
56	2562	1.0	1.0	0.0	0
57	2585	1.0	1.0	0.0	0
58	2607	1.0	1.0	0.0	0
59	2629	1.0	1.0	0.0	0
60	2652	1.0	1.0	0.0	0
61	2674	1.0	1.0	0.0	0
62	2695	1.0	1.0	0.0	0
63	2718	1.0	1.0	0.0	0
64	2740	1.0	1.0	0.0	0
65	2762	1.0	1.0	0.0	0
66	2784	1.0	1.0	0.0	0
67	2806	1.0	1.0	0.0	0
68	2828	1.0	1.0	0.0	0
69	2851	1.0	1.0	0.0	0
70	2873	1.0	1.0	0.0	0
71	2895	1.0	1.0	0.0	0
72	2917	1.0	1.0	0.0	0
73	2939	1.0	1.0	0.0	0
74	2961	1.0	1.0	0.0	0
75	2983	1.0	1.0	0.0	0
76	3005	1.0	1.0	0.0	0
77	3027	1.0	1.0	0.0	0
78	3049	1.0	1.0	0.0	0
79	3071	1.0	1.0	0.0	0
80	3093	1.0	1.0	0.0	0
81	3115	1.0	1.0	0.0	0
82	3138	1.0	1.0	0.0	0
83	3159	1.0	1.0	0.0	0
84	3181	1.0	1.0	0.0	0
85	3204	1.0	1.0	0.0	0
86	3225	1.0	1.0	0.0	0
87	3247	1.0	1.0	0.0	0
88	3271	1.0	1.0	0.0	0
89	3292	1.0	1.0	0.0	0
90	3314	1.0	1.0	0.0	0
91	3336	1.0	1.0	0.0	0
92	3359	1.0	1.0	0.0	0
93	3380	1.0	1.0	0.0	0
94	3402	1.0	1.0	0.0	0
95	3424	1.0	1.0	0.0	0
96	3446	1.0	1.0	0.0	0
97	3468	1.0	1.0	0.0	0
98	3490	1.0	1.0	0.0	0
99	3512	1.0	1.0	0.0	0
100	3535	1.0	1.0	0.0	0
101	3557	1.0	1.0	0.0	0
102	3578	1.0	1.0	0.0	0
103	3601	1.0	1.0	0.0	0
104	3623	1.0	1.0	0.0	0
105	3645	1.0	1.0	0.0	0
106	3667	1.0	1.0	0.0	0
107	3689	1.0	1.0	0.0	0
108	3711	1.0	1.0	0.0	0
109	3733	1.0	1.0	0.0	0
110	3755	1.0	1.0	0.0	0
111	3777	1.0	1.0	0.0	0
112	3799	1.0	1.0	0.0	0
113	3821	1.0	1.0	0.0	0
114	3843	1.0	1.0	0.0	0
115	3865	1.0	1.0	0.0	0
116	3887	1.0	1.0	0.0	0
117	3910	1.0	1.0	0.0	0
118	3932	1.0	1.0	0.0	0
119	3953	1.0	1.0	0.0	0
120	3976	1.0	1.0	0.0	0
121	3997	1.0	1.0	0.0	0
122	4020	1.0	1.0	0.0	0
123	4042	1.0	1.0	0.0	0
124	4064	1.0	1.0	0.0	0
125	4086	1.0	1.0	0.0	0
126	4108	1.0	1.0	0.0	0
127	4131	1.0	1.0	0.0	0
128	4152	1.0	1.0	0.0	0
129	4174	1.0	1.0	0.0	0
130	4196	1.0	1.0	0.0	0
131	4218	1.0	1.0	0.0	0
132	4240	1.0	1.0	0.0	0
133	4262	1.0	1.0	0.0	0
134	4284	1.0	1.0	0.0	0
135	4306	1.0	1.0	0.0	0
136	4329	1.0	1.0	0.0	0
137	4351	1.0	1.0	0.0	0
138	4373	1.0	1.0	0.0	0
139	4395	1.0	1.0	0.0	0
140	4417	1.0	1.0	0.0	0
141	4439	1.0	1.0	0.0	0
142	4461	1.0	1.0	0.0	0
143	4483	1.0	1.0	0.0	0
144	4505	1.0	1.0	0.0	0
145	4527	1.0	1.0	0.0	0
146	4549	1.0	1.0	0.0	0
147	4571	1.0	1.0	0.0	0
148	4592	1.0	1.0	0.0	0
149	4615	1.0	1.0	0.0	0
150	4638	1.0	1.0	0.0	0
151	4661	1.0	1.0	0.0	0
152	4682	1.0	1.0	0.0	0
153	4704	1.0	1.0	0.0	0
154	4727	1.0	1.0	0.0	0
155	4748	1.0	1.0	0.0	0
156	4770	1.0	1.0	0.0	0
157	4792	1.0	1.0	0.0	0
158	4814	1.0	1.0	0.0	0
159	4836	1.0	1.0	0.0	0
160	4857	1.0	1.0	0.0	0
161	4879	1.0	1.0	0.0	0
162	4901	1.0	1.0	0.0	0
163	4922	1.0	1.0	0.0	0
164	4945	1.0	1.0	0.0	0
165	4968	1.0	1.0	0.0	0
166	4990	1.0	1.0	0.0	0
167	5013	1.0	1.0	0.0	0
168	5035	1.0	1.0	0.0	0
169	5056	1.0	1.0	0.0	0
170	5078	1.0	1.0	0.0	0
171	5100	1.0	1.0	0.0	0
172	5122	1.0	1.0	0.0	0
173	5144	1.0	1.0	0.0	0
174	5166	1.0	1.0	0.0	0
175	5187	1.0	1.0	0.0	0
176	5209	1.0	1.0	0.0	0
177	5232	1.0	1.0	0.0	0
178	5254	1.0	1.0	0.0	0
179	5275	1.0	1.0	0.0	0
180	5297	1.0	1.0	0.0	0
181	5320	1.0	1.0	0.0	0
182	5341	1.0	1.0	0.0	0
183	5363	1.0	1.0	0.0	0
184	5385	1.0	1.0	0.0	0
185	5407	1.0	1.0	0.0	0
186	5429	1.0	1.0	0.0	0
187	5450	1.0	1.0	0.0	0
188	5472	1.0	1.0	0.0	0
189	5493	1.0	1.0	0.0	0
190	5516	1.0	1.0	0.0	0
191	5538	1.0	1.0	0.0	0
192	5560	1.0	1.0	0.0	0
193	5582	1.0	1.0	0.0	0
194	5604	1.0	1.0	0.0	0
195	5627	1.0	1.0	0.0	0
196	5648	1.0	1.0	0.0	0
197	5671	1.0	1.0	0.0	0
198	5692	1.0	1.0	0.0	0
199	5715	1.0	1.0	0.0	0
200	5737	1.0	1.0	0.0	0
201	5760	1.0	1.0	0.0	0
202	5781	1.0	1.0	0.0	0
203	5804	1.0	1.0	0.0	0
204	5826	1.0	1.0	0.0	0
205	5848	1.0	1.0	0.0	0
206	5869	1.0	1.0	0.0	0
207	5891	1.0	1.0	0.0	0
208	5913	1.0	1.0	0.0	0
209	5935	1.0	1.0	0.0	0
210	5957	1.0	1.0	0.0	0
211	5978	1.0	1.0	0.0	0
212	6001	1.0	1.0	0.0	0
213	6022	1.0	1.0	0.0	0
214	6044	1.0	1.0	0.0	0
215	6067	1.0	1.0	0.0	0
216	6088	1.0	1.0	0.0	0
217	6110	1.0	1.0	0.0	0
218	6131	1.0	1.0	0.0	0
219	6153	1.0	1.0	0.0	0
220	6175	1.0	1.0	0.0	0
221	6196	1.0	1.0	0.0	0
222	6218	1.0	1.0	0.0	0
223	6241	1.0	1.0	0.0	0
224	6262	1.0	1.0	0.0	0
225	6284	1.0	1.0	0.0	0
226	6306	1.0	1.0	0.0	0
227	6328	1.0	1.0	0.0	0
228	6350	1.0	1.0	0.0	0
229	6371	1.0	1.0	0.0	0
230	6393	1.0	1.0	0.0	0
231	6415	1.0	1.0	0.0	0
232	6437	1.0	1.0	0.0	0
233	6460	1.0	1.0	0.0	0
234	6481	1.0	1.0	0.0	0
235	6503	1.0	1.0	0.0	0
236	6526	1.0	1.0	0.0	0
237	6547	1.0	1.0	0.0	0
238	6570	1.0	1.0	0.0	0
239	6591	1.0	1.0	0.0	0
240	6615	1.0	1.0	0.0	0
241	6637	1.0	1.0	0.0	0
242	6658	1.0	1.0	0.0	0
243	6680	1.0	1.0	0.0	0
244	6701	1.0	1.0	0.0	0
245	6723	1.0	1.0	0.0	0
246	6745	1.0	1.0	0.0	0
247	6767	1.0	1.0	0.0	1
248	6798	223.0	255.0	0.0	1
249	6828	222.0	260.0	0.0	1
250	6857	222.0	266.0	0.0	1
251	6888	223.0	270.0	0.0	1
252	6918	226.0	274.0	0.0	1
253	6947	229.0	278.0	0.0	1
254	6977	232.0	281.0	0.0	1
255	7007	236.0	282.0	0.0	1
256	7038	239.0	283.0	0.0	1
257	7068	242.0	284.0	0.0	1
258	7097	246.0	283.0	0.0	1
259	7126	250.0	282.0	0.0	1
260	7157	253.0	280.0	0.0	1
261	7187	257.0	277.0	0.0	1
262	7217	260.0	273.0	0.0	1
263	7246	264.0	268.0	0.0	1
264	7276	267.0	264.0	0.0	1
265	7305	270.0	260.0	0.0	1
266	7335	273.0	256.0	0.0	1
267	7366	275.0	252.0	0.0	1
268	7396	277.0	250.0	0.0	1
269	7425	280.0	246.0	0.0	1
270	7455	284.0	242.0	0.0	1
271	7485	287.0	238.0	0.0	1
272	7515	291.0	235.0	0.0	1
273	7545	294.0	232.0	0.0	1
274	7575	298.0	230.0	0.0	1
275	7605	300.0	228.0	0.0	1
276	7635	304.0	227.0	0.0	1
277	7664	307.0	226.0	0.0	1
278	7693	311.0	226.0	0.0	1
279	7722	313.0	227.0	0.0	1
280	7752	316.0	230.0	0.0	1
281	7781	317.0	233.0	0.0	1
282	7810	318.0	237.0	0.0	1
283	7839	319.0	241.0	0.0	1
284	7869	319.0	247.0	0.0	1
285	7898	317.0	253.0	0.0	1
286	7927	315.0	256.0	0.0	1
287	7956	314.0	258.0	0.0	1
288	7986	314.0	259.0	0.0	1
289	8015	314.0	259.0	0.0	1
290	8044	314.0	258.0	0.0	1
291	8073	314.0	258.0	0.0	1
292	8102	314.0	258.0	0.0	1
293	8131	314.0	258.0	0.0	1
294	8161	314.0	259.0	0.0	1
295	8190	314.0	258.0	0.0	1
296	8219	314.0	258.0	0.0	1
297	8247	314.0	258.0	0.0	1
298	8277	314.0	258.0	0.0	1
299	8306	314.0	258.0	0.0	1
300	8336	314.0	258.0	0.0	1
301	8365	314.0	258.0	0.0	1
302	8394	314.0	258.0	0.0	1
303	8423	314.0	258.0	0.0	1
304	8453	314.0	258.0	0.0	1
305	8482	314.0	258.0	0.0	1
306	8511	314.0	258.0	0.0	0
307	8532	314.0	258.0	0.0	0
308	8554	314.0	258.0	0.0	0
309	8576	314.0	258.0	0.0	0
310	8598	314.0	258.0	0.0	0
311	8621	314.0	258.0	0.0	0
312	8642	314.0	258.0	0.0	0
313	8664	314.0	258.0	0.0	0
314	8686	314.0	258.0	0.0	0
315	8708	314.0	258.0	0.0	0
316	8729	314.0	258.0	0.0	0
317	8752	314.0	258.0	0.0	0
318	8774	314.0	258.0	0.0	0
319	8797	314.0	258.0	0.0	0
320	8818	314.0	258.0	0.0	0
321	8840	314.0	258.0	0.0	0
322	8863	314.0	258.0	0.0	0
323	8885	314.0	258.0	0.0	0
324	8906	314.0	258.0	0.0	0
325	8928	314.0	258.0	0.0	0
326	8950	314.0	258.0	0.0	0
327	8971	314.0	258.0	0.0	0
328	8993	314.0	258.0	0.0	0
329	9015	314.0	258.0	0.0	0
330	9038	314.0	258.0	0.0	0
331	9060	314.0	258.0	0.0	0
332	9082	314.0	258.0	0.0	0
333	9104	314.0	258.0	0.0	0
334	9125	314.0	258.0	0.0	0
335	9148	314.0	258.0	0.0	0
336	9170	314.0	258.0	0.0	0
337	9192	314.0	258.0	0.0	0
338	9215	314.0	258.0	0.0	0
339	9237	314.0	258.0	0.0	0
340	9259	314.0	258.0	0.0	0
341	9281	314.0	258.0	0.0	0
342	9303	314.0	258.0	0.0	0
343	9326	314.0	258.0	0.0	0
344	9347	314.0	258.0	0.0	0
345	9369	314.0	258.0	0.0	0
346	9391	314.0	258.0	0.0	0
347	9414	314.0	258.0	0.0	0
348	9436	314.0	258.0	0.0	0
349	9458	314.0	258.0	0.0	0
350	9481	314.0	258.0	0.0	0
351	9503	314.0	258.0	0.0	0
352	9524	314.0	258.0	0.0	0
353	9546	314.0	258.0	0.0	0
354	9569	314.0	258.0	0.0	0
355	9590	314.0	258.0	0.0	0
356	9612	314.0	258.0	0.0	0
357	9634	314.0	258.0	0.0	0
358	9657	314.0	258.0	0.0	0
359	9678	314.0	258.0	0.0	0
360	9700	314.0	258.0	0.0	0
361	9722	314.0	258.0	0.0	0
362	9744	314.0	258.0	0.0	0
363	9766	314.0	258.0	0.0	0
364	9788	314.0	258.0	0.0	0
365	9810	314.0	258.0	0.0	0
366	9832	314.0	258.0	0.0	0
367	9855	314.0	258.0	0.0	0
368	9877	314.0	258.0	0.0	0
369	9898	314.0	258.0	0.0	0
370	9920	314.0	258.0	0.0	0
371	9943	314.0	258.0	0.0	0
372	9965	314.0	258.0	0.0	0
373	9988	314.0	258.0	0.0	0
374	10010	314.0	258.0	0.0	0
375	10031	314.0	258.0	0.0	0
376	10054	314.0	258.0	0.0	0
377	10076	314.0	258.0	0.0	0
378	10098	314.0	258.0	0.0	0
379	10120	314.0	258.0	0.0	0
380	10142	314.0	258.0	0.0	0
381	10164	314.0	258.0	0.0	0
382	10187	314.0	258.0	0.0	0
383	10208	314.0	258.0	0.0	0
384	10230	314.0	258.0	0.0	0
385	10252	314.0	258.0	0.0	0
386	10274	314.0	258.0	0.0	0
387	10295	314.0	258.0	0.0	0
388	10318	314.0	258.0	0.0	0
389	10340	314.0	258.0	0.0	0
390	10362	314.0	258.0	0.0	0
391	10385	314.0	258.0	0.0	0
392	10407	314.0	258.0	0.0	0
393	10428	314.0	258.0	0.0	0
394	10451	314.0	258.0	0.0	0
395	10472	314.0	258.0	0.0	0
396	10494	314.0	258.0	0.0	0
397	10516	314.0	258.0	0.0	0
398	10538	314.0	258.0	0.0	0
399	10561	314.0	258.0	0.0	0
400	10582	314.0	258.0	0.0	0
401	10605	314.0	258.0	0.0	0
402	10627	314.0	258.0	0.0	0
403	10650	314.0	258.0	0.0	0
404	10672	314.0	258.0	0.0	0
405	10694	314.0	258.0	0.0	0
406	10715	314.0	258.0	0.0	0
407	10737	314.0	258.0	0.0	0
408	10759	314.0	258.0	0.0	0
409	10781	314.0	258.0	0.0	0
410	10803	314.0	258.0	0.0	0
411	10826	314.0	258.0	0.0	0
412	10847	314.0	258.0	0.0	0
413	10870	314.0	258.0	0.0	0
414	10892	314.0	258.0	0.0	0
415	10913	314.0	258.0	0.0	0
416	10936	314.0	258.0	0.0	0
417	10957	314.0	258.0	0.0	0
418	10979	314.0	258.0	0.0	0
419	11001	314.0	258.0	0.0	0
420	11023	314.0	258.0	0.0	0
421	11045	314.0	258.0	0.0	0
422	11067	314.0	258.0	0.0	0
423	11089	314.0	258.0	0.0	0
424	11111	314.0	258.0	0.0	0
425	11134	314.0	258.0	0.0	0
426	11156	314.0	258.0	0.0	0
427	11178	314.0	258.0	0.0	0
428	11200	314.0	258.0	0.0	0
429	11222	314.0	258.0	0.0	0
430	11244	314.0	258.0	0.0	0
431	11266	314.0	258.0	0.0	0
432	11288	314.0	258.0	0.0	0
433	11309	314.0	258.0	0.0	0
434	11331	314.0	258.0	0.0	0
435	11353	314.0	258.0	0.0	0
436	11375	314.0	258.0	0.0	0
437	11398	314.0	258.0	0.0	0
438	11420	314.0	258.0	0.0	0
439	11442	314.0	258.0	0.0	0
440	11466	314.0	258.0	0.0	0
441	11488	314.0	258.0	0.0	0
442	11509	314.0	258.0	0.0	0
443	11531	314.0	258.0	0.0	0
444	11554	314.0	258.0	0.0	0
445	11576	314.0	258.0	0.0	0
446	11599	314.0	258.0	0.0	0
447	11620	314.0	258.0	0.0	0
448	11642	314.0	258.0	0.0	0
449	11664	314.0	258.0	0.0	0
450	11687	314.0	258.0	0.0	0
451	11709	314.0	258.0	0.0	0
452	11731	314.0	258.0	0.0	0
453	11753	314.0	258.0	0.0	0
454	11776	314.0	258.0	0.0	0
455	11798	314.0	258.0	0.0	0
456	11820	314.0	258.0	0.0	0
457	11842	314.0	258.0	0.0	0
458	11864	314.0	258.0	0.0	0
459	11886	314.0	258.0	0.0	0
460	11907	314.0	258.0	0.0	0
461	11929	314.0	258.0	0.0	0
462	11951	314.0	258.0	0.0	0
463	11973	314.0	258.0	0.0	0
464	11995	314.0	258.0	0.0	1
465	12025	285.0	254.0	0.0	1
466	12055	284.0	258.0	0.0	1
467	12083	285.0	262.0	0.0	1
468	12112	286.0	266.0	0.0	1
469	12141	288.0	269.0	0.0	1
470	12171	289.0	272.0	0.0	1
471	12201	291.0	274.0	0.0	1
472	12230	293.0	276.0	0.0	1
473	12260	296.0	277.0	0.0	1
474	12289	299.0	278.0	0.0	1
475	12319	302.0	279.0	0.0	1
476	12348	304.0	278.0	0.0	0
477	12369	304.0	278.0	0.0	0
478	12392	304.0	278.0	0.0	0
479	12413	304.0	278.0	0.0	0
480	12436	304.0	278.0	0.0	0
481	12458	304.0	278.0	0.0	0
482	12479	304.0	278.0	0.0	0
483	12502	304.0	278.0	0.0	0
484	12523	304.0	278.0	0.0	0
485	12545	304.0	278.0	0.0	0
486	12567	304.0	278.0	0.0	0
487	12589	304.0	278.0	0.0	0
488	12612	304.0	278.0	0.0	0
489	12634	304.0	278.0	0.0	0
490	12656	304.0	278.0	0.0	0
491	12678	304.0	278.0	0.0	0
492	12700	304.0	278.0	0.0	0
493	12722	304.0	278.0	0.0	0
494	12744	304.0	278.0	0.0	0
495	12766	304.0	278.0	0.0	0
496	12788	304.0	278.0	0.0	0
497	12810	304.0	278.0	0.0	0
498	12833	304.0	278.0	0.0	1
499	12862	316.0	295.0	0.0	1
500	12893	315.0	300.0	0.0	1
501	12922	316.0	303.0	0.0	1
502	12952	316.0	307.0	0.0	1
503	12981	317.0	310.0	0.0	1
504	13011	319.0	314.0	0.0	1
505	13040	321.0	317.0	0.0	1
506	13070	323.0	321.0	0.0	1
507	13098	325.0	324.0	0.0	1
508	13128	328.0	327.0	0.0	1
509	13157	332.0	330.0	0.0	1
510	13187	336.0	332.0	0.0	1
511	13216	340.0	335.0	0.0	1
512	13245	345.0	336.0	0.0	1
513	13275	350.0	336.0	0.0	1
514	13304	355.0	337.0	0.0	1
515	13335	360.0	335.0	0.0	1
516	13364	364.0	333.0	0.0	1
517	13394	368.0	331.0	0.0	1
518	13424	372.0	328.0	0.0	1
519	13453	375.0	325.0	0.0	1
520	13484	379.0	322.0	0.0	1
521	13512	381.0	319.0	0.0	1
522	13542	384.0	315.0	0.0	1
523	13571	386.0	311.0	0.0	1
524	13601	387.0	306.0	0.0	1
525	13630	387.0	302.0	0.0	1
526	13659	387.0	298.0	0.0	1
527	13689	385.0	294.0	0.0	1
528	13719	384.0	291.0	0.0	1
529	13749	382.0	287.0	0.0	1
530	13779	379.0	283.0	0.0	1
531	13807	377.0	280.0	0.0	1
532	13837	374.0	278.0	0.0	1
533	13866	372.0	276.0	0.0	1
534	13895	369.0	275.0	0.0	1
535	13924	368.0	274.0	0.0	1
536	13953	367.0	274.0	0.0	1
537	13982	366.0	273.0	0.0	1
538	14013	365.0	273.0	0.0	1
539	14042	363.0	273.0	0.0	1
540	14072	362.0	273.0	0.0	1
541	14101	360.0	273.0	0.0	1
542	14130	359.0	274.0	0.0	1
543	14159	359.0	274.0	0.0	1
544	14188	359.0	274.0	0.0	1
545	14218	358.0	274.0	0.0	1
546	14247	358.0	274.0	0.0	1
547	14276	358.0	274.0	0.0	1
548	14305	358.0	274.0	0.0	1
549	14335	357.0	275.0	0.0	1
550	14364	357.0	275.0	0.0	1
551	14394	356.0	276.0	0.0	1
552	14423	355.0	276.0	0.0	1
553	14453	354.0	277.0	0.0	1
554	14482	354.0	277.0	0.0	1
555	14512	354.0	277.0	0.0	1
556	14542	354.0	278.0	0.0	1
557	14571	353.0	279.0	0.0	1
558	14600	351.0	280.0	0.0	1
559	14629	350.0	281.0	0.0	1
560	14659	349.0	283.0	0.0	1
561	14689	348.0	284.0	0.0	1
562	14718	347.0	285.0	0.0	1
563	14747	346.0	286.0	0.0	1
564	14776	345.0	287.0	0.0	1
565	14807	344.0	288.0	0.0	1
566	14837	344.0	289.0	0.0	1
567	14865	344.0	289.0	0.0	1
568	14894	343.0	289.0	0.0	1
569	14924	343.0	289.0	0.0	1
570	14953	343.0	289.0	0.0	1
571	14982	343.0	289.0	0.0	1
572	15011	343.0	289.0	0.0	1
573	15041	343.0	289.0	0.0	1
574	15070	343.0	289.0	0.0	1
575	15099	343.0	289.0	0.0	1
576	15128	343.0	289.0	0.0	1
577	15157	343.0	289.0	0.0	1
578	15186	343.0	289.0	0.0	1
579	15215	343.0	289.0	0.0	1
580	15245	343.0	289.0	0.0	1
581	15274	343.0	289.0	0.0	1
582	15303	343.0	289.0	0.0	1
583	15332	343.0	289.0	0.0	1
584	15362	343.0	289.0	0.0	1
585	15391	343.0	289.0	0.0	1
586	15420	343.0	289.0	0.0	1
587	15449	343.0	289.0	0.0	1
588	15478	343.0	289.0	0.0	1
589	15508	343.0	289.0	0.0	1
590	15537	343.0	289.0	0.0	1
591	15567	343.0	289.0	0.0	1
592	15596	343.0	289.0	0.0	1
593	15625	343.0	289.0	0.0	1
594	15655	343.0	289.0	0.0	1
595	15687	343.0	289.0	0.0	1
596	15715	343.0	289.0	0.0	1
597	15744	343.0	289.0	0.0	1
598	15773	343.0	289.0	0.0	1
599	15803	343.0	289.0	0.0	1
600	15831	343.0	289.0	0.0	1
601	15861	343.0	289.0	0.0	1
602	15891	343.0	289.0	0.0	1
603	15920	343.0	289.0	0.0	1
604	15949	343.0	289.0	0.0	1
605	15979	343.0	289.0	0.0	1
606	16008	343.0	289.0	0.0	1
607	16036	343.0	289.0	0.0	1
608	16066	343.0	289.0	0.0	1
609	16095	343.0	289.0	0.0	1
610	16124	343.0	289.0	0.0	1
611	16154	343.0	289.0	0.0	1
612	16185	344.0	289.0	0.0	1
613	16213	343.0	289.0	0.0	1
614	16243	343.0	289.0	0.0	1
615	16273	344.0	289.0	0.0	1
616	16302	344.0	289.0	0.0	1
617	16332	343.0	289.0	0.0	1
618	16361	343.0	289.0	0.0	1
619	16391	343.0	289.0	0.0	1
620	16421	343.0	289.0	0.0	1
621	16449	344.0	289.0	0.0	1
622	16481	343.0	289.0	0.0	1
623	16511	343.0	289.0	0.0	1
624	16540	343.0	289.0	0.0	1
625	16569	343.0	289.0	0.0	1
626	16599	344.0	289.0	0.0	1
627	16628	343.0	289.0	0.0	1
628	16657	344.0	289.0	0.0	1
629	16686	343.0	289.0	0.0	1
630	16716	344.0	289.0	0.0	1
631	16745	343.0	289.0	0.0	1
632	16774	344.0	289.0	0.0	1
633	16804	343.0	289.0	0.0	1
634	16833	344.0	289.0	0.0	1
635	16862	344.0	289.0	0.0	1
636	16892	344.0	289.0	0.0	1
637	16922	343.0	289.0	0.0	1
638	16951	343.0	289.0	0.0	1
639	16981	344.0	289.0	0.0	1
640	17010	344.0	289.0	0.0	1
641	17040	344.0	289.0	0.0	1
642	17069	344.0	289.0	0.0	1
643	17099	343.0	289.0	0.0	1
644	17128	343.0	289.0	0.0	1
645	17158	343.0	289.0	0.0	1
646	17187	343.0	289.0	0.0	1
647	17218	344.0	289.0	0.0	1
648	17247	343.0	289.0	0.0	1
649	17276	344.0	289.0	0.0	1
650	17305	344.0	289.0	0.0	1
651	17335	343.0	289.0	0.0	1
652	17364	343.0	289.0	0.0	1
653	17394	343.0	289.0	0.0	1
654	17423	343.0	289.0	0.0	1
655	17453	343.0	289.0	0.0	1
656	17482	343.0	289.0	0.0	1
657	17512	343.0	289.0	0.0	1
658	17542	344.0	289.0	0.0	1
659	17571	343.0	289.0	0.0	1
660	17601	344.0	289.0	0.0	1
661	17630	343.0	289.0	0.0	1
662	17660	343.0	289.0	0.0	1
663	17690	343.0	289.0	0.0	1
664	17719	343.0	289.0	0.0	1
665	17747	343.0	289.0	0.0	1
666	17777	343.0	289.0	0.0	1
667	17807	343.0	289.0	0.0	1
668	17836	344.0	289.0	0.0	1
669	17865	343.0	289.0	0.0	1
670	17896	344.0	289.0	0.0	1
671	17925	343.0	289.0	0.0	1
672	17955	344.0	289.0	0.0	1
673	17984	343.0	289.0	0.0	1
674	18013	343.0	289.0	0.0	1
675	18044	344.0	289.0	0.0	1
676	18074	343.0	289.0	0.0	1
677	18103	344.0	289.0	0.0	1
678	18132	343.0	289.0	0.0	1
679	18161	343.0	289.0	0.0	1
680	18190	343.0	289.0	0.0	1
681	18220	343.0	289.0	0.0	1
682	18249	343.0	289.0	0.0	1
683	18278	343.0	289.0	0.0	1
684	18307	343.0	290.0	0.0	1
685	18338	343.0	290.0	0.0	1
686	18367	343.0	290.0	0.0	1
687	18397	342.0	291.0	0.0	1
688	18427	342.0	292.0	0.0	1
689	18457	342.0	293.0	0.0	1
690	18486	342.0	294.0	0.0	1
691	18515	341.0	296.0	0.0	1
692	18545	341.0	297.0	0.0	1
693	18575	341.0	299.0	0.0	1
694	18604	340.0	300.0	0.0	1
695	18633	339.0	302.0	0.0	1
696	18663	338.0	303.0	0.0	1
697	18693	337.0	304.0	0.0	1
698	18723	334.0	305.0	0.0	1
699	18753	330.0	307.0	0.0	1
700	18782	328.0	309.0	0.0	1
701	18812	326.0	310.0	0.0	1
702	18844	323.0	312.0	0.0	1
703	18873	317.0	314.0	0.0	1
704	18903	313.0	316.0	0.0	1
705	18932	309.0	318.0	0.0	1
706	18962	304.0	321.0	0.0	1
707	18991	298.0	324.0	0.0	1
708	19021	292.0	327.0	0.0	1
709	19050	286.0	331.0	0.0	1
710	19079	279.0	334.0	0.0	1
711	19109	272.0	337.0	0.0	1
712	19138	268.0	338.0	0.0	1
713	19168	266.0	339.0	0.0	1
714	19197	265.0	340.0	0.0	1
715	19228	263.0	341.0	0.0	1
716	19257	259.0	342.0	0.0	1
717	19287	254.0	343.0	0.0	1
718	19315	250.0	345.0	0.0	1
719	19344	246.0	346.0	0.0	1
720	19374	243.0	347.0	0.0	1
721	19404	241.0	347.0	0.0	1
722	19434	240.0	348.0	0.0	1
723	19463	240.0	348.0	0.0	1
724	19492	240.0	348.0	0.0	1
725	19522	240.0	348.0	0.0	1
726	19551	240.0	348.0	0.0	1
727	19581	240.0	348.0	0.0	1
728	19611	240.0	348.0	0.0	1
729	19640	240.0	348.0	0.0	1
730	19670	240.0	348.0	0.0	1
731	19699	240.0	348.0	0.0	1
732	19729	240.0	348.0	0.0	1
733	19758	240.0	348.0	0.0	1
734	19788	240.0	348.0	0.0	1
735	19817	240.0	348.0	0.0	1
736	19847	240.0	348.0	0.0	1
737	19876	240.0	348.0	0.0	1
738	19905	240.0	348.0	0.0	1
739	19935	240.0	348.0	0.0	1
740	19964	240.0	348.0	0.0	1
741	19993	240.0	348.0	0.0	1
742	20023	240.0	348.0	0.0	1
743	20053	240.0	348.0	0.0	1
744	20083	240.0	348.0	0.0	1
745	20112	240.0	348.0	0.0	1
746	20142	240.0	348.0	0.0	1
747	20171	240.0	348.0	0.0	0
748	20193	240.0	348.0	0.0	0
749	20215	240.0	348.0	0.0	0
750	20237	240.0	348.0	0.0	0
751	20260	240.0	348.0	0.0	0
752	20282	240.0	348.0	0.0	0
753	20305	240.0	348.0	0.0	0
754	20327	240.0	348.0	0.0	0
755	20348	240.0	348.0	0.0	0
756	20371	240.0	348.0	0.0	0
757	20393	240.0	348.0	0.0	0
758	20416	240.0	348.0	0.0	0
759	20438	240.0	348.0	0.0	0
760	20480	240.0	348.0	0.0	0
761	20503	240.0	348.0	0.0	0
762	20527	240.0	348.0	0.0	0
763	20549	240.0	348.0	0.0	0
764	20571	240.0	348.0	0.0	0
765	20594	240.0	348.0	0.0	0
766	20616	240.0	348.0	0.0	0
767	20638	240.0	348.0	0.0	0
768	20660	240.0	348.0	0.0	0
769	20683	240.0	348.0	0.0	0
770	20706	240.0	348.0	0.0	0
771	20729	240.0	348.0	0.0	1
772	20757	252.0	327.0	0.0	1
773	20787	251.0	331.0	0.0	1
774	20817	252.0	335.0	0.0	1
775	20847	252.0	338.0	0.0	1
776	20877	254.0	341.0	0.0	1
777	20906	255.0	345.0	0.0	1
778	20936	257.0	347.0	0.0	1
779	20965	260.0	349.0	0.0	1
780	20995	263.0	352.0	0.0	1
781	21025	268.0	354.0	0.0	1
782	21054	271.0	355.0	0.0	1
783	21084	277.0	356.0	0.0	1
784	21113	282.0	356.0	0.0	1
785	21142	288.0	355.0	0.0	1
786	21172	294.0	352.0	0.0	1
787	21202	299.0	348.0	0.0	1
788	21231	304.0	342.0	0.0	1
789	21260	308.0	338.0	0.0	1
790	21290	311.0	332.0	0.0	1
791	21319	314.0	326.0	0.0	1
792	21349	315.0	321.0	0.0	1
793	21378	316.0	315.0	0.0	1
794	21408	315.0	311.0	0.0	1
795	21438	311.0	306.0	0.0	1
796	21468	305.0	302.0	0.0	1
797	21499	299.0	299.0	0.0	1
798	21529	293.0	298.0	0.0	1
799	21557	287.0	297.0	0.0	1
800	21586	281.0	300.0	0.0	1
801	21616	275.0	304.0	0.0	1
802	21645	271.0	309.0	0.0	1
803	21675	268.0	314.0	0.0	1
804	21705	267.0	319.0	0.0	1
805	21734	266.0	324.0	0.0	1
806	21763	265.0	329.0	0.0	1
807	21794	265.0	334.0	0.0	1
808	21823	267.0	339.0	0.0	1
809	21852	270.0	344.0	0.0	1
810	21882	274.0	348.0	0.0	1
811	21911	278.0	352.0	0.0	1
812	21941	284.0	354.0	0.0	1
813	21970	290.0	356.0	0.0	1
814	21999	295.0	357.0	0.0	1
815	22029	301.0	358.0	0.0	1
816	22059	306.0	359.0	0.0	1
817	22088	311.0	359.0	0.0	1
818	22117	316.0	357.0	0.0	1
819	22147	321.0	354.0	0.0	1
820	22176	325.0	350.0	0.0	1
821	22206	329.0	347.0	0.0	1
822	22235	334.0	342.0	0.0	1
823	22264	337.0	337.0	0.0	1
824	22294	340.0	332.0	0.0	1
825	22324	343.0	327.0	0.0	1
826	22352	344.0	322.0	0.0	1
827	22382	345.0	317.0	0.0	1
828	22411	346.0	313.0	0.0	1
829	22441	344.0	309.0	0.0	1
830	22470	340.0	305.0	0.0	1
831	22500	338.0	303.0	0.0	1
832	22529	337.0	302.0	0.0	1
833	22557	336.0	301.0	0.0	1
834	22588	336.0	301.0	0.0	1
835	22616	336.0	301.0	0.0	1
836	22646	336.0	301.0	0.0	0
837	22669	336.0	301.0	0.0	0
838	22690	336.0	301.0	0.0	0
839	22712	336.0	301.0	0.0	0
840	22735	336.0	301.0	0.0	0
841	22757	336.0	301.0	0.0	0
842	22779	336.0	301.0	0.0	0
843	22802	336.0	301.0	0.0	0
844	22825	336.0	301.0	0.0	0
845	22846	336.0	301.0	0.0	0
846	22868	336.0	301.0	0.0	0
847	22890	336.0	301.0	0.0	0
848	22913	336.0	301.0	0.0	0
849	22934	336.0	301.0	0.0	0
850	22956	336.0	301.0	0.0	0
851	22979	336.0	301.0	0.0	0
852	23000	336.0	301.0	0.0	0
853	23022	336.0	301.0	0.0	0
854	23045	336.0	301.0	0.0	0
855	23066	336.0	301.0	0.0	0
856	23088	336.0	301.0	0.0	0
857	23111	336.0	301.0	0.0	0
858	23133	336.0	301.0	0.0	0
859	23155	336.0	301.0	0.0	0
860	23176	336.0	301.0	0.0	0
861	23198	336.0	301.0	0.0	0
862	23221	336.0	301.0	0.0	0
863	23243	336.0	301.0	0.0	0
864	23265	336.0	301.0	0.0	0
865	23287	336.0	301.0	0.0	0
866	23309	336.0	301.0	0.0	0
867	23331	336.0	301.0	0.0	0
868	23353	336.0	301.0	0.0	0
869	23375	336.0	301.0	0.0	0
870	23397	336.0	301.0	0.0	0
871	23420	336.0	301.0	0.0	0
872	23441	336.0	301.0	0.0	0
873	23464	336.0	301.0	0.0	0
874	23485	336.0	301.0	0.0	0
875	23507	336.0	301.0	0.0	0
876	23529	336.0	301.0	0.0	0
877	23550	336.0	301.0	0.0	0
878	23572	336.0	301.0	0.0	0
879	23595	336.0	301.0	0.0	0
880	23616	336.0	301.0	0.0	0
881	23639	336.0	301.0	0.0	0
882	23661	336.0	301.0	0.0	0
883	23683	336.0	301.0	0.0	0
884	23705	336.0	301.0	0.0	0
885	23727	336.0	301.0	0.0	0
886	23748	336.0	301.0	0.0	0
887	23771	336.0	301.0	0.0	0
888	23793	336.0	301.0	0.0	0
889	23815	336.0	301.0	0.0	0
890	23838	336.0	301.0	0.0	0
891	23861	336.0	301.0	0.0	0
892	23883	336.0	301.0	0.0	0
893	23904	336.0	301.0	0.0	0
894	23927	336.0	301.0	0.0	0
895	23948	336.0	301.0	0.0	0
896	23970	336.0	301.0	0.0	0
897	23992	336.0	301.0	0.0	0
898	24015	336.0	301.0	0.0	0
899	24036	336.0	301.0	0.0	0
900	24059	336.0	301.0	0.0	0
901	24081	336.0	301.0	0.0	0
902	24103	336.0	301.0	0.0	0
903	24125	336.0	301.0	0.0	0
904	24147	336.0	301.0	0.0	0
905	24169	336.0	301.0	0.0	0
906	24191	336.0	301.0	0.0	0
907	24213	336.0	301.0	0.0	0
908	24236	336.0	301.0	0.0	0
909	24258	336.0	301.0	0.0	0
910	24280	336.0	301.0	0.0	0
911	24302	336.0	301.0	0.0	0
912	24324	336.0	301.0	0.0	0
913	24347	336.0	301.0	0.0	0
914	24369	336.0	301.0	0.0	0
915	24391	336.0	301.0	0.0	0
916	24413	336.0	301.0	0.0	0
917	24436	336.0	301.0	0.0	0
918	24458	336.0	301.0	0.0	0
919	24480	336.0	301.0	0.0	0
920	24502	336.0	301.0	0.0	0
921	24524	336.0	301.0	0.0	0
922	24546	336.0	301.0	0.0	0
923	24567	336.0	301.0	0.0	0
924	24589	336.0	301.0	0.0	0
925	24612	336.0	301.0	0.0	0
926	24633	336.0	301.0	0.0	0
927	24655	336.0	301.0	0.0	0
928	24677	336.0	301.0	0.0	0
929	24699	336.0	301.0	0.0	0
930	24721	336.0	301.0	0.0	0
931	24743	336.0	301.0	0.0	0
932	24765	336.0	301.0	0.0	0
933	24787	336.0	301.0	0.0	0
934	24810	336.0	301.0	0.0	0
935	24832	336.0	301.0	0.0	0
936	24855	336.0	301.0	0.0	0
937	24876	336.0	301.0	0.0	0
938	24899	336.0	301.0	0.0	0
939	24920	336.0	301.0	0.0	0
940	24943	336.0	301.0	0.0	0
941	24965	336.0	301.0	0.0	0
942	24986	336.0	301.0	0.0	0
943	25008	336.0	301.0	0.0	0
944	25030	336.0	301.0	0.0	0
945	25052	336.0	301.0	0.0	0
946	25074	336.0	301.0	0.0	0
947	25096	336.0	301.0	0.0	0
948	25118	336.0	301.0	0.0	0
949	25140	336.0	301.0	0.0	0
950	25162	336.0	301.0	0.0	0
951	25185	336.0	301.0	0.0	0
952	25206	336.0	301.0	0.0	0
953	25228	336.0	301.0	0.0	0
954	25250	336.0	301.0	0.0	0
955	25271	336.0	301.0	0.0	0
956	25293	336.0	301.0	0.0	0
957	25316	336.0	301.0	0.0	0
958	25337	336.0	301.0	0.0	0
959	25360	336.0	301.0	0.0	0
960	25382	336.0	301.0	0.0	0
961	25404	336.0	301.0	0.0	0
962	25426	336.0	301.0	0.0	0
963	25447	336.0	301.0	0.0	0
964	25470	336.0	301.0	0.0	0
965	25491	336.0	301.0	0.0	0
966	25514	336.0	301.0	0.0	0
967	25536	336.0	301.0	0.0	0
968	25558	336.0	301.0	0.0	0
969	25579	336.0	301.0	0.0	0
970	25601	336.0	301.0	0.0	0
971	25623	336.0	301.0	0.0	0
972	25644	336.0	301.0	0.0	0
973	25667	336.0	301.0	0.0	0
974	25689	336.0	301.0	0.0	0
975	25712	336.0	301.0	0.0	0
976	25734	336.0	301.0	0.0	0
977	25756	336.0	301.0	0.0	0
978	25778	336.0	301.0	0.0	0
979	25801	336.0	301.0	0.0	0
980	25823	336.0	301.0	0.0	0
981	25845	336.0	301.0	0.0	0
982	25867	336.0	301.0	0.0	0
983	25889	336.0	301.0	0.0	0
984	25911	336.0	301.0	0.0	0
985	25933	336.0	301.0	0.0	0
986	25955	336.0	301.0	0.0	0
987	25978	336.0	301.0	0.0	0
988	26000	336.0	301.0	0.0	0
989	26023	336.0	301.0	0.0	0
990	26045	336.0	301.0	0.0	0
991	26067	336.0	301.0	0.0	0
992	26089	336.0	301.0	0.0	0
993	26112	336.0	301.0	0.0	0
994	26134	336.0	301.0	0.0	0
995	26156	336.0	301.0	0.0	0
996	26178	336.0	301.0	0.0	0
997	26200	336.0	301.0	0.0	0
998	26221	336.0	301.0	0.0	0
999	26244	336.0	301.0	0.0	0
1000	26266	336.0	301.0	0.0	0
1001	26288	336.0	301.0	0.0	0
1002	26310	336.0	301.0	0.0	0
1003	26332	336.0	301.0	0.0	0
1004	26354	336.0	301.0	0.0	0
1005	26376	336.0	301.0	0.0	0
1006	26398	336.0	301.0	0.0	0
1007	26420	336.0	301.0	0.0	0
1008	26442	336.0	301.0	0.0	0
1009	26464	336.0	301.0	0.0	0
1010	26486	336.0	301.0	0.0	0
1011	26509	336.0	301.0	0.0	0
1012	26531	336.0	301.0	0.0	0
1013	26553	336.0	301.0	0.0	0
1014	26574	336.0	301.0	0.0	0
1015	26596	336.0	301.0	0.0	0
1016	26619	336.0	301.0	0.0	0
1017	26640	336.0	301.0	0.0	0
1018	26662	336.0	301.0	0.0	0
1019	26685	336.0	301.0	0.0	0
1020	26706	336.0	301.0	0.0	0
1021	26729	336.0	301.0	0.0	0
1022	26750	336.0	301.0	0.0	0
1023	26772	336.0	301.0	0.0	0
1024	26794	336.0	301.0	0.0	0
1025	26816	336.0	301.0	0.0	0
1026	26838	336.0	301.0	0.0	0
1027	26860	336.0	301.0	0.0	0
1028	26883	336.0	301.0	0.0	0
1029	26904	336.0	301.0	0.0	0
1030	26926	336.0	301.0	0.0	0
1031	26948	336.0	301.0	0.0	0
1032	26971	336.0	301.0	0.0	0
1033	26994	336.0	301.0	0.0	0
1034	27016	336.0	301.0	0.0	0
1035	27038	336.0	301.0	0.0	0
1036	27061	336.0	301.0	0.0	0
1037	27083	336.0	301.0	0.0	0
1038	27105	336.0	301.0	0.0	0
1039	27128	336.0	301.0	0.0	0
1040	27150	336.0	301.0	0.0	0
1041	27172	336.0	301.0	0.0	0
1042	27194	336.0	301.0	0.0	0
1043	27216	336.0	301.0	0.0	0
1044	27238	336.0	301.0	0.0	0
1045	27260	336.0	301.0	0.0	0
1046	27282	336.0	301.0	0.0	0
1047	27304	336.0	301.0	0.0	0
1048	27326	336.0	301.0	0.0	0
1049	27348	336.0	301.0	0.0	0
1050	27371	336.0	301.0	0.0	0
1051	27393	336.0	301.0	0.0	0
1052	27414	336.0	301.0	0.0	0
1053	27437	336.0	301.0	0.0	0
1054	27460	336.0	301.0	0.0	0
1055	27483	336.0	301.0	0.0	0
1056	27505	336.0	301.0	0.0	0
1057	27527	336.0	301.0	0.0	0
1058	27549	336.0	301.0	0.0	0
1059	27570	336.0	301.0	0.0	0
1060	27593	336.0	301.0	0.0	0
1061	27615	336.0	301.0	0.0	0
1062	27637	336.0	301.0	0.0	0
1063	27658	336.0	301.0	0.0	0
1064	27681	336.0	301.0	0.0	0
1065	27704	336.0	301.0	0.0	0
1066	27726	336.0	301.0	0.0	0
1067	27748	336.0	301.0	0.0	0
1068	27770	336.0	301.0	0.0	0
1069	27792	336.0	301.0	0.0	0
1070	27814	336.0	301.0	0.0	0
1071	27836	336.0	301.0	0.0	0
1072	27858	336.0	301.0	0.0	0
1073	27880	336.0	301.0	0.0	0
1074	27902	336.0	301.0	0.0	0
1075	27924	336.0	301.0	0.0	0
1076	27947	336.0	301.0	0.0	0
1077	27969	336.0	301.0	0.0	0
1078	27991	336.0	301.0	0.0	0
1079	28013	336.0	301.0	0.0	0
1080	28036	336.0	301.0	0.0	0
1081	28058	336.0	301.0	0.0	0
1082	28079	336.0	301.0	0.0	0
1083	28101	336.0	301.0	0.0	0
1084	28123	336.0	301.0	0.0	0
1085	28145	336.0	301.0	0.0	0
1086	28167	336.0	301.0	0.0	0
1087	28190	336.0	301.0	0.0	0
1088	28212	336.0	301.0	0.0	0
1089	28234	336.0	301.0	0.0	0
1090	28255	336.0	301.0	0.0	0
1091	28277	336.0	301.0	0.0	0
1092	28299	336.0	301.0	0.0	0
1093	28321	336.0	301.0	0.0	0
1094	28344	336.0	301.0	0.0	0
1095	28366	336.0	301.0	0.0	0
1096	28387	336.0	301.0	0.0	0
1097	28410	336.0	301.0	0.0	0
1098	28432	336.0	301.0	0.0	0
1099	28454	336.0	301.0	0.0	0
1100	28476	336.0	301.0	0.0	0
1101	28498	336.0	301.0	0.0	0
1102	28521	336.0	301.0	0.0	0
1103	28543	336.0	301.0	0.0	0
1104	28564	336.0	301.0	0.0	0
1105	28586	336.0	301.0	0.0	0
1106	28608	336.0	301.0	0.0	0
1107	28630	336.0	301.0	0.0	0
1108	28652	336.0	301.0	0.0	0
1109	28674	336.0	301.0	0.0	0
1110	28697	336.0	301.0	0.0	0
1111	28719	336.0	301.0	0.0	0
1112	28740	336.0	301.0	0.0	0
1113	28762	336.0	301.0	0.0	0
1114	28785	336.0	301.0	0.0	0
1115	28807	336.0	301.0	0.0	0
1116	28828	336.0	301.0	0.0	0
1117	28851	336.0	301.0	0.0	0
1118	28872	336.0	301.0	0.0	0
1119	28894	336.0	301.0	0.0	0
1120	28917	336.0	301.0	0.0	0
1121	28939	336.0	301.0	0.0	0
1122	28961	336.0	301.0	0.0	0
1123	28984	336.0	301.0	0.0	0
1124	29006	336.0	301.0	0.0	0
1125	29028	336.0	301.0	0.0	0
1126	29050	336.0	301.0	0.0	0
1127	29073	336.0	301.0	0.0	0
1128	29094	336.0	301.0	0.0	0
1129	29116	336.0	301.0	0.0	0
1130	29138	336.0	301.0	0.0	0
1131	29160	336.0	301.0	0.0	0
1132	29182	336.0	301.0	0.0	0
1133	29205	336.0	301.0	0.0	0
1134	29228	336.0	301.0	0.0	0
1135	29250	336.0	301.0	0.0	0
1136	29272	336.0	301.0	0.0	0
1137	29293	336.0	301.0	0.0	0
1138	29317	336.0	301.0	0.0	0
1139	29339	336.0	301.0	0.0	0
1140	29361	336.0	301.0	0.0	0
1141	29382	336.0	301.0	0.0	0
1142	29405	336.0	301.0	0.0	0
1143	29427	336.0	301.0	0.0	0
1144	29448	336.0	301.0	0.0	0
1145	29470	336.0	301.0	0.0	0
1146	29492	336.0	301.0	0.0	0
1147	29514	336.0	301.0	0.0	0
1148	29536	336.0	301.0	0.0	0
1149	29558	336.0	301.0	0.0	0
1150	29580	336.0	301.0	0.0	0
1151	29601	336.0	301.0	0.0	0
1152	29623	336.0	301.0	0.0	0
1153	29646	336.0	301.0	0.0	0
1154	29667	336.0	301.0	0.0	0
1155	29690	336.0	301.0	0.0	0
1156	29711	336.0	301.0	0.0	0
1157	29733	336.0	301.0	0.0	0
1158	29755	336.0	301.0	0.0	0
1159	29777	336.0	301.0	0.0	0
1160	29799	336.0	301.0	0.0	0
1161	29820	336.0	301.0	0.0	0
1162	29842	336.0	301.0	0.0	0
1163	29864	336.0	301.0	0.0	0
1164	29886	336.0	301.0	0.0	0
1165	29908	336.0	301.0	0.0	0
1166	29930	336.0	301.0	0.0	0
1167	29950	336.0	301.0	0.0	0
1168	29973	336.0	301.0	0.0	0
1169	29995	336.0	301.0	0.0	0
1170	30016	336.0	301.0	0.0	0
1171	30039	336.0	301.0	0.0	0
1172	30061	336.0	301.0	0.0	0
1173	30081	336.0	301.0	0.0	0
1174	30104	336.0	301.0	0.0	0
1175	30126	336.0	301.0	0.0	0
1176	30147	336.0	301.0	0.0	0
1177	30170	336.0	301.0	0.0	0
1178	30191	336.0	301.0	0.0	0
1179	30213	336.0	301.0	0.0	0
1180	30236	336.0	301.0	0.0	0
1181	30259	336.0	301.0	0.0	0
1182	30281	336.0	301.0	0.0	0
1183	30303	336.0	301.0	0.0	0
1184	30325	336.0	301.0	0.0	0
1185	30347	336.0	301.0	0.0	0
1186	30368	336.0	301.0	0.0	0
1187	30391	336.0	301.0	0.0	0
1188	30412	336.0	301.0	0.0	0
1189	30435	336.0	301.0	0.0	0
1190	30456	336.0	301.0	0.0	0
1191	30478	336.0	301.0	0.0	0
1192	30500	336.0	301.0	0.0	0
1193	30522	336.0	301.0	0.0	0
1194	30544	336.0	301.0	0.0	0
1195	30566	336.0	301.0	0.0	0
1196	30588	336.0	301.0	0.0	0
1197	30610	336.0	301.0	0.0	0
1198	30632	336.0	301.0	0.0	0
1199	30653	336.0	301.0	0.0	0
1200	30676	336.0	301.0	0.0	0
1201	30698	336.0	301.0	0.0	0
1202	30719	336.0	301.0	0.0	0
1203	30743	336.0	301.0	0.0	0
1204	30764	336.0	301.0	0.0	0
1205	30786	336.0	301.0	0.0	0
1206	30809	336.0	301.0	0.0	0
1207	30831	336.0	301.0	0.0	0
1208	30853	336.0	301.0	0.0	0
1209	30875	336.0	301.0	0.0	0
1210	30896	336.0	301.0	0.0	0
1211	30919	336.0	301.0	0.0	0
1212	30941	336.0	301.0	0.0	0
1213	30963	336.0	301.0	0.0	0
1214	30986	336.0	301.0	0.0	0
1215	31009	336.0	301.0	0.0	0
1216	31030	336.0	301.0	0.0	0
1217	31052	336.0	301.0	0.0	0
1218	31074	336.0	301.0	0.0	0
1219	31097	336.0	301.0	0.0	0
1220	31119	336.0	301.0	0.0	0
1221	31141	336.0	301.0	0.0	0
1222	31162	336.0	301.0	0.0	0
1223	31186	336.0	301.0	0.0	0
1224	31208	336.0	301.0	0.0	0
1225	31230	336.0	301.0	0.0	0
1226	31252	336.0	301.0	0.0	0
1227	31273	336.0	301.0	0.0	0
1228	31295	336.0	301.0	0.0	0
1229	31316	336.0	301.0	0.0	0
1230	31339	336.0	301.0	0.0	0
1231	31361	336.0	301.0	0.0	0
1232	31382	336.0	301.0	0.0	0
1233	31404	336.0	301.0	0.0	0
1234	31425	336.0	301.0	0.0	0
1235	31447	336.0	301.0	0.0	0
1236	31470	336.0	301.0	0.0	0
1237	31492	336.0	301.0	0.0	0
1238	31513	336.0	301.0	0.0	0
1239	31536	336.0	301.0	0.0	0
1240	31558	336.0	301.0	0.0	0
1241	31579	336.0	301.0	0.0	0
1242	31601	336.0	301.0	0.0	0
1243	31622	336.0	301.0	0.0	0
1244	31644	336.0	301.0	0.0	0
1245	31665	336.0	301.0	0.0	0
1246	31688	336.0	301.0	0.0	0
1247	31710	336.0	301.0	0.0	0
1248	31732	336.0	301.0	0.0	0
1249	31754	336.0	301.0	0.0	0
1250	31775	336.0	301.0	0.0	0
1251	31797	336.0	301.0	0.0	0
1252	31819	336.0	301.0	0.0	0
1253	31840	336.0	301.0	0.0	0
1254	31862	336.0	301.0	0.0	0
1255	31884	336.0	301.0	0.0	0
1256	31906	336.0	301.0	0.0	0
1257	31928	336.0	301.0	0.0	0
1258	31950	336.0	301.0	0.0	0
1259	31972	336.0	301.0	0.0	0
1260	31993	336.0	301.0	0.0	0
1261	32015	336.0	301.0	0.0	0
1262	32037	336.0	301.0	0.0	0
1263	32059	336.0	301.0	0.0	0
1264	32082	336.0	301.0	0.0	0
1265	32103	336.0	301.0	0.0	0
1266	32125	336.0	301.0	0.0	0
1267	32147	336.0	301.0	0.0	0
1268	32169	336.0	301.0	0.0	0
1269	32191	336.0	301.0	0.0	0
1270	32213	336.0	301.0	0.0	0
1271	32235	336.0	301.0	0.0	0
1272	32257	336.0	301.0	0.0	0
1273	32279	336.0	301.0	0.0	0
1274	32300	336.0	301.0	0.0	0
1275	32323	336.0	301.0	0.0	0
1276	32345	336.0	301.0	0.0	0
1277	32366	336.0	301.0	0.0	0
1278	32388	336.0	301.0	0.0	0
1279	32411	336.0	301.0	0.0	0
1280	32433	336.0	301.0	0.0	0
1281	32454	336.0	301.0	0.0	0
1282	32475	336.0	301.0	0.0	0
1283	32497	336.0	301.0	0.0	0
1284	32519	336.0	301.0	0.0	0
1285	32541	336.0	301.0	0.0	0
1286	32563	336.0	301.0	0.0	0
1287	32585	336.0	301.0	0.0	0
1288	32605	336.0	301.0	0.0	0
1289	32627	336.0	301.0	0.0	0
1290	32649	336.0	301.0	0.0	0
1291	32671	336.0	301.0	0.0	0
1292	32693	336.0	301.0	0.0	0
1293	32715	336.0	301.0	0.0	0
1294	32737	336.0	301.0	0.0	0
1295	32758	336.0	301.0	0.0	0
1296	32781	336.0	301.0	0.0	0
1297	32802	336.0	301.0	0.0	0
1298	32823	336.0	301.0	0.0	0
1299	32845	336.0	301.0	0.0	0
1300	32867	336.0	301.0	0.0	0
1301	32889	336.0	301.0	0.0	0
1302	32910	336.0	301.0	0.0	0
1303	32932	336.0	301.0	0.0	0
1304	32954	336.0	301.0	0.0	0
1305	32976	336.0	301.0	0.0	0
1306	32998	336.0	301.0	0.0	0
1307	33020	336.0	301.0	0.0	0
1308	33041	336.0	301.0	0.0	0
1309	33062	336.0	301.0	0.0	0
1310	33084	336.0	301.0	0.0	0
1311	33106	336.0	301.0	0.0	0
1312	33128	336.0	301.0	0.0	0
1313	33150	336.0	301.0	0.0	0
1314	33171	336.0	301.0	0.0	0
1315	33193	336.0	301.0	0.0	0
1316	33214	336.0	301.0	0.0	0
1317	33236	336.0	301.0	0.0	0
1318	33258	336.0	301.0	0.0	0
1319	33279	336.0	301.0	0.0	0
1320	33301	336.0	301.0	0.0	0
1321	33322	336.0	301.0	0.0	0
1322	33345	336.0	301.0	0.0	0
1323	33367	336.0	301.0	0.0	0
1324	33388	336.0	301.0	0.0	0
1325	33411	336.0	301.0	0.0	0
1326	33433	336.0	301.0	0.0	0
1327	33454	336.0	301.0	0.0	0
1328	33476	336.0	301.0	0.0	0
1329	33498	336.0	301.0	0.0	0
1330	33519	336.0	301.0	0.0	0
1331	33542	336.0	301.0	0.0	0
1332	33564	336.0	301.0	0.0	0
1333	33586	336.0	301.0	0.0	0
1334	33608	336.0	301.0	0.0	0
1335	33630	336.0	301.0	0.0	0
1336	33652	336.0	301.0	0.0	0
1337	33673	336.0	301.0	0.0	0
1338	33695	336.0	301.0	0.0	0
1339	33717	336.0	301.0	0.0	0
1340	33739	336.0	301.0	0.0	0
1341	33760	336.0	301.0	0.0	0
1342	33782	336.0	301.0	0.0	0
1343	33804	336.0	301.0	0.0	0
1344	33826	336.0	301.0	0.0	0
1345	33848	336.0	301.0	0.0	0
1346	33869	336.0	301.0	0.0	0
1347	33892	336.0	301.0	0.0	0
1348	33914	336.0	301.0	0.0	0
1349	33936	336.0	301.0	0.0	0
1350	33958	336.0	301.0	0.0	0
1351	33980	336.0	301.0	0.0	0
1352	34002	336.0	301.0	0.0	0
1353	34023	336.0	301.0	0.0	0
1354	34045	336.0	301.0	0.0	0
1355	34068	336.0	301.0	0.0	0
1356	34090	336.0	301.0	0.0	0
1357	34111	336.0	301.0	0.0	0
1358	34134	336.0	301.0	0.0	0
1359	34155	336.0	301.0	0.0	0
1360	34178	336.0	301.0	0.0	0
1361	34199	336.0	301.0	0.0	0
1362	34221	336.0	301.0	0.0	0
1363	34244	336.0	301.0	0.0	0
1364	34265	336.0	301.0	0.0	0
1365	34288	336.0	301.0	0.0	0
1366	34309	336.0	301.0	0.0	0
1367	34331	336.0	301.0	0.0	0
1368	34353	336.0	301.0	0.0	0
1369	34375	336.0	301.0	0.0	0
1370	34396	336.0	301.0	0.0	0
1371	34418	336.0	301.0	0.0	0
1372	34440	336.0	301.0	0.0	0
1373	34462	336.0	301.0	0.0	0
1374	34484	336.0	301.0	0.0	0
1375	34506	336.0	301.0	0.0	0
1376	34527	336.0	301.0	0.0	0
1377	34550	336.0	301.0	0.0	0
1378	34571	336.0	301.0	0.0	0
1379	34594	336.0	301.0	0.0	0
1380	34615	336.0	301.0	0.0	0
1381	34637	336.0	301.0	0.0	0
1382	34659	336.0	301.0	0.0	0
1383	34681	336.0	301.0	0.0	0
1384	34702	336.0	301.0	0.0	0
1385	34723	336.0	301.0	0.0	0
1386	34746	336.0	301.0	0.0	0
1387	34767	336.0	301.0	0.0	0
1388	34790	336.0	301.0	0.0	1
1389	34819	169.0	134.0	0.0	1
1390	34848	168.0	139.0	0.0	1
1391	34878	168.0	141.0	0.0	1
1392	34907	168.0	143.0	0.0	1
1393	34936	170.0	144.0	0.0	1
1394	34965	173.0	145.0	0.0	1
1395	34995	177.0	145.0	0.0	1
1396	35024	183.0	143.0	0.0	1
1397	35053	188.0	141.0	0.0	1
1398	35082	193.0	139.0	0.0	1
1399	35111	198.0	137.0	0.0	1
1400	35140	203.0	136.0	0.0	1
1401	35169	208.0	135.0	0.0	1
1402	35198	212.0	135.0	0.0	1
1403	35228	216.0	134.0	0.0	1
1404	35257	219.0	134.0	0.0	1
1405	35287	221.0	134.0	0.0	1
1406	35316	222.0	136.0	0.0	1
1407	35345	223.0	139.0	0.0	1
1408	35375	224.0	143.0	0.0	1
1409	35404	224.0	147.0	0.0	1
1410	35434	223.0	150.0	0.0	1
1411	35464	222.0	153.0	0.0	1
1412	35493	220.0	155.0	0.0	1
1413	35522	219.0	156.0	0.0	1
1414	35551	218.0	157.0	0.0	1
1415	35580	218.0	157.0	0.0	1
1416	35609	218.0	157.0	0.0	1
1417	35639	218.0	157.0	0.0	1
1418	35667	218.0	158.0	0.0	1
1419	35696	218.0	158.0	0.0	1
1420	35726	219.0	159.0	0.0	1
1421	35755	219.0	160.0	0.0	1
1422	35784	219.0	161.0	0.0	1
1423	35813	220.0	162.0	0.0	1
1424	35842	221.0	163.0	0.0	1
1425	35871	222.0	164.0	0.0	1
1426	35900	222.0	164.0	0.0	1
1427	35929	222.0	164.0	0.0	1
1428	35960	222.0	164.0	0.0	1
1429	35988	222.0	164.0	0.0	1
1430	36018	222.0	164.0	0.0	1
1431	36047	223.0	164.0	0.0	1
1432	36077	223.0	164.0	0.0	1
1433	36106	223.0	164.0	0.0	1
1434	36135	224.0	164.0	0.0	1
1435	36164	224.0	165.0	0.0	1
1436	36193	225.0	165.0	0.0	1
1437	36222	226.0	165.0	0.0	1
1438	36251	227.0	165.0	0.0	1
1439	36280	228.0	165.0	0.0	1
1440	36310	229.0	166.0	0.0	1
1441	36339	231.0	166.0	0.0	1
1442	36369	232.0	167.0	0.0	1
1443	36399	233.0	167.0	0.0	1
1444	36427	233.0	168.0	0.0	1
1445	36457	234.0	168.0	0.0	1
1446	36487	235.0	169.0	0.0	1
1447	36516	235.0	169.0	0.0	1
1448	36546	236.0	169.0	0.0	1
1449	36575	236.0	170.0	0.0	1
1450	36605	236.0	170.0	0.0	1
1451	36633	236.0	171.0	0.0	1
1452	36663	236.0	172.0	0.0	1
1453	36693	236.0	174.0	0.0	1
1454	36722	234.0	176.0	0.0	1
1455	36750	232.0	178.0	0.0	1
1456	36779	230.0	180.0	0.0	1
1457	36809	229.0	181.0	0.0	1
1458	36838	227.0	182.0	0.0	1
1459	36866	226.0	183.0	0.0	1
1460	36897	225.0	184.0	0.0	1
1461	36926	223.0	185.0	0.0	1
1462	36956	221.0	186.0	0.0	1
1463	36985	220.0	187.0	0.0	1
1464	37012	218.0	189.0	0.0	1
1465	37042	216.0	192.0	0.0	1
1466	37072	215.0	194.0	0.0	1
1467	37101	213.0	196.0	0.0	1
1468	37130	212.0	199.0	0.0	1
1469	37159	210.0	204.0	0.0	1
1470	37189	208.0	208.0	0.0	1
1471	37217	207.0	211.0	0.0	1
1472	37246	205.0	215.0	0.0	1
1473	37275	202.0	221.0	0.0	1
1474	37304	201.0	224.0	0.0	1
1475	37333	200.0	227.0	0.0	1
1476	37363	199.0	229.0	0.0	1
1477	37392	198.0	232.0	0.0	1
1478	37421	197.0	233.0	0.0	1
1479	37450	197.0	235.0	0.0	1
1480	37479	196.0	236.0	0.0	1
1481	37508	196.0	237.0	0.0	0
1482	37529	196.0	237.0	0.0	0
1483	37552	196.0	237.0	0.0	0
1484	37574	196.0	237.0	0.0	0
1485	37595	196.0	237.0	0.0	0
1486	37618	196.0	237.0	0.0	0
1487	37639	196.0	237.0	0.0	0
1488	37661	196.0	237.0	0.0	0
1489	37684	196.0	237.0	0.0	0
1490	37705	196.0	237.0	0.0	0
1491	37728	196.0	237.0	0.0	0
1492	37748	196.0	237.0	0.0	0
1493	37771	196.0	237.0	0.0	0
1494	37794	196.0	237.0	0.0	0
1495	37815	196.0	237.0	0.0	0
1496	37838	196.0	237.0	0.0	0
1497	37860	196.0	237.0	0.0	0
1498	37882	196.0	237.0	0.0	0
1499	37904	196.0	237.0	0.0	0
1500	37925	196.0	237.0	0.0	0
1501	37947	196.0	237.0	0.0	0
1502	37970	196.0	237.0	0.0	0
1503	37992	196.0	237.0	0.0	0
1504	38014	196.0	237.0	0.0	0
1505	38036	196.0	237.0	0.0	0
1506	38058	196.0	237.0	0.0	0
1507	38080	196.0	237.0	0.0	0
1508	38102	196.0	237.0	0.0	0
1509	38125	196.0	237.0	0.0	0
1510	38146	196.0	237.0	0.0	0
1511	38168	196.0	237.0	0.0	0
1512	38190	196.0	237.0	0.0	0
1513	38212	196.0	237.0	0.0	0
1514	38233	196.0	237.0	0.0	0
1515	38255	196.0	237.0	0.0	0
1516	38277	196.0	237.0	0.0	0
1517	38299	196.0	237.0	0.0	0
1518	38320	196.0	237.0	0.0	0
1519	38342	196.0	237.0	0.0	0
1520	38364	196.0	237.0	0.0	0
1521	38386	196.0	237.0	0.0	0
1522	38408	196.0	237.0	0.0	0
1523	38429	196.0	237.0	0.0	0
1524	38451	196.0	237.0	0.0	0
1525	38474	196.0	237.0	0.0	0
1526	38495	196.0	237.0	0.0	0
1527	38517	196.0	237.0	0.0	0
1528	38539	196.0	237.0	0.0	0
1529	38560	196.0	237.0	0.0	0
1530	38582	196.0	237.0	0.0	0
1531	38605	196.0	237.0	0.0	0
1532	38626	196.0	237.0	0.0	0
1533	38648	196.0	237.0	0.0	0
1534	38669	196.0	237.0	0.0	0
1535	38691	196.0	237.0	0.0	0
1536	38714	196.0	237.0	0.0	0
1537	38736	196.0	237.0	0.0	0
1538	38757	196.0	237.0	0.0	0
1539	38779	196.0	237.0	0.0	0
1540	38801	196.0	237.0	0.0	0
1541	38823	196.0	237.0	0.0	0
1542	38844	196.0	237.0	0.0	0
1543	38867	196.0	237.0	0.0	0
1544	38889	196.0	237.0	0.0	0
1545	38911	196.0	237.0	0.0	0
1546	38933	196.0	237.0	0.0	0
1547	38954	196.0	237.0	0.0	0
1548	38976	196.0	237.0	0.0	0
1549	38998	196.0	237.0	0.0	0
1550	39020	196.0	237.0	0.0	0
1551	39042	196.0	237.0	0.0	0
1552	39063	196.0	237.0	0.0	0
1553	39086	196.0	237.0	0.0	0
1554	39107	196.0	237.0	0.0	0
1555	39129	196.0	237.0	0.0	0
1556	39151	196.0	237.0	0.0	0
1557	39173	196.0	237.0	0.0	0
1558	39195	196.0	237.0	0.0	0
1559	39217	196.0	237.0	0.0	0
1560	39239	196.0	237.0	0.0	0
1561	39261	196.0	237.0	0.0	0
1562	39283	196.0	237.0	0.0	0
1563	39306	196.0	237.0	0.0	0
1564	39327	196.0	237.0	0.0	0
1565	39349	196.0	237.0	0.0	0
1566	39371	196.0	237.0	0.0	0
1567	39394	196.0	237.0	0.0	0
1568	39416	196.0	237.0	0.0	0
1569	39437	196.0	237.0	0.0	0
1570	39459	196.0	237.0	0.0	0
1571	39482	196.0	237.0	0.0	0
1572	39504	196.0	237.0	0.0	0
1573	39526	196.0	237.0	0.0	0
1574	39547	196.0	237.0	0.0	0
1575	39570	196.0	237.0	0.0	0
1576	39593	196.0	237.0	0.0	1
1577	39622	186.0	295.0	0.0	1
1578	39651	187.0	299.0	0.0	1
1579	39680	188.0	302.0	0.0	1
1580	39710	190.0	305.0	0.0	1
1581	39738	193.0	308.0	0.0	1
1582	39767	194.0	311.0	0.0	1
1583	39797	196.0	314.0	0.0	1
1584	39826	198.0	317.0	0.0	1
1585	39855	199.0	321.0	0.0	1
1586	39883	200.0	327.0	0.0	1
1587	39914	200.0	332.0	0.0	1
1588	39943	197.0	339.0	0.0	1
1589	39972	193.0	347.0	0.0	1
1590	40000	188.0	352.0	0.0	1
1591	40029	181.0	358.0	0.0	1
1592	40059	175.0	362.0	0.0	1
1593	40087	169.0	366.0	0.0	1
1594	40116	162.0	367.0	0.0	1
1595	40146	157.0	368.0	0.0	1
1596	40175	152.0	368.0	0.0	1
1597	40204	149.0	366.0	0.0	1
1598	40233	146.0	362.0	0.0	1
1599	40263	145.0	357.0	0.0	1
1600	40292	145.0	350.0	0.0	1
1601	40321	149.0	344.0	0.0	1
1602	40350	153.0	340.0	0.0	1
1603	40378	160.0	338.0	0.0	1
1604	40407	166.0	337.0	0.0	1
1605	40436	171.0	338.0	0.0	1
1606	40466	175.0	342.0	0.0	1
1607	40495	178.0	348.0	0.0	1
1608	40524	181.0	357.0	0.0	1
1609	40554	183.0	367.0	0.0	1
1610	40582	184.0	375.0	0.0	1
1611	40611	182.0	380.0	0.0	1
1612	40641	177.0	385.0	0.0	1
1613	40669	169.0	389.0	0.0	1
1614	40698	159.0	390.0	0.0	1
1615	40727	150.0	391.0	0.0	1
1616	40756	146.0	388.0	0.0	1
1617	40787	145.0	385.0	0.0	1
1618	40816	145.0	380.0	0.0	1
1619	40845	150.0	374.0	0.0	1
1620	40873	159.0	371.0	0.0	1
1621	40903	166.0	370.0	0.0	1
1622	40932	172.0	372.0	0.0	1
1623	40963	176.0	378.0	0.0	1
1624	40991	179.0	387.0	0.0	1
1625	41020	180.0	395.0	0.0	1
1626	41050	181.0	401.0	0.0	1
1627	41078	179.0	408.0	0.0	1
1628	41107	174.0	413.0	0.0	1
1629	41135	167.0	416.0	0.0	1
1630	41166	159.0	417.0	0.0	1
1631	41195	156.0	413.0	0.0	1
1632	41224	155.0	405.0	0.0	1
1633	41253	158.0	397.0	0.0	1
1634	41282	166.0	392.0	0.0	1
1635	41312	174.0	393.0	0.0	1
1636	41342	179.0	398.0	0.0	1
1637	41370	180.0	407.0	0.0	1
1638	41399	180.0	417.0	0.0	0
1639	41422	180.0	417.0	0.0	0
1640	41443	180.0	417.0	0.0	0
1641	41466	180.0	417.0	0.0	0
1642	41488	180.0	417.0	0.0	0
1643	41510	180.0	417.0	0.0	0
1644	41532	180.0	417.0	0.0	0
1645	41555	180.0	417.0	0.0	0
1646	41577	180.0	417.0	0.0	0
1647	41600	180.0	417.0	0.0	0
1648	41622	180.0	417.0	0.0	0
1649	41644	180.0	417.0	0.0	0
1650	41666	180.0	417.0	0.0	0
1651	41687	180.0	417.0	0.0	0
1652	41708	180.0	417.0	0.0	0
1653	41729	180.0	417.0	0.0	0
1654	41752	180.0	417.0	0.0	0
1655	41773	180.0	417.0	0.0	0
1656	41795	180.0	417.0	0.0	0
1657	41816	180.0	417.0	0.0	0
1658	41839	180.0	417.0	0.0	0
1659	41861	180.0	417.0	0.0	0
1660	41882	180.0	417.0	0.0	0
1661	41904	180.0	417.0	0.0	0
1662	41925	180.0	417.0	0.0	0
1663	41947	180.0	417.0	0.0	0
1664	41969	180.0	417.0	0.0	0
1665	41991	180.0	417.0	0.0	0
1666	42012	180.0	417.0	0.0	0
1667	42034	180.0	417.0	0.0	0
1668	42058	180.0	417.0	0.0	0
1669	42079	180.0	417.0	0.0	0
1670	42102	180.0	417.0	0.0	0
1671	42125	180.0	417.0	0.0	0
1672	42147	180.0	417.0	0.0	0
1673	42168	180.0	417.0	0.0	0
1674	42192	180.0	417.0	0.0	0
1675	42213	180.0	417.0	0.0	0
1676	42235	180.0	417.0	0.0	0
1677	42257	180.0	417.0	0.0	0
1678	42279	180.0	417.0	0.0	0
1679	42302	180.0	417.0	0.0	0
1680	42324	180.0	417.0	0.0	0
1681	42346	180.0	417.0	0.0	0
1682	42368	180.0	417.0	0.0	0
1683	42390	180.0	417.0	0.0	0
1684	42412	180.0	417.0	0.0	0
1685	42435	180.0	417.0	0.0	0
1686	42456	180.0	417.0	0.0	0
1687	42478	180.0	417.0	0.0	0
1688	42501	180.0	417.0	0.0	0
1689	42523	180.0	417.0	0.0	0
1690	42545	180.0	417.0	0.0	0
1691	42567	180.0	417.0	0.0	0
1692	42589	180.0	417.0	0.0	0
1693	42611	180.0	417.0	0.0	0
1694	42633	180.0	417.0	0.0	0
1695	42655	180.0	417.0	0.0	0
1696	42677	180.0	417.0	0.0	0
1697	42699	180.0	417.0	0.0	0
1698	42723	180.0	417.0	0.0	0
1699	42745	180.0	417.0	0.0	0
1700	42767	180.0	417.0	0.0	0
1701	42789	180.0	417.0	0.0	0
1702	42811	180.0	417.0	0.0	0
1703	42833	180.0	417.0	0.0	0
1704	42855	180.0	417.0	0.0	0
1705	42877	180.0	417.0	0.0	0
1706	42899	180.0	417.0	0.0	0
1707	42921	180.0	417.0	0.0	0
1708	42943	180.0	417.0	0.0	0
1709	42965	180.0	417.0	0.0	0
1710	42987	180.0	417.0	0.0	0
1711	43009	180.0	417.0	0.0	0
1712	43031	180.0	417.0	0.0	0
1713	43053	180.0	417.0	0.0	0
1714	43075	180.0	417.0	0.0	0
1715	43097	180.0	417.0	0.0	0
1716	43119	180.0	417.0	0.0	0
1717	43142	180.0	417.0	0.0	0
1718	43164	180.0	417.0	0.0	0
1719	43186	180.0	417.0	0.0	0
1720	43208	180.0	417.0	0.0	0
1721	43231	180.0	417