1	2293	1.0	1.0	0.0	0
2	2373	1.0	1.0	0.0	0
3	2393	1.0	1.0	0.0	0
4	2415	1.0	1.0	0.0	0
5	2438	1.0	1.0	0.0	0
6	2468	1.0	1.0	0.0	0
7	2490	1.0	1.0	0.0	0
8	2512	1.0	1.0	0.0	0
9	2532	1.0	1.0	0.0	0
10	2564	1.0	1.0	0.0	0
11	2585	1.0	1.0	0.0	0
12	2608	1.0	1.0	0.0	0
13	2627	1.0	1.0	0.0	0
14	2647	1.0	1.0	0.0	0
15	2666	1.0	1.0	0.0	0
16	2691	1.0	1.0	0.0	0
17	2716	1.0	1.0	0.0	0
18	2745	1.0	1.0	0.0	0
19	2764	1.0	1.0	0.0	0
20	2793	1.0	1.0	0.0	0
21	2822	1.0	1.0	0.0	0
22	2840	1.0	1.0	0.0	0
23	2864	1.0	1.0	0.0	0
24	2888	1.0	1.0	0.0	0
25	2914	1.0	1.0	0.0	0
26	2937	1.0	1.0	0.0	0
27	2965	1.0	1.0	0.0	0
28	2986	1.0	1.0	0.0	0
29	3008	1.0	1.0	0.0	0
30	3040	1.0	1.0	0.0	0
31	3059	1.0	1.0	0.0	0
32	3096	1.0	1.0	0.0	0
33	3124	1.0	1.0	0.0	0
34	3144	1.0	1.0	0.0	0
35	3171	1.0	1.0	0.0	0
36	3202	1.0	1.0	0.0	0
37	3223	1.0	1.0	0.0	0
38	3252	1.0	1.0	0.0	0
39	3273	1.0	1.0	0.0	0
40	3303	1.0	1.0	0.0	0
41	3324	1.0	1.0	0.0	0
42	3356	1.0	1.0	0.0	0
43	3384	1.0	1.0	0.0	0
44	3405	1.0	1.0	0.0	0
45	3434	1.0	1.0	0.0	0
46	3456	1.0	1.0	0.0	0
47	3477	1.0	1.0	0.0	0
48	3506	1.0	1.0	0.0	0
49	3535	1.0	1.0	0.0	0
50	3559	1.0	1.0	0.0	0
51	3590	1.0	1.0	0.0	0
52	3610	1.0	1.0	0.0	0
53	3637	1.0	1.0	0.0	0
54	3658	1.0	1.0	0.0	0
55	3693	1.0	1.0	0.0	0
56	3718	1.0	1.0	0.0	0
57	3742	1.0	1.0	0.0	0
58	3768	1.0	1.0	0.0	0
59	3789	1.0	1.0	0.0	0
60	3816	1.0	1.0	0.0	0
61	3841	1.0	1.0	0.0	0
62	3874	1.0	1.0	0.0	0
63	3907	1.0	1.0	0.0	0
64	3937	1.0	1.0	0.0	0
65	3968	1.0	1.0	0.0	0
66	3993	1.0	1.0	0.0	0
67	4026	1.0	1.0	0.0	0
68	4052	1.0	1.0	0.0	0
69	4071	1.0	1.0	0.0	0
70	4101	1.0	1.0	0.0	0
71	4124	1.0	1.0	0.0	0
72	4152	1.0	1.0	0.0	0
73	4172	1.0	1.0	0.0	0
74	4202	1.0	1.0	0.0	0
75	4224	1.0	1.0	0.0	0
76	4250	1.0	1.0	0.0	0
77	4271	1.0	1.0	0.0	0
78	4305	1.0	1.0	0.0	0
79	4344	1.0	1.0	0.0	0
80	4376	1.0	1.0	0.0	0
81	4428	1.0	1.0	0.0	0
82	4448	1.0	1.0	0.0	0
83	4474	1.0	1.0	0.0	0
84	4500	1.0	1.0	0.0	0
85	4520	1.0	1.0	0.0	0
86	4540	1.0	1.0	0.0	0
87	4561	1.0	1.0	0.0	0
88	4579	1.0	1.0	0.0	0
89	4600	1.0	1.0	0.0	0
90	4619	1.0	1.0	0.0	0
91	4640	1.0	1.0	0.0	0
92	4660	1.0	1.0	0.0	0
93	4679	1.0	1.0	0.0	0
94	4699	1.0	1.0	0.0	0
95	4717	1.0	1.0	0.0	0
96	4741	1.0	1.0	0.0	0
97	4760	1.0	1.0	0.0	0
98	4782	1.0	1.0	0.0	0
99	4801	1.0	1.0	0.0	0
100	4819	1.0	1.0	0.0	0
101	4841	1.0	1.0	0.0	0
102	4860	1.0	1.0	0.0	0
103	4883	1.0	1.0	0.0	0
104	4901	1.0	1.0	0.0	0
105	4921	1.0	1.0	0.0	0
106	4940	1.0	1.0	0.0	0
107	4964	1.0	1.0	0.0	0
108	4983	1.0	1.0	0.0	0
109	5001	1.0	1.0	0.0	0
110	5019	1.0	1.0	0.0	0
111	5038	1.0	1.0	0.0	0
112	5057	1.0	1.0	0.0	0
113	5078	1.0	1.0	0.0	0
114	5098	1.0	1.0	0.0	0
115	5116	1.0	1.0	0.0	0
116	5140	1.0	1.0	0.0	0
117	5163	1.0	1.0	0.0	0
118	5185	1.0	1.0	0.0	0
119	5210	1.0	1.0	0.0	0
120	5234	1.0	1.0	0.0	0
121	5261	1.0	1.0	0.0	0
122	5285	1.0	1.0	0.0	0
123	5322	1.0	1.0	0.0	0
124	5355	1.0	1.0	0.0	0
125	5374	1.0	1.0	0.0	0
126	5395	1.0	1.0	0.0	0
127	5418	1.0	1.0	0.0	0
128	5440	1.0	1.0	0.0	0
129	5468	1.0	1.0	0.0	0
130	5494	1.0	1.0	0.0	0
131	5524	1.0	1.0	0.0	0
132	5557	1.0	1.0	0.0	0
133	5593	1.0	1.0	0.0	0
134	5672	1.0	1.0	0.0	0
135	5698	1.0	1.0	0.0	0
136	5720	1.0	1.0	0.0	0
137	5744	1.0	1.0	0.0	0
138	5766	1.0	1.0	0.0	0
139	5785	1.0	1.0	0.0	0
140	5806	1.0	1.0	0.0	0
141	5853	1.0	1.0	0.0	0
142	5879	1.0	1.0	0.0	0
143	5907	1.0	1.0	0.0	0
144	5929	1.0	1.0	0.0	0
145	5953	1.0	1.0	0.0	0
146	5984	1.0	1.0	0.0	0
147	6004	1.0	1.0	0.0	0
148	6028	1.0	1.0	0.0	0
149	6154	1.0	1.0	0.0	0
150	6202	1.0	1.0	0.0	0
151	6235	1.0	1.0	0.0	0
152	6257	1.0	1.0	0.0	0
153	6279	1.0	1.0	0.0	0
154	6297	1.0	1.0	0.0	0
155	6314	1.0	1.0	0.0	0
156	6336	1.0	1.0	0.0	0
157	6355	1.0	1.0	0.0	0
158	6375	1.0	1.0	0.0	0
159	6401	1.0	1.0	0.0	0
160	6421	1.0	1.0	0.0	0
161	6445	1.0	1.0	0.0	0
162	6471	1.0	1.0	0.0	0
163	6497	1.0	1.0	0.0	0
164	6522	1.0	1.0	0.0	0
165	6545	1.0	1.0	0.0	0
166	6566	1.0	1.0	0.0	0
167	6585	1.0	1.0	0.0	0
168	6605	1.0	1.0	0.0	0
169	6629	1.0	1.0	0.0	0
170	6648	1.0	1.0	0.0	0
171	6668	1.0	1.0	0.0	0
172	6686	1.0	1.0	0.0	0
173	6707	1.0	1.0	0.0	0
174	6726	1.0	1.0	0.0	0
175	6750	1.0	1.0	0.0	0
176	6769	1.0	1.0	0.0	0
177	6795	1.0	1.0	0.0	0
178	6817	1.0	1.0	0.0	0
179	6837	1.0	1.0	0.0	0
180	6861	1.0	1.0	0.0	0
181	6881	1.0	1.0	0.0	0
182	6901	1.0	1.0	0.0	0
183	6923	1.0	1.0	0.0	0
184	6947	1.0	1.0	0.0	0
185	6968	1.0	1.0	0.0	0
186	6993	1.0	1.0	0.0	0
187	7070	1.0	1.0	0.0	0
188	7165	1.0	1.0	0.0	0
189	7183	1.0	1.0	0.0	0
190	7203	1.0	1.0	0.0	0
191	7224	1.0	1.0	0.0	0
192	7249	1.0	1.0	0.0	0
193	7268	1.0	1.0	0.0	0
194	7291	1.0	1.0	0.0	0
195	7314	1.0	1.0	0.0	0
196	7339	1.0	1.0	0.0	0
197	7372	1.0	1.0	0.0	0
198	7405	1.0	1.0	0.0	0
199	7441	1.0	1.0	0.0	0
200	7468	1.0	1.0	0.0	0
201	7487	1.0	1.0	0.0	0
202	7512	1.0	1.0	0.0	0
203	7547	1.0	1.0	0.0	0
204	7567	1.0	1.0	0.0	0
205	7592	1.0	1.0	0.0	1
206	7670	319.0	156.0	0.0	1
207	7695	320.0	156.0	0.0	1
208	7718	327.0	146.0	0.0	1
209	7747	368.0	119.0	0.0	1
210	7771	460.0	85.0	0.0	1
211	7805	554.0	82.0	0.0	1
212	7826	590.0	92.0	0.0	1
213	7863	605.0	103.0	0.0	1
214	7892	606.0	121.0	0.0	1
215	7910	549.0	160.0	0.0	1
216	7939	455.0	206.0	0.0	1
217	7968	344.0	253.0	0.0	1
218	7991	306.0	267.0	0.0	1
219	8015	245.0	292.0	0.0	1
220	8040	238.0	294.0	0.0	1
221	8070	236.0	296.0	0.0	1
222	8092	249.0	288.0	0.0	1
223	8127	372.0	239.0	0.0	1
224	8156	464.0	214.0	0.0	1
225	8179	515.0	207.0	0.0	1
226	8212	521.0	206.0	0.0	1
227	8237	502.0	226.0	0.0	1
228	8257	374.0	319.0	0.0	1
229	8285	243.0	402.0	0.0	1
230	8313	216.0	417.0	0.0	1
231	8340	206.0	422.0	0.0	1
232	8367	206.0	423.0	0.0	1
233	8397	302.0	382.0	0.0	1
234	8422	392.0	349.0	0.0	1
235	8445	432.0	336.0	0.0	1
236	8478	445.0	333.0	0.0	1
237	8504	447.0	332.0	0.0	1
238	8531	380.0	378.0	0.0	1
239	8551	336.0	406.0	0.0	1
240	8575	302.0	425.0	0.0	1
241	8603	301.0	426.0	0.0	1
242	8625	407.0	336.0	0.0	1
243	8646	541.0	234.0	0.0	1
244	8667	567.0	218.0	0.0	1
245	8685	584.0	207.0	0.0	1
246	8706	590.0	206.0	0.0	1
247	8730	590.0	207.0	0.0	1
248	8752	545.0	247.0	0.0	1
249	8773	482.0	297.0	0.0	1
250	8798	455.0	317.0	0.0	1
251	8816	447.0	322.0	0.0	1
252	8847	474.0	307.0	0.0	1
253	8873	580.0	251.0	0.0	1
254	8899	632.0	227.0	0.0	1
255	8920	644.0	223.0	0.0	1
256	8944	643.0	222.0	0.0	1
257	8973	611.0	237.0	0.0	1
258	8998	548.0	267.0	0.0	1
259	9018	526.0	276.0	0.0	1
260	9039	527.0	276.0	0.0	1
261	9065	605.0	230.0	0.0	1
262	9087	639.0	213.0	0.0	1
263	9107	656.0	206.0	0.0	1
264	9127	657.0	207.0	0.0	1
265	9146	610.0	244.0	0.0	1
266	9169	557.0	279.0	0.0	1
267	9189	539.0	290.0	0.0	1
268	9209	525.0	298.0	0.0	1
269	9233	524.0	299.0	0.0	1
270	9250	528.0	296.0	0.0	1
271	9268	529.0	295.0	0.0	0
272	9285	529.0	295.0	0.0	0
273	9305	529.0	295.0	0.0	0
274	9322	529.0	295.0	0.0	0
275	9344	529.0	295.0	0.0	0
276	9367	529.0	295.0	0.0	0
277	9384	529.0	295.0	0.0	0
278	9405	529.0	295.0	0.0	0
279	9425	529.0	295.0	0.0	0
280	9448	529.0	295.0	0.0	0
281	9470	529.0	295.0	0.0	0
282	9489	529.0	295.0	0.0	0
283	9510	529.0	295.0	0.0	0
284	9534	529.0	295.0	0.0	0
285	9556	529.0	295.0	0.0	0
286	9578	529.0	295.0	0.0	0
287	9601	529.0	295.0	0.0	0
288	9625	529.0	295.0	0.0	0
289	9649	529.0	295.0	0.0	0
290	9669	529.0	295.0	0.0	0
291	9692	529.0	295.0	0.0	0
292	9714	529.0	295.0	0.0	0
293	9740	529.0	295.0	0.0	0
294	9765	529.0	295.0	0.0	0
295	9783	529.0	295.0	0.0	0
296	9803	529.0	295.0	0.0	0
297	9820	529.0	295.0	0.0	0
298	9840	529.0	295.0	0.0	0
299	9869	529.0	295.0	0.0	0
300	9886	529.0	295.0	0.0	0
301	9906	529.0	295.0	0.0	0
302	9930	529.0	295.0	0.0	0
303	9947	529.0	295.0	0.0	0
304	9973	529.0	295.0	0.0	0
305	9995	529.0	295.0	0.0	0
306	10017	529.0	295.0	0.0	0
307	10040	529.0	295.0	0.0	0
308	10063	529.0	295.0	0.0	0
309	10086	529.0	295.0	0.0	0
310	10110	529.0	295.0	0.0	0
311	10133	529.0	295.0	0.0	0
312	10155	529.0	295.0	0.0	0
313	10177	529.0	295.0	0.0	0
314	10197	529.0	295.0	0.0	0
315	10221	529.0	295.0	0.0	0
316	10247	529.0	295.0	0.0	0
317	10264	529.0	295.0	0.0	0
318	10286	529.0	295.0	0.0	0
319	10308	529.0	295.0	0.0	0
320	10329	529.0	295.0	0.0	0
321	10352	529.0	295.0	0.0	0
322	10373	529.0	295.0	0.0	0
323	10397	529.0	295.0	0.0	0
324	10417	529.0	295.0	0.0	0
325	10440	529.0	295.0	0.0	0
326	10460	529.0	295.0	0.0	0
327	10484	529.0	295.0	0.0	0
328	10505	529.0	295.0	0.0	0
329	10531	529.0	295.0	0.0	0
330	10552	529.0	295.0	0.0	0
331	10573	529.0	295.0	0.0	0
332	10593	529.0	295.0	0.0	0
333	10616	529.0	295.0	0.0	0
334	10633	529.0	295.0	0.0	0
335	10652	529.0	295.0	0.0	0
336	10673	529.0	295.0	0.0	0
337	10695	529.0	295.0	0.0	0
338	10715	529.0	295.0	0.0	0
339	10734	529.0	295.0	0.0	0
340	10755	529.0	295.0	0.0	0
341	10774	529.0	295.0	0.0	0
342	10797	529.0	295.0	0.0	0
343	10819	529.0	295.0	0.0	0
344	10838	529.0	295.0	0.0	0
345	10865	529.0	295.0	0.0	0
346	10893	529.0	295.0	0.0	0
347	10918	529.0	295.0	0.0	0
348	10936	529.0	295.0	0.0	0
349	10957	529.0	295.0	0.0	0
350	10983	529.0	295.0	0.0	0
351	11001	529.0	295.0	0.0	0
352	11028	529.0	295.0	0.0	0
353	11052	529.0	295.0	0.0	0
354	11072	529.0	295.0	0.0	0
355	11090	529.0	295.0	0.0	0
356	11114	529.0	295.0	0.0	0
357	11131	529.0	295.0	0.0	0
358	11153	529.0	295.0	0.0	0
359	11181	529.0	295.0	0.0	0
360	11199	529.0	295.0	0.0	0
361	11223	529.0	295.0	0.0	0
362	11248	529.0	295.0	0.0	0
363	11264	529.0	295.0	0.0	0
364	11287	529.0	295.0	0.0	0
365	11306	529.0	295.0	0.0	0
366	11329	529.0	295.0	0.0	0
367	11348	529.0	295.0	0.0	0
368	11369	529.0	295.0	0.0	0
369	11390	529.0	295.0	0.0	0
370	11411	529.0	295.0	0.0	0
371	11432	529.0	295.0	0.0	0
372	11455	529.0	295.0	0.0	0
373	11478	529.0	295.0	0.0	0
374	11500	529.0	295.0	0.0	0
375	11517	529.0	295.0	0.0	0
376	11537	529.0	295.0	0.0	0
377	11564	529.0	295.0	0.0	0
378	11590	529.0	295.0	0.0	0
379	11612	529.0	295.0	0.0	0
380	11631	529.0	295.0	0.0	0
381	11652	529.0	295.0	0.0	0
382	11674	529.0	295.0	0.0	0
383	11701	529.0	295.0	0.0	0
384	11718	529.0	295.0	0.0	0
385	11741	529.0	295.0	0.0	0
386	11767	529.0	295.0	0.0	0
387	11789	529.0	295.0	0.0	0
388	11812	529.0	295.0	0.0	0
389	11831	529.0	295.0	0.0	0
390	11855	529.0	295.0	0.0	0
391	11877	529.0	295.0	0.0	0
392	11898	529.0	295.0	0.0	0
393	11921	529.0	295.0	0.0	0
394	11941	529.0	295.0	0.0	0
395	11964	529.0	295.0	0.0	0
396	11985	529.0	295.0	0.0	0
397	12003	529.0	295.0	0.0	0
398	12026	529.0	295.0	0.0	0
399	12048	529.0	295.0	0.0	0
400	12066	529.0	295.0	0.0	0
401	12089	529.0	295.0	0.0	0
402	12114	529.0	295.0	0.0	0
403	12131	529.0	295.0	0.0	0
404	12154	529.0	295.0	0.0	0
405	12174	529.0	295.0	0.0	0
406	12197	529.0	295.0	0.0	0
407	12220	529.0	295.0	0.0	0
408	12241	529.0	295.0	0.0	0
409	12269	529.0	295.0	0.0	0
410	12288	529.0	295.0	0.0	0
411	12312	529.0	295.0	0.0	0
412	12331	529.0	295.0	0.0	0
413	12357	529.0	295.0	0.0	0
414	12382	529.0	295.0	0.0	0
415	12403	529.0	295.0	0.0	0
416	12424	529.0	295.0	0.0	0
417	12450	529.0	295.0	0.0	0
418	12467	529.0	295.0	0.0	0
419	12487	529.0	295.0	0.0	0
420	12504	529.0	295.0	0.0	0
421	12523	529.0	295.0	0.0	0
422	12546	529.0	295.0	0.0	0
423	12565	529.0	295.0	0.0	0
424	12582	529.0	295.0	0.0	0
425	12601	529.0	295.0	0.0	0
426	12621	529.0	295.0	0.0	0
427	12642	529.0	295.0	0.0	0
428	12663	529.0	295.0	0.0	0
429	12685	529.0	295.0	0.0	0
430	12706	529.0	295.0	0.0	0
431	12726	529.0	295.0	0.0	0
432	12747	529.0	295.0	0.0	0
433	12770	529.0	295.0	0.0	0
434	12790	529.0	295.0	0.0	0
435	12814	529.0	295.0	0.0	0
436	12835	529.0	295.0	0.0	0
437	12858	529.0	295.0	0.0	0
438	12893	529.0	295.0	0.0	0
439	12932	529.0	295.0	0.0	0
440	12964	529.0	295.0	0.0	0
441	12987	529.0	295.0	0.0	0
442	13020	529.0	295.0	0.0	1
443	13053	189.0	243.0	0.0	1
444	13073	222.0	145.0	0.0	1
445	13095	324.0	25.0	0.0	1
446	13117	431.0	-31.0	0.0	1
447	13138	486.0	-32.0	0.0	1
448	13159	505.0	-32.0	0.0	1
449	13183	523.0	-29.0	0.0	1
450	13201	525.0	-20.0	0.0	1
451	13222	488.0	4.0	0.0	1
452	13247	406.0	45.0	0.0	1
453	13264	318.0	93.0	0.0	1
454	13284	268.0	127.0	0.0	1
455	13302	245.0	144.0	0.0	1
456	13323	228.0	159.0	0.0	1
457	13347	222.0	166.0	0.0	1
458	13370	221.0	167.0	0.0	1
459	13387	221.0	167.0	0.0	1
460	13411	243.0	158.0	0.0	1
461	13434	263.0	149.0	0.0	1
462	13451	273.0	144.0	0.0	1
463	13472	278.0	141.0	0.0	1
464	13494	279.0	140.0	0.0	1
465	13519	280.0	140.0	0.0	1
466	13540	242.0	186.0	0.0	1
467	13561	169.0	261.0	0.0	1
468	13585	139.0	290.0	0.0	1
469	13604	127.0	301.0	0.0	1
470	13625	124.0	304.0	0.0	1
471	13648	124.0	305.0	0.0	1
472	13669	158.0	287.0	0.0	1
473	13693	174.0	279.0	0.0	1
474	13715	191.0	274.0	0.0	1
475	13733	194.0	273.0	0.0	1
476	13753	195.0	272.0	0.0	1
477	13782	195.0	274.0	0.0	1
478	13807	190.0	279.0	0.0	1
479	13829	187.0	281.0	0.0	1
480	13851	186.0	282.0	0.0	0
481	13873	186.0	282.0	0.0	0
482	13898	186.0	282.0	0.0	0
483	13921	186.0	282.0	0.0	0
484	13953	186.0	282.0	0.0	0
485	13975	186.0	282.0	0.0	0
486	14004	186.0	282.0	0.0	0
487	14032	186.0	282.0	0.0	0
488	14054	186.0	282.0	0.0	0
489	14076	186.0	282.0	0.0	0
490	14100	186.0	282.0	0.0	0
491	14117	186.0	282.0	0.0	0
492	14144	186.0	282.0	0.0	0
493	14171	186.0	282.0	0.0	0
494	14190	186.0	282.0	0.0	0
495	14215	186.0	282.0	0.0	0
496	14232	186.0	282.0	0.0	0
497	14252	186.0	282.0	0.0	0
498	14273	186.0	282.0	0.0	0
499	14297	186.0	282.0	0.0	0
500	14316	186.0	282.0	0.0	0
501	14333	186.0	282.0	0.0	0
502	14351	186.0	282.0	0.0	0
503	14370	186.0	282.0	0.0	0
504	14389	186.0	282.0	0.0	0
505	14415	186.0	282.0	0.0	0
506	14432	186.0	282.0	0.0	0
507	14455	186.0	282.0	0.0	0
508	14476	186.0	282.0	0.0	0
509	14497	186.0	282.0	0.0	0
510	14518	186.0	282.0	0.0	0
511	14537	186.0	282.0	0.0	0
512	14558	186.0	282.0	0.0	0
513	14581	186.0	282.0	0.0	0
514	14605	186.0	282.0	0.0	0
515	14627	186.0	282.0	0.0	0
516	14650	186.0	282.0	0.0	0
517	14669	186.0	282.0	0.0	0
518	14689	186.0	282.0	0.0	0
519	14709	186.0	282.0	0.0	0
520	14728	186.0	282.0	0.0	0
521	14750	186.0	282.0	0.0	0
522	14772	186.0	282.0	0.0	0
523	14791	186.0	282.0	0.0	0
524	14809	186.0	282.0	0.0	0
525	14828	186.0	282.0	0.0	0
526	14845	186.0	282.0	0.0	0
527	14868	186.0	282.0	0.0	0
528	14890	186.0	282.0	0.0	0
529	14919	186.0	282.0	0.0	0
530	14938	186.0	282.0	0.0	0
531	14966	186.0	282.0	0.0	0
532	14996	186.0	282.0	0.0	0
533	15022	186.0	282.0	0.0	0
534	15039	186.0	282.0	0.0	0
535	15065	186.0	282.0	0.0	0
536	15087	186.0	282.0	0.0	0
537	15107	186.0	282.0	0.0	0
538	15131	186.0	282.0	0.0	0
539	15151	186.0	282.0	0.0	0
540	15171	186.0	282.0	0.0	0
541	15193	186.0	282.0	0.0	0
542	15216	186.0	282.0	0.0	0
543	15234	186.0	282.0	0.0	0
544	15250	186.0	282.0	0.0	0
545	15267	186.0	282.0	0.0	0
546	15291	186.0	282.0	0.0	0
547	15310	186.0	282.0	0.0	0
548	15336	186.0	282.0	0.0	0
549	15357	186.0	282.0	0.0	0
550	15381	186.0	282.0	0.0	0
551	15409	186.0	282.0	0.0	0
552	15428	186.0	282.0	0.0	0
553	15451	186.0	282.0	0.0	0
554	15468	186.0	282.0	0.0	0
555	15491	186.0	282.0	0.0	0
556	15517	186.0	282.0	0.0	0
557	15538	186.0	282.0	0.0	0
558	15568	186.0	282.0	0.0	0
559	15589	186.0	282.0	0.0	0
560	15608	186.0	282.0	0.0	0
561	15631	186.0	282.0	0.0	0
562	15653	186.0	282.0	0.0	0
563	15675	186.0	282.0	0.0	0
564	15701	186.0	282.0	0.0	0
565	15722	186.0	282.0	0.0	0
566	15742	186.0	282.0	0.0	0
567	15780	186.0	282.0	0.0	0
568	15798	186.0	282.0	0.0	0
569	15821	186.0	282.0	0.0	0
570	15848	186.0	282.0	0.0	1
571	15870	118.0	257.0	0.0	1
572	15891	118.0	257.0	0.0	1
573	15914	118.0	257.0	0.0	1
574	15935	118.0	257.0	0.0	1
575	15953	118.0	257.0	0.0	1
576	15976	118.0	257.0	0.0	1
577	16002	133.0	246.0	0.0	1
578	16020	203.0	209.0	0.0	1
579	16042	266.0	185.0	0.0	1
580	16072	310.0	173.0	0.0	1
581	16092	342.0	167.0	0.0	1
582	16120	343.0	166.0	0.0	1
583	16140	329.0	185.0	0.0	1
584	16161	260.0	248.0	0.0	1
585	16186	191.0	308.0	0.0	1
586	16205	173.0	322.0	0.0	1
587	16227	157.0	333.0	0.0	1
588	16250	156.0	334.0	0.0	1
589	16270	174.0	312.0	0.0	1
590	16293	223.0	270.0	0.0	1
591	16318	246.0	252.0	0.0	1
592	16340	273.0	233.0	0.0	1
593	16362	279.0	230.0	0.0	1
594	16392	280.0	229.0	0.0	1
595	16418	258.0	251.0	0.0	1
596	16436	226.0	285.0	0.0	1
597	16457	202.0	305.0	0.0	1
598	16477	189.0	317.0	0.0	1
599	16505	188.0	318.0	0.0	1
600	16524	273.0	255.0	0.0	1
601	16551	341.0	219.0	0.0	1
602	16570	378.0	200.0	0.0	1
603	16593	389.0	197.0	0.0	1
604	16620	390.0	197.0	0.0	1
605	16642	323.0	263.0	0.0	1
606	16675	224.0	348.0	0.0	1
607	16698	176.0	385.0	0.0	1
608	16723	167.0	391.0	0.0	1
609	16743	204.0	354.0	0.0	1
610	16769	268.0	310.0	0.0	1
611	16790	292.0	295.0	0.0	1
612	16814	315.0	283.0	0.0	1
613	16835	316.0	282.0	0.0	1
614	16851	295.0	305.0	0.0	1
615	16885	280.0	318.0	0.0	1
616	16906	258.0	337.0	0.0	1
617	16930	257.0	338.0	0.0	1
618	16950	326.0	302.0	0.0	1
619	16971	349.0	293.0	0.0	1
620	16991	372.0	287.0	0.0	1
621	17015	376.0	286.0	0.0	1
622	17050	371.0	308.0	0.0	1
623	17075	336.0	350.0	0.0	1
624	17100	325.0	364.0	0.0	1
625	17118	324.0	365.0	0.0	1
626	17142	343.0	348.0	0.0	1
627	17166	356.0	336.0	0.0	1
628	17186	357.0	334.0	0.0	1
629	17209	326.0	351.0	0.0	1
630	17231	279.0	380.0	0.0	1
631	17251	250.0	396.0	0.0	1
632	17274	238.0	403.0	0.0	1
633	17294	252.0	391.0	0.0	1
634	17320	275.0	374.0	0.0	1
635	17342	284.0	367.0	0.0	1
636	17365	289.0	365.0	0.0	1
637	17388	290.0	364.0	0.0	1
638	17406	290.0	364.0	0.0	1
639	17429	314.0	351.0	0.0	1
640	17453	365.0	322.0	0.0	1
641	17474	393.0	310.0	0.0	1
642	17497	405.0	306.0	0.0	1
643	17517	408.0	305.0	0.0	1
644	17542	409.0	305.0	0.0	1
645	17576	376.0	327.0	0.0	1
646	17601	346.0	344.0	0.0	1
647	17621	342.0	345.0	0.0	1
648	17646	462.0	264.0	0.0	1
649	17665	494.0	248.0	0.0	1
650	17688	511.0	239.0	0.0	1
651	17738	517.0	238.0	0.0	1
652	17757	480.0	267.0	0.0	1
653	17782	393.0	327.0	0.0	1
654	17799	392.0	328.0	0.0	1
655	17820	477.0	279.0	0.0	1
656	17840	533.0	251.0	0.0	1
657	17867	571.0	235.0	0.0	1
658	17886	577.0	234.0	0.0	1
659	17919	516.0	274.0	0.0	1
660	17941	460.0	311.0	0.0	1
661	17959	446.0	318.0	0.0	1
662	17985	445.0	319.0	0.0	1
663	18003	447.0	318.0	0.0	1
664	18026	451.0	315.0	0.0	1
665	18055	452.0	314.0	0.0	1
666	18077	453.0	313.0	0.0	1
667	18099	454.0	313.0	0.0	1
668	18117	454.0	313.0	0.0	1
669	18138	477.0	303.0	0.0	1
670	18155	498.0	289.0	0.0	1
671	18181	514.0	280.0	0.0	1
672	18199	532.0	274.0	0.0	1
673	18219	535.0	273.0	0.0	1
674	18241	536.0	273.0	0.0	1
675	18264	480.0	312.0	0.0	1
676	18287	403.0	366.0	0.0	1
677	18305	365.0	390.0	0.0	1
678	18331	355.0	396.0	0.0	1
679	18348	361.0	392.0	0.0	1
680	18373	435.0	353.0	0.0	1
681	18394	470.0	340.0	0.0	1
682	18421	485.0	337.0	0.0	1
683	18441	486.0	336.0	0.0	1
684	18467	452.0	376.0	0.0	1
685	18484	414.0	412.0	0.0	1
686	18505	389.0	435.0	0.0	1
687	18524	385.0	438.0	0.0	1
688	18551	384.0	439.0	0.0	1
689	18569	384.0	440.0	0.0	1
690	18590	384.0	437.0	0.0	1
691	18610	384.0	434.0	0.0	1
692	18632	386.0	432.0	0.0	1
693	18655	387.0	431.0	0.0	0
694	18674	387.0	431.0	0.0	0
695	18698	387.0	431.0	0.0	0
696	18718	387.0	431.0	0.0	0
697	18736	387.0	431.0	0.0	0
698	18756	387.0	431.0	0.0	0
699	18781	387.0	431.0	0.0	0
700	18798	387.0	431.0	0.0	0
701	18817	387.0	431.0	0.0	0
702	18835	387.0	431.0	0.0	0
703	18855	387.0	431.0	0.0	0
704	18884	387.0	431.0	0.0	0
705	18907	387.0	431.0	0.0	0
706	18936	387.0	431.0	0.0	0
707	18965	387.0	431.0	0.0	0
708	18990	387.0	431.0	0.0	0
709	19018	387.0	431.0	0.0	0
710	19043	387.0	431.0	0.0	0
711	19066	387.0	431.0	0.0	0
712	19105	387.0	431.0	0.0	1
713	19138	279.0	451.0	0.0	1
714	19165	255.0	451.0	0.0	1
715	19186	244.0	451.0	0.0	1
716	19211	242.0	451.0	0.0	1
717	19238	241.0	451.0	0.0	1
718	19259	241.0	448.0	0.0	1
719	19288	241.0	434.0	0.0	1
720	19307	263.0	391.0	0.0	1
721	19335	277.0	376.0	0.0	1
722	19354	328.0	343.0	0.0	1
723	19383	451.0	333.0	0.0	1
724	19403	534.0	332.0	0.0	1
725	19431	589.0	341.0	0.0	1
726	19452	606.0	346.0	0.0	1
727	19472	608.0	348.0	0.0	1
728	19499	605.0	350.0	0.0	1
729	19521	591.0	353.0	0.0	1
730	19546	520.0	345.0	0.0	1
731	19571	495.0	328.0	0.0	1
732	19594	441.0	277.0	0.0	1
733	19618	406.0	243.0	0.0	1
734	19642	352.0	209.0	0.0	0
735	19664	352.0	209.0	0.0	0
736	19685	352.0	209.0	0.0	0
737	19705	352.0	209.0	0.0	0
738	19727	352.0	209.0	0.0	0
739	19751	352.0	209.0	0.0	0
740	19769	352.0	209.0	0.0	0
741	19788	352.0	209.0	0.0	0
742	19806	352.0	209.0	0.0	0
743	19831	352.0	209.0	0.0	0
744	19848	352.0	209.0	0.0	0
745	19873	352.0	209.0	0.0	0
746	19897	352.0	209.0	0.0	0
747	19917	352.0	209.0	0.0	0
748	19940	352.0	209.0	0.0	0
749	19962	352.0	209.0	0.0	0
750	19984	352.0	209.0	0.0	0
751	20006	352.0	209.0	0.0	0
752	20030	352.0	209.0	0.0	0
753	20048	352.0	209.0	0.0	0
754	20070	352.0	209.0	0.0	0
755	20091	352.0	209.0	0.0	0
756	20112	352.0	209.0	0.0	0
757	20133	352.0	209.0	0.0	0
758	20154	352.0	209.0	0.0	0
759	20175	352.0	209.0	0.0	0
760	20198	352.0	209.0	0.0	0
761	20216	352.0	209.0	0.0	0
762	20236	352.0	209.0	0.0	0
763	20256	352.0	209.0	0.0	0
764	20275	352.0	209.0	0.0	0
765	20300	352.0	209.0	0.0	0
766	20320	352.0	209.0	0.0	0
767	20341	352.0	209.0	0.0	0
768	20365	352.0	209.0	0.0	0
769	20384	352.0	209.0	0.0	0
770	20404	352.0	209.0	0.0	0
771	20435	352.0	209.0	0.0	0
772	20459	352.0	209.0	0.0	0
773	20483	352.0	209.0	0.0	0
774	20500	352.0	209.0	0.0	0
775	20522	352.0	209.0	0.0	0
776	20542	352.0	209.0	0.0	0
777	20564	352.0	209.0	0.0	0
778	20585	352.0	209.0	0.0	0
779	20604	352.0	209.0	0.0	0
780	20624	352.0	209.0	0.0	0
781	20647	352.0	209.0	0.0	0
782	20670	352.0	209.0	0.0	0
783	20692	352.0	209.0	0.0	0
784	20715	352.0	209.0	0.0	0
785	20732	352.0	209.0	0.0	0
786	20755	352.0	209.0	0.0	0
787	20778	352.0	209.0	0.0	0
788	20800	352.0	209.0	0.0	0
789	20822	352.0	209.0	0.0	0
790	20846	352.0	209.0	0.0	0
791	20866	352.0	209.0	0.0	0
792	20889	352.0	209.0	0.0	0
793	20914	352.0	209.0	0.0	0
794	20932	352.0	209.0	0.0	0
795	20954	352.0	209.0	0.0	0
796	20974	352.0	209.0	0.0	0
797	20995	352.0	209.0	0.0	0
798	21016	352.0	209.0	0.0	0
799	21034	352.0	209.0	0.0	0
800	21052	352.0	209.0	0.0	0
801	21074	352.0	209.0	0.0	0
802	21094	352.0	209.0	0.0	0
803	21115	352.0	209.0	0.0	0
804	21139	352.0	209.0	0.0	0
805	21160	352.0	209.0	0.0	0
806	21182	352.0	209.0	0.0	0
807	21207	352.0	209.0	0.0	0
808	21235	352.0	209.0	0.0	0
809	21261	352.0	209.0	0.0	0
810	21283	352.0	209.0	0.0	0
811	21301	352.0	209.0	0.0	0
812	21322	352.0	209.0	0.0	0
813	21349	352.0	209.0	0.0	0
814	21368	352.0	209.0	0.0	0
815	21389	352.0	209.0	0.0	0
816	21410	352.0	209.0	0.0	0
817	21436	352.0	209.0	0.0	0
818	21455	352.0	209.0	0.0	0
819	21475	352.0	209.0	0.0	0
820	21501	352.0	209.0	0.0	0
821	21518	352.0	209.0	0.0	0
822	21537	352.0	209.0	0.0	0
823	21555	352.0	209.0	0.0	0
824	21576	352.0	209.0	0.0	0
825	21600	352.0	209.0	0.0	0
826	21617	352.0	209.0	0.0	0
827	21636	352.0	209.0	0.0	0
828	21653	352.0	209.0	0.0	0
829	21673	352.0	209.0	0.0	0
830	21693	352.0	209.0	0.0	0
831	21717	352.0	209.0	0.0	0
832	21735	352.0	209.0	0.0	0
833	21754	352.0	209.0	0.0	0
834	21776	352.0	209.0	0.0	0
835	21796	352.0	209.0	0.0	0
836	21821	352.0	209.0	0.0	0
837	21889	352.0	209.0	0.0	0
838	21919	352.0	209.0	0.0	0
839	21956	352.0	209.0	0.0	0
840	21976	352.0	209.0	0.0	0
841	22011	352.0	209.0	0.0	0
842	22041	352.0	209.0	0.0	0
843	22068	352.0	209.0	0.0	0
844	22090	352.0	209.0	0.0	0
845	22114	352.0	209.0	0.0	0
846	22130	352.0	209.0	0.0	0
847	22152	352.0	209.0	0.0	0
848	22171	352.0	209.0	0.0	0
849	22190	352.0	209.0	0.0	0
850	22214	352.0	209.0	0.0	0
851	22231	352.0	209.0	0.0	0
852	22252	352.0	209.0	0.0	0
853	22272	352.0	209.0	0.0	0
854	22294	352.0	209.0	0.0	0
855	22313	352.0	209.0	0.0	0
856	22338	352.0	209.0	0.0	0
857	22357	352.0	209.0	0.0	0
858	22376	352.0	209.0	0.0	0
859	22400	352.0	209.0	0.0	0
860	22418	352.0	209.0	0.0	0
861	22439	352.0	209.0	0.0	0
862	22459	352.0	209.0	0.0	0
863	22481	352.0	209.0	0.0	0
864	22503	352.0	209.0	0.0	0
865	22520	352.0	209.0	0.0	0
866	22542	352.0	209.0	0.0	0
867	22566	352.0	209.0	0.0	0
868	22585	352.0	209.0	0.0	0
869	22606	352.0	209.0	0.0	0
870	22626	352.0	209.0	0.0	0
871	22653	352.0	209.0	0.0	0
872	22676	352.0	209.0	0.0	0
873	22700	352.0	209.0	0.0	0
874	22718	352.0	209.0	0.0	0
875	22739	352.0	209.0	0.0	0
876	22758	352.0	209.0	0.0	0
877	22781	352.0	209.0	0.0	0
878	22801	352.0	209.0	0.0	0
879	22819	352.0	209.0	0.0	0
880	22839	352.0	209.0	0.0	0
881	22860	352.0	209.0	0.0	0
882	22882	352.0	209.0	0.0	0
883	22902	352.0	209.0	0.0	0
884	22921	352.0	209.0	0.0	0
885	22942	352.0	209.0	0.0	0
886	22965	352.0	209.0	0.0	0
887	22984	352.0	209.0	0.0	0
888	23001	352.0	209.0	0.0	0
889	23019	352.0	209.0	0.0	0
890	23037	352.0	209.0	0.0	0
891	23057	352.0	209.0	0.0	0
892	23076	352.0	209.0	0.0	0
893	23097	352.0	209.0	0.0	0
894	23117	352.0	209.0	0.0	0
895	23134	352.0	209.0	0.0	0
896	23152	352.0	209.0	0.0	0
897	23171	352.0	209.0	0.0	0
898	23192	352.0	209.0	0.0	0
899	23217	352.0	209.0	0.0	0
900	23234	352.0	209.0	0.0	0
901	23255	352.0	209.0	0.0	0
902	23274	352.0	209.0	0.0	0
903	23297	352.0	209.0	0.0	0
904	23318	352.0	209.0	0.0	0
905	23337	352.0	209.0	0.0	0
906	23355	352.0	209.0	0.0	0
907	23374	352.0	209.0	0.0	0
908	23398	352.0	209.0	0.0	0
909	23418	352.0	209.0	0.0	0
910	23436	352.0	209.0	0.0	0
911	23453	352.0	209.0	0.0	0
912	23471	352.0	209.0	0.0	0
913	23491	352.0	209.0	0.0	0
914	23511	352.0	209.0	0.0	0
915	23531	352.0	209.0	0.0	0
916	23550	352.0	209.0	0.0	0
917	23567	352.0	209.0	0.0	0
918	23588	352.0	209.0	0.0	0
919	23607	352.0	209.0	0.0	0
920	23626	352.0	209.0	0.0	0
921	23647	352.0	209.0	0.0	0
922	23665	352.0	209.0	0.0	0
923	23684	352.0	209.0	0.0	0
924	23701	352.0	209.0	0.0	0
925	23722	352.0	209.0	0.0	0
926	23740	352.0	209.0	0.0	0
927	23760	352.0	209.0	0.0	0
928	23781	352.0	209.0	0.0	0
929	23798	352.0	209.0	0.0	0
930	23818	352.0	209.0	0.0	0
931	23835	352.0	209.0	0.0	0
932	23857	352.0	209.0	0.0	0
933	23881	352.0	209.0	0.0	0
934	23898	352.0	209.0	0.0	0
935	23919	352.0	209.0	0.0	0
936	23937	352.0	209.0	0.0	0
937	23957	352.0	209.0	0.0	0
938	23976	352.0	209.0	0.0	0
939	23999	352.0	209.0	0.0	0
940	24015	352.0	209.0	0.0	0
941	24036	352.0	209.0	0.0	0
942	24056	352.0	209.0	0.0	0
943	24077	352.0	209.0	0.0	0
944	24103	352.0	209.0	0.0	0
945	24124	352.0	209.0	0.0	0
946	24143	352.0	209.0	0.0	0
947	24164	352.0	209.0	0.0	0
948	24188	352.0	209.0	0.0	0
949	24208	352.0	209.0	0.0	0
950	24230	352.0	209.0	0.0	0
951	24254	352.0	209.0	0.0	0
952	24274	352.0	209.0	0.0	0
953	24296	352.0	209.0	0.0	0
954	24320	352.0	209.0	0.0	0
955	24341	352.0	209.0	0.0	0
956	24363	352.0	209.0	0.0	0
957	24385	352.0	209.0	0.0	0
958	24404	352.0	209.0	0.0	0
959	24424	352.0	209.0	0.0	0
960	24446	352.0	209.0	0.0	0
961	24467	352.0	209.0	0.0	0
962	24486	352.0	209.0	0.0	0
963	24503	352.0	209.0	0.0	0
964	24524	352.0	209.0	0.0	0
965	24544	352.0	209.0	0.0	0
966	24566	352.0	209.0	0.0	0
967	24587	352.0	209.0	0.0	0
968	24606	352.0	209.0	0.0	0
969	24625	352.0	209.0	0.0	0
970	24642	352.0	209.0	0.0	0
971	24663	352.0	209.0	0.0	0
972	24682	352.0	209.0	0.0	0
973	24703	352.0	209.0	0.0	0
974	24723	352.0	209.0	0.0	0
975	24742	352.0	209.0	0.0	0
976	24765	352.0	209.0	0.0	0
977	24782	352.0	209.0	0.0	0
978	24803	352.0	209.0	0.0	0
979	24826	352.0	209.0	0.0	0
980	24846	352.0	209.0	0.0	0
981	24870	352.0	209.0	0.0	0
982	24891	352.0	209.0	0.0	0
983	24914	352.0	209.0	0.0	0
984	24935	352.0	209.0	0.0	0
985	24953	352.0	209.0	0.0	0
986	24972	352.0	209.0	0.0	0
987	24992	352.0	209.0	0.0	0
988	25015	352.0	209.0	0.0	0
989	25032	352.0	209.0	0.0	0
990	25052	352.0	209.0	0.0	0
991	25070	352.0	209.0	0.0	0
992	25087	352.0	209.0	0.0	0
993	25106	352.0	209.0	0.0	0
994	25126	352.0	209.0	0.0	0
995	25144	352.0	209.0	0.0	0
996	25164	352.0	209.0	0.0	0
997	25185	352.0	209.0	0.0	0
998	25202	352.0	209.0	0.0	0
999	25223	352.0	209.0	0.0	0
1000	25246	352.0	209.0	0.0	0
1001	25267	352.0	209.0	0.0	0
1002	25284	352.0	209.0	0.0	0
1003	25304	352.0	209.0	0.0	0
1004	25324	352.0	209.0	0.0	0
1005	25348	352.0	209.0	0.0	0
1006	25370	352.0	209.0	0.0	0
1007	25388	352.0	209.0	0.0	0
1008	25414	352.0	209.0	0.0	0
1009	25435	352.0	209.0	0.0	0
1010	25452	352.0	209.0	0.0	0
1011	25473	352.0	209.0	0.0	0
1012	25492	352.0	209.0	0.0	0
1013	25514	352.0	209.0	0.0	0
1014	25534	352.0	209.0	0.0	0
1015	25552	352.0	209.0	0.0	0
1016	25573	352.0	209.0	0.0	0
1017	25592	352.0	209.0	0.0	0
1018	25614	352.0	209.0	0.0	0
1019	25631	352.0	209.0	0.0	0
1020	25652	352.0	209.0	0.0	0
1021	25668	352.0	209.0	0.0	0
1022	25688	352.0	209.0	0.0	0
1023	25708	352.0	209.0	0.0	0
1024	25727	352.0	209.0	0.0	0
1025	25748	352.0	209.0	0.0	0
1026	25768	352.0	209.0	0.0	0
1027	25786	352.0	209.0	0.0	0
1028	25807	352.0	209.0	0.0	0
1029	25826	352.0	209.0	0.0	0
1030	25847	352.0	209.0	0.0	0
1031	25865	352.0	209.0	0.0	0
1032	25886	352.0	209.0	0.0	0
1033	25904	352.0	209.0	0.0	0
1034	25924	352.0	209.0	0.0	0
1035	25948	352.0	209.0	0.0	0
1036	25968	352.0	209.0	0.0	0
1037	25989	352.0	209.0	0.0	0
1038	26011	352.0	209.0	0.0	0
1039	26037	352.0	209.0	0.0	0
1040	26056	352.0	209.0	0.0	0
1041	26093	352.0	209.0	0.0	0
1042	26126	352.0	209.0	0.0	0
1043	26160	352.0	209.0	0.0	0
1044	26190	352.0	209.0	0.0	0
1045	26221	352.0	209.0	0.0	0
1046	26253	352.0	209.0	0.0	0
1047	26285	352.0	209.0	0.0	0
1048	26317	352.0	209.0	0.0	0
1049	26349	352.0	209.0	0.0	0
1050	26380	352.0	209.0	0.0	0
1051	26411	352.0	209.0	0.0	0
1052	26445	352.0	209.0	0.0	0
1053	26478	352.0	209.0	0.0	0
1054	26514	352.0	209.0	0.0	0
1055	26548	352.0	209.0	0.0	0
1056	26605	352.0	209.0	0.0	0
1057	26640	352.0	209.0	0.0	0
1058	26678	352.0	209.0	0.0	0
1059	26715	352.0	209.0	0.0	0
1060	26754	352.0	209.0	0.0	0
1061	26793	352.0	209.0	0.0	0
1062	26834	352.0	209.0	0.0	0
1063	26872	352.0	209.0	0.0	0
1064	26900	352.0	209.0	0.0	0
1065	26918	352.0	209.0	0.0	0
1066	26947	352.0	209.0	0.0	0
1067	26967	352.0	209.0	0.0	0
1068	26988	352.0	209.0	0.0	0
1069	27008	352.0	209.0	0.0	0
1070	27031	352.0	209.0	0.0	0
1071	27049	352.0	209.0	0.0	0
1072	27067	352.0	209.0	0.0	0
1073	27087	352.0	209.0	0.0	0
1074	27108	352.0	209.0	0.0	0
1075	27127	352.0	209.0	0.0	0
1076	27149	352.0	209.0	0.0	0
1077	27167	352.0	209.0	0.0	0
1078	27184	352.0	209.0	0.0	0
1079	27201	352.0	209.0	0.0	0
1080	27219	352.0	209.0	0.0	0
1081	27238	352.0	209.0	0.0	0
1082	27255	352.0	209.0	0.0	0
1083	27277	352.0	209.0	0.0	0
1084	27300	352.0	209.0	0.0	0
1085	27320	352.0	209.0	0.0	0
1086	27340	352.0	209.0	0.0	0
1087	27364	352.0	209.0	0.0	0
1088	27387	352.0	209.0	0.0	0
1089	27406	352.0	209.0	0.0	0
1090	27432	352.0	209.0	0.0	0
1091	27450	352.0	209.0	0.0	0
1092	27473	352.0	209.0	0.0	0
1093	27499	352.0	209.0	0.0	0
1094	27516	352.0	209.0	0.0	0
1095	27538	352.0	209.0	0.0	0
1096	27564	352.0	209.0	0.0	0
1097	27588	352.0	209.0	0.0	0
1098	27611	352.0	209.0	0.0	0
1099	27641	352.0	209.0	0.0	0
1100	27669	352.0	209.0	0.0	0
1101	27705	352.0	209.0	0.0	0
1102	27736	352.0	209.0	0.0	0
1103	27768	352.0	209.0	0.0	0
1104	27811	352.0	209.0	0.0	0
1105	27849	352.0	209.0	0.0	0
1106	27892	352.0	209.0	0.0	0
1107	27929	352.0	209.0	0.0	0
1108	27970	352.0	209.0	0.0	0
1109	28008	352.0	209.0	0.0	0
1110	28053	352.0	209.0	0.0	0
1111	28095	352.0	209.0	0.0	0
1112	28141	352.0	209.0	0.0	0
1113	28189	352.0	209.0	0.0	0
1114	28233	352.0	209.0	0.0	0
1115	28278	352.0	209.0	0.0	0
1116	28324	352.0	209.0	0.0	0
1117	28375	352.0	209.0	0.0	0
1118	28428	352.0	209.0	0.0	0
1119	28481	352.0	209.0	0.0	0
1120	28544	352.0	209.0	0.0	0
1121	28603	352.0	209.0	0.0	0
1122	28657	352.0	209.0	0.0	0
1123	28721	352.0	209.0	0.0	0
1124	28771	352.0	209.0	0.0	0
1125	28829	352.0	209.0	0.0	0
1126	28886	352.0	209.0	0.0	0
1127	28936	352.0	209.0	0.0	0
1128	28994	352.0	209.0	0.0	0
1129	29048	352.0	209.0	0.0	0
1130	29100	352.0	209.0	0.0	0
1131	29155	352.0	209.0	0.0	0
1132	29206	352.0	209.0	0.0	0
1133	29257	352.0	209.0	0.0	0
1134	29315	352.0	209.0	0.0	0
1135	29384	352.0	209.0	0.0	0
1136	29441	352.0	209.0	0.0	0
1137	29498	352.0	209.0	0.0	0
1138	29538	352.0	209.0	0.0	0
1139	29556	352.0	209.0	0.0	0
1140	29580	352.0	209.0	0.0	0
1141	29597	352.0	209.0	0.0	0
1142	29620	352.0	209.0	0.0	0
1143	29642	352.0	209.0	0.0	0
1144	29664	352.0	209.0	0.0	0
1145	29681	352.0	209.0	0.0	0
1146	29702	352.0	209.0	0.0	0
1147	29718	352.0	209.0	0.0	0
1148	29738	352.0	209.0	0.0	0
1149	29755	352.0	209.0	0.0	0
1150	29774	352.0	209.0	0.0	0
1151	29797	352.0	209.0	0.0	0
1152	29817	352.0	209.0	0.0	0
1153	29837	352.0	209.0	0.0	0
1154	29856	352.0	209.0	0.0	0
1155	29881	352.0	209.0	0.0	0
1156	29902	352.0	209.0	0.0	0
1157	29925	352.0	209.0	0.0	0
1158	29958	352.0	209.0	0.0	0
1159	29983	352.0	209.0	0.0	0
1160	30007	352.0	209.0	0.0	0
1161	30038	352.0	209.0	0.0	0
1162	30072	352.0	209.0	0.0	0
1163	30100	352.0	209.0	0.0	0
1164	30127	352.0	209.0	0.0	0
1165	30162	352.0	209.0	0.0	0
1166	30194	352.0	209.0	0.0	0
1167	30221	352.0	209.0	0.0	0
1168	30248	352.0	209.0	0.0	0
1169	30277	352.0	209.0	0.0	0
1170	30308	352.0	209.0	0.0	0
1171	30342	352.0	209.0	0.0	0
1172	30378	352.0	209.0	0.0	0
1173	30413	352.0	209.0	0.0	0
1174	30442	352.0	209.0	0.0	0
1175	30476	352.0	209.0	0.0	0
1176	30507	352.0	209.0	0.0	0
1177	30540	352.0	209.0	0.0	0
1178	30570	352.0	209.0	0.0	0
1179	30597	352.0	209.0	0.0	0
1180	30627	352.0	209.0	0.0	0
1181	30656	352.0	209.0	0.0	0
1182	30686	352.0	209.0	0.0	0
1183	30721	352.0	209.0	0.0	0
1184	30754	352.0	209.0	0.0	0
1185	30789	352.0	209.0	0.0	0
1186	30817	352.0	209.0	0.0	0
1187	30849	352.0	209.0	0.0	0
1188	30886	352.0	209.0	0.0	0
1189	30915	352.0	209.0	0.0	0
1190	30947	352.0	209.0	0.0	0
1191	30980	352.0	209.0	0.0	0
1192	31014	352.0	209.0	0.0	0
1193	31043	352.0	209.0	0.0	0
1194	31076	352.0	209.0	0.0	0
1195	31114	352.0	209.0	0.0	0
1196	31148	352.0	209.0	0.0	0
1197	31180	352.0	209.0	0.0	0
1198	31218	352.0	209.0	0.0	0
1199	31249	352.0	209.0	0.0	0
1200	31285	352.0	209.0	0.0	0
1201	31318	352.0	209.0	0.0	0
1202	31348	352.0	209.0	0.0	0
1203	31386	352.0	209.0	0.0	0
1204	31425	352.0	209.0	0.0	0
1205	31464	352.0	209.0	0.0	0
1206	31502	352.0	209.0	0.0	0
1207	31539	352.0	209.0	0.0	0
1208	31578	352.0	209.0	0.0	0
1209	31616	352.0	209.0	0.0	0
1210	31658	352.0	209.0	0.0	0
1211	31707	352.0	209.0	0.0	0
1212	31757	352.0	209.0	0.0	0
1213	31810	352.0	209.0	0.0	0
1214	31856	352.0	209.0	0.0	0
1215	31901	352.0	209.0	0.0	0
1216	31949	352.0	209.0	0.0	0
1217	32008	352.0	209.0	0.0	0
1218	32052	352.0	209.0	0.0	0
1219	32097	352.0	209.0	0.0	0
1220	32145	352.0	209.0	0.0	0
1221	32194	352.0	209.0	0.0	0
1222	32240	352.0	209.0	0.0	0
1223	32288	352.0	209.0	0.0	0
1224	32345	352.0	209.0	0.0	0
1225	32388	352.0	209.0	0.0	0
1226	32435	352.0	209.0	0.0	0
1227	32482	352.0	209.0	0.0	0
1228	32528	352.0	209.0	0.0	0
1229	32571	352.0	209.0	0.0	0
1230	32614	352.0	209.0	0.0	0
1231	32665	352.0	209.0	0.0	0
1232	32720	352.0	209.0	0.0	0
1233	32770	352.0	209.0	0.0	0
1234	32818	352.0	209.0	0.0	0
1235	32862	352.0	209.0	0.0	0
1236	32922	352.0	209.0	0.0	0
1237	32969	352.0	209.0	0.0	0
1238	33018	352.0	209.0	0.0	0
1239	33062	352.0	209.0	0.0	0
1240	33111	352.0	209.0	0.0	0
1241	33172	352.0	209.0	0.0	0
1242	33317	352.0	209.0	0.0	0
1243	33507	352.0	209.0	0.0	0
1244	33584	352.0	209.0	0.0	0
1245	33647	352.0	209.0	0.0	0
1246	33692	352.0	209.0	0.0	0
1247	33759	352.0	209.0	0.0	0
1248	33806	352.0	209.0	0.0	0
1249	33852	352.0	209.0	0.0	0
1250	33914	352.0	209.0	0.0	0
1251	33990	352.0	209.0	0.0	0
1252	34061	352.0	209.0	0.0	0
1253	34128	352.0	209.0	0.0	0
1254	34191	352.0	209.0	0.0	0
1255	34253	352.0	209.0	0.0	0
1256	34306	352.0	209.0	0.0	0
1257	34372	352.0	209.0	0.0	0
1258	34423	352.0	209.0	0.0	0
1259	34463	352.0	209.0	0.0	0
1260	34498	352.0	209.0	0.0	0
1261	34535	352.0	209.0	0.0	0
1262	34570	352.0	209.0	0.0	0
1263	34603	352.0	209.0	0.0	0
1264	34634	352.0	209.0	0.0	0
1265	34665	352.0	209.0	0.0	0
1266	34700	352.0	209.0	0.0	0
1267	34730	352.0	209.0	0.0	0
1268	34768	352.0	209.0	0.0	0
1269	34802	352.0	209.0	0.0	0
1270	34844	352.0	209.0	0.0	0
1271	34886	352.0	209.0	0.0	0
1272	34934	352.0	209.0	0.0	0
1273	34988	352.0	209.0	0.0	0
1274	35036	352.0	209.0	0.0	0
1275	35087	352.0	209.0	0.0	0
1276	35138	352.0	209.0	0.0	0
1277	35186	352.0	209.0	0.0	0
1278	35225	352.0	209.0	0.0	0
1279	35259	352.0	209.0	0.0	0
1280	35294	352.0	209.0	0.0	0
1281	35330	352.0	209.0	0.0	0
1282	35365	352.0	209.0	0.0	0
1283	35405	352.0	209.0	0.0	0
1284	35439	352.0	209.0	0.0	0
1285	35505	352.0	209.0	0.0	0
1286	35561	352.0	209.0	0.0	0
1287	35607	352.0	209.0	0.0	0
1288	35647	352.0	209.0	0.0	0
1289	35688	352.0	209.0	0.0	0
1290	35723	352.0	209.0	0.0	0
1291	35760	352.0	209.0	0.0	0
1292	35796	352.0	209.0	0.0	0
1293	35835	352.0	209.0	0.0	0
1294	35871	352.0	209.0	0.0	0
1295	35908	352.0	209.0	0.0	0
1296	35945	352.0	209.0	0.0	0
1297	35981	352.0	209.0	0.0	0
1298	36018	352.0	209.0	0.0	0
1299	36057	352.0	209.0	0.0	0
1300	36097	352.0	209.0	0.0	0
1301	36142	352.0	209.0	0.0	0
1302	36185	352.0	209.0	0.0	0
1303	36232	352.0	209.0	0.0	0
1304	36278	352.0	209.0	0.0	0
1305	36324	352.0	209.0	0.0	0
1306	36376	352.0	209.0	0.0	0
1307	36426	352.0	209.0	0.0	0
1308	36481	352.0	209.0	0.0	0
1309	36536	352.0	209.0	0.0	0
1310	36580	352.0	209.0	0.0	0
1311	36626	352.0	209.0	0.0	0
1312	36672	352.0	209.0	0.0	0
1313	36718	352.0	209.0	0.0	0
1314	36762	352.0	209.0	0.0	0
1315	36807	352.0	209.0	0.0	0
1316	36855	352.0	209.0	0.0	0
1317	36907	352.0	209.0	0.0	0
1318	36948	352.0	209.0	0.0	0
1319	36995	352.0	209.0	0.0	0
1320	37041	352.0	209.0	0.0	0
1321	37087	352.0	209.0	0.0	0
1322	37137	352.0	209.0	0.0	0
1323	37183	352.0	209.0	0.0	0
1324	37234	352.0	209.0	0.0	0
1325	37284	352.0	209.0	0.0	0
1326	37338	352.0	209.0	0.0	0
1327	37385	352.0	209.0	0.0	0
1328	37434	352.0	209.0	0.0	0
1329	37481	352.0	209.0	0.0	0
1330	37532	352.0	209.0	0.0	0
1331	37591	352.0	209.0	0.0	0
1332	37650	352.0	209.0	0.0	0
1333	37701	352.0	209.0	0.0	0
1334	37751	352.0	209.0	0.0	0
1335	37797	352.0	209.0	0.0	0
1336	37849	352.0	209.0	0.0	0
1337	37898	352.0	209.0	0.0	0
1338	37951	352.0	209.0	0.0	0
1339	38001	352.0	209.0	0.0	0
1340	38053	352.0	209.0	0.0	0
1341	38100	352.0	209.0	0.0	0
1342	38147	352.0	209.0	0.0	0
1343	38196	352.0	209.0	0.0	0
1344	38254	352.0	209.0	0.0	0
1345	38307	352.0	209.0	0.0	0
1346	38359	352.0	209.0	0.0	0
1347	38411	352.0	209.0	0.0	0
1348	38459	352.0	209.0	0.0	0
1349	38517	352.0	209.0	0.0	0
1350	38568	352.0	209.0	0.0	0
1351	38618	352.0	209.0	0.0	0
1352	38662	352.0	209.0	0.0	0
1353	38704	352.0	209.0	0.0	0
1354	38750	352.0	209.0	0.0	0
1355	38797	352.0	209.0	0.0	0
1356	38846	352.0	209.0	0.0	0
1357	38897	352.0	209.0	0.0	0
1358	38958	352.0	209.0	0.0	0
1359	39014	352.0	209.0	0.0	0
1360	39067	352.0	209.0	0.0	0
1361	39120	352.0	209.0	0.0	0
1362	39173	352.0	209.0	0.0	0
1363	39223	352.0	209.0	0.0	0
1364	39270	352.0	209.0	0.0	0
1365	39316	352.0	209.0	0.0	0
1366	39363	352.0	209.0	0.0	0
1367	39412	352.0	209.0	0.0	0
1368	39463	352.0	209.0	0.0	0
1369	39513	352.0	209.0	0.0	0
1370	39560	352.0	209.0	0.0	0
1371	39618	352.0	209.0	0.0	0
1372	39667	352.0	209.0	0.0	1
1373	39717	344.0	246.0	0.0	1
1374	39765	344.0	246.0	0.0	0
1375	39813	344.0	246.0	0.0	0
1376	39858	344.0	246.0	0.0	0
1377	39907	344.0	246.0	0.0	0
1378	39963	344.0	246.0	0.0	0
1379	40015	344.0	246.0	0.0	0
1380	40066	344.0	246.0	0.0	0
1381	40118	344.0	246.0	0.0	0
1382	40169	344.0	246.0	0.0	0
1383	40221	344.0	246.0	0.0	0
1384	40269	344.0	246.0	0.0	0
1385	40319	344.0	246.0	0.0	0
1386	40371	344.0	246.0	0.0	0
1387	40423	344.0	246.0	0.0	0
1388	40475	344.0	246.0	0.0	0
1389	40531	344.0	246.0	0.0	0
1390	40587	344.0	246.0	0.0	0
1391	40640	344.0	246.0	0.0	0
1392	40696	344.0	246.0	0.0	0
1393	40733	344.0	246.0	0.0	0
1394	40772	344.0	246.0	0.0	0
1395	40811	344.0	246.0	0.0	0
1396	40853	344.0	246.0	0.0	0
1397	40891	344.0	246.0	0.0	0
1398	40930	344.0	246.0	0.0	0
1399	40972	344.0	246.0	0.0	0
1400	41012	344.0	246.0	0.0	0
1401	41047	344.0	246.0	0.0	0
1402	41083	344.0	246.0	0.0	0
1403	41122	344.0	246.0	0.0	0
1404	41159	344.0	246.0	0.0	0
1405	41196	344.0	246.0	0.0	0
1406	41234	344.0	246.0	0.0	0
1407	41276	344.0	246.0	0.0	0
1408	41313	344.0	246.0	0.0	0
1409	41357	344.0	246.0	0.0	0
1410	41396	344.0	246.0	0.0	0
1411	41440	344.0	246.0	0.0	0
1412	41479	344.0	246.0	0.0	0
1413	41521	344.0	246.0	0.0	0
1414	41561	344.0	246.0	0.0	0
1415	41599	344.0	246.0	0.0	0
1416	41638	344.0	246.0	0.0	0
1417	41680	344.0	246.0	0.0	0
1418	41717	344.0	246.0	0.0	0
1419	41754	344.0	246.0	0.0	0
1420	41789	344.0	246.0	0.0	0
1421	41829	344.0	246.0	0.0	0
1422	41865	344.0	246.0	0.0	0
1423	41914	344.0	246.0	0.0	0
1424	41960	344.0	246.0	0.0	1
1425	42004	642.0	375.0	0.0	0
1426	42039	642.0	375.0	0.0	0
1427	42080	642.0	375.0	0.0	0
1428	42124	642.0	375.0	0.0	0
1429	42170	642.0	375.0	0.0	0
1430	42210	642.0	375.0	0.0	0
1431	42254	642.0	375.0	0.0	0
1432	42295	642.0	375.0	0.0	0
1433	42334	642.0	375.0	0.0	0
1434	42377	642.0	375.0	0.0	0
1435	42421	642.0	375.0	0.0	0
1436	42465	642.0	375.0	0.0	0
1437	42505	642.0	375.0	0.0	0
1438	42550	642.0	375.0	0.0	0
1439	42594	642.0	375.0	0.0	0
1440	42631	642.0	375.0	0.0	0
1441	42675	642.0	375.0	0.0	0
1442	42722	642.0	375.0	0.0	0
1443	42764	642.0	375.0	0.0	0
1444	42808	642.0	375.0	0.0	0
1445	42852	642.0	375.0	0.0	0
1446	42894	642.0	375.0	0.0	0
1447	42938	642.0	375.0	0.0	0
1448	42980	642.0	375.0	0.0	0
1449	43024	642.0	375.0	0.0	0
1450	43043	642.0	375.0	0.0	0
1451	43069	642.0	375.0	0.0	0
1452	43086	642.0	375.0	0.0	0
1453	43104	642.0	375.0	0.0	0
1454	43122	642.0	375.0	0.0	0
1455	43141	642.0	375.0	0.0	0
1456	43164	642.0	375.0	0.0	0
1457	43183	642.0	375.0	0.0	0
1458	43201	642.0	375.0	0.0	0
1459	43218	642.0	375.0	0.0	0
1460	43235	642.0	375.0	0.0	0
1461	43258	642.0	375.0	0.0	0
1462	43278	642.0	375.0	0.0	0
1463	43298	642.0	375.0	0.0	0
1464	43317	642.0	375.0	0.0	0
1465	43334	642.0	375.0	0.0	0
1466	43353	642.0	375.0	0.0	0
1467	43371	642.0	375.0	0.0	0
1468	43389	642.0	375.0	0.0	0
1469	43409	642.0	375.0	0.0	0
1470	43430	642.0	375.0	0.0	0
1471	43448	642.0	375.0	0.0	0
1472	43467	642.0	375.0	0.0	0
1473	43485	642.0	375.0	0.0	0
1474	43503	642.0	375.0	0.0	0
1475	43521	642.0	375.0	0.0	0
1476	43540	642.0	375.0	0.0	0
1477	43560	642.0	375.0	0.0	0
1478	43584	642.0	375.0	0.0	0
1479	43603	642.0	375.0	0.0	0
1480	43624	642.0	375.0	0.0	0
1481	43647	642.0	375.0	0.0	0
1482	43665	642.0	375.0	0.0	0
1483	43688	642.0	375.0	0.0	0
1484	43711	642.0	375.0	0.0	0
1485	43735	642.0	375.0	0.0	0
1486	43752	642.0	375.0	0.0	0
1487	43771	642.0	375.0	0.0	0
1488	43789	642.0	375.0	0.0	0
1489	43810	642.0	375.0	0.0	0
1490	43832	642.0	37