1	1364	1.0	1.0	0.0	0
2	1386	1.0	1.0	0.0	0
3	1402	1.0	1.0	0.0	0
4	1419	1.0	1.0	0.0	0
5	1437	1.0	1.0	0.0	0
6	1452	1.0	1.0	0.0	0
7	1470	1.0	1.0	0.0	0
8	1486	1.0	1.0	0.0	0
9	1503	1.0	1.0	0.0	0
10	1519	1.0	1.0	0.0	0
11	1536	1.0	1.0	0.0	0
12	1552	1.0	1.0	0.0	0
13	1570	1.0	1.0	0.0	0
14	1586	1.0	1.0	0.0	0
15	1603	1.0	1.0	0.0	0
16	1620	1.0	1.0	0.0	0
17	1636	1.0	1.0	0.0	0
18	1654	1.0	1.0	0.0	0
19	1671	1.0	1.0	0.0	0
20	1687	1.0	1.0	0.0	0
21	1704	1.0	1.0	0.0	0
22	1719	1.0	1.0	0.0	0
23	1736	1.0	1.0	0.0	0
24	1753	1.0	1.0	0.0	0
25	1770	1.0	1.0	0.0	0
26	1786	1.0	1.0	0.0	0
27	1804	1.0	1.0	0.0	0
28	1820	1.0	1.0	0.0	0
29	1837	1.0	1.0	0.0	0
30	1853	1.0	1.0	0.0	0
31	1869	1.0	1.0	0.0	0
32	1887	1.0	1.0	0.0	0
33	1903	1.0	1.0	0.0	0
34	1920	1.0	1.0	0.0	0
35	1936	1.0	1.0	0.0	0
36	1953	1.0	1.0	0.0	0
37	1970	1.0	1.0	0.0	0
38	1986	1.0	1.0	0.0	0
39	2003	1.0	1.0	0.0	0
40	2020	1.0	1.0	0.0	0
41	2036	1.0	1.0	0.0	0
42	2054	1.0	1.0	0.0	0
43	2069	1.0	1.0	0.0	0
44	2086	1.0	1.0	0.0	0
45	2102	1.0	1.0	0.0	0
46	2119	1.0	1.0	0.0	0
47	2136	1.0	1.0	0.0	0
48	2153	1.0	1.0	0.0	0
49	2170	1.0	1.0	0.0	0
50	2187	1.0	1.0	0.0	0
51	2202	1.0	1.0	0.0	0
52	2219	1.0	1.0	0.0	0
53	2236	1.0	1.0	0.0	0
54	2254	1.0	1.0	0.0	0
55	2269	1.0	1.0	0.0	0
56	2286	1.0	1.0	0.0	0
57	2303	1.0	1.0	0.0	0
58	2320	1.0	1.0	0.0	0
59	2336	1.0	1.0	0.0	0
60	2354	1.0	1.0	0.0	0
61	2370	1.0	1.0	0.0	0
62	2386	1.0	1.0	0.0	0
63	2403	1.0	1.0	0.0	0
64	2420	1.0	1.0	0.0	0
65	2436	1.0	1.0	0.0	0
66	2453	1.0	1.0	0.0	0
67	2469	1.0	1.0	0.0	0
68	2486	1.0	1.0	0.0	0
69	2503	1.0	1.0	0.0	0
70	2520	1.0	1.0	0.0	0
71	2537	1.0	1.0	0.0	0
72	2553	1.0	1.0	0.0	0
73	2570	1.0	1.0	0.0	0
74	2585	1.0	1.0	0.0	0
75	2602	1.0	1.0	0.0	0
76	2620	1.0	1.0	0.0	0
77	2635	1.0	1.0	0.0	0
78	2652	1.0	1.0	0.0	0
79	2669	1.0	1.0	0.0	0
80	2685	1.0	1.0	0.0	0
81	2704	1.0	1.0	0.0	0
82	2720	1.0	1.0	0.0	0
83	2736	1.0	1.0	0.0	0
84	2754	1.0	1.0	0.0	0
85	2770	1.0	1.0	0.0	0
86	2787	1.0	1.0	0.0	0
87	2803	1.0	1.0	0.0	0
88	2820	1.0	1.0	0.0	0
89	2837	1.0	1.0	0.0	0
90	2853	1.0	1.0	0.0	0
91	2870	1.0	1.0	0.0	0
92	2887	1.0	1.0	0.0	0
93	2903	1.0	1.0	0.0	0
94	2920	1.0	1.0	0.0	0
95	2937	1.0	1.0	0.0	0
96	2954	1.0	1.0	0.0	0
97	2970	1.0	1.0	0.0	0
98	2987	1.0	1.0	0.0	0
99	3006	1.0	1.0	0.0	0
100	3020	1.0	1.0	0.0	0
101	3036	1.0	1.0	0.0	0
102	3053	1.0	1.0	0.0	0
103	3070	1.0	1.0	0.0	0
104	3086	1.0	1.0	0.0	0
105	3103	1.0	1.0	0.0	0
106	3119	1.0	1.0	0.0	0
107	3136	1.0	1.0	0.0	0
108	3153	1.0	1.0	0.0	0
109	3170	1.0	1.0	0.0	0
110	3186	1.0	1.0	0.0	0
111	3202	1.0	1.0	0.0	0
112	3219	1.0	1.0	0.0	0
113	3236	1.0	1.0	0.0	0
114	3254	1.0	1.0	0.0	0
115	3270	1.0	1.0	0.0	0
116	3287	1.0	1.0	0.0	0
117	3302	1.0	1.0	0.0	0
118	3320	1.0	1.0	0.0	0
119	3335	1.0	1.0	0.0	0
120	3352	1.0	1.0	0.0	0
121	3369	1.0	1.0	0.0	0
122	3386	1.0	1.0	0.0	0
123	3402	1.0	1.0	0.0	0
124	3419	1.0	1.0	0.0	0
125	3436	1.0	1.0	0.0	0
126	3452	1.0	1.0	0.0	0
127	3469	1.0	1.0	0.0	0
128	3486	1.0	1.0	0.0	0
129	3502	1.0	1.0	0.0	0
130	3519	1.0	1.0	0.0	0
131	3536	1.0	1.0	0.0	0
132	3552	1.0	1.0	0.0	0
133	3570	1.0	1.0	0.0	0
134	3586	1.0	1.0	0.0	0
135	3603	1.0	1.0	0.0	0
136	3620	1.0	1.0	0.0	0
137	3638	1.0	1.0	0.0	0
138	3653	1.0	1.0	0.0	0
139	3670	1.0	1.0	0.0	0
140	3687	1.0	1.0	0.0	0
141	3703	1.0	1.0	0.0	0
142	3720	1.0	1.0	0.0	0
143	3736	1.0	1.0	0.0	0
144	3754	1.0	1.0	0.0	0
145	3770	1.0	1.0	0.0	0
146	3787	1.0	1.0	0.0	0
147	3803	1.0	1.0	0.0	0
148	3819	1.0	1.0	0.0	0
149	3837	1.0	1.0	0.0	0
150	3854	1.0	1.0	0.0	0
151	3870	1.0	1.0	0.0	0
152	3887	1.0	1.0	0.0	0
153	3903	1.0	1.0	0.0	0
154	3920	1.0	1.0	0.0	0
155	3937	1.0	1.0	0.0	0
156	3954	1.0	1.0	0.0	0
157	3971	1.0	1.0	0.0	1
158	3986	268.0	87.0	0.0	1
159	4004	266.0	87.0	0.0	1
160	4020	263.0	87.0	0.0	1
161	4037	258.0	90.0	0.0	1
162	4054	253.0	91.0	0.0	1
163	4070	248.0	95.0	0.0	1
164	4087	244.0	99.0	0.0	1
165	4103	240.0	103.0	0.0	1
166	4120	235.0	108.0	0.0	1
167	4136	230.0	118.0	0.0	1
168	4153	226.0	123.0	0.0	1
169	4169	223.0	132.0	0.0	1
170	4186	222.0	138.0	0.0	1
171	4203	221.0	145.0	0.0	1
172	4220	220.0	156.0	0.0	1
173	4236	222.0	171.0	0.0	1
174	4252	228.0	187.0	0.0	1
175	4270	238.0	201.0	0.0	1
176	4286	246.0	215.0	0.0	1
177	4303	253.0	223.0	0.0	1
178	4320	266.0	237.0	0.0	1
179	4336	283.0	250.0	0.0	1
180	4354	309.0	265.0	0.0	1
181	4370	337.0	276.0	0.0	1
182	4387	384.0	290.0	0.0	1
183	4405	418.0	291.0	0.0	1
184	4421	449.0	292.0	0.0	1
185	4437	469.0	289.0	0.0	1
186	4453	486.0	279.0	0.0	1
187	4470	500.0	264.0	0.0	1
188	4486	511.0	248.0	0.0	1
189	4503	520.0	226.0	0.0	1
190	4520	526.0	196.0	0.0	1
191	4537	527.0	167.0	0.0	1
192	4553	528.0	161.0	0.0	1
193	4570	512.0	139.0	0.0	1
194	4586	504.0	134.0	0.0	1
195	4603	495.0	131.0	0.0	1
196	4620	486.0	130.0	0.0	1
197	4637	471.0	130.0	0.0	1
198	4653	442.0	135.0	0.0	1
199	4670	415.0	149.0	0.0	1
200	4687	383.0	169.0	0.0	1
201	4704	361.0	186.0	0.0	1
202	4720	348.0	203.0	0.0	1
203	4738	342.0	218.0	0.0	1
204	4753	338.0	245.0	0.0	1
205	4770	337.0	257.0	0.0	1
206	4786	338.0	270.0	0.0	1
207	4804	348.0	287.0	0.0	1
208	4820	360.0	307.0	0.0	1
209	4836	371.0	320.0	0.0	1
210	4853	390.0	337.0	0.0	1
211	4870	415.0	354.0	0.0	1
212	4886	448.0	370.0	0.0	1
213	4903	491.0	390.0	0.0	1
214	4919	548.0	406.0	0.0	1
215	4936	612.0	409.0	0.0	1
216	4953	661.0	410.0	0.0	1
217	4970	702.0	401.0	0.0	1
218	4987	748.0	371.0	0.0	1
219	5003	765.0	351.0	0.0	1
220	5020	773.0	328.0	0.0	1
221	5036	779.0	292.0	0.0	1
222	5053	780.0	269.0	0.0	1
223	5070	780.0	227.0	0.0	1
224	5086	770.0	191.0	0.0	1
225	5103	753.0	167.0	0.0	1
226	5120	739.0	149.0	0.0	1
227	5136	726.0	143.0	0.0	1
228	5153	710.0	140.0	0.0	1
229	5169	674.0	139.0	0.0	1
230	5186	650.0	141.0	0.0	1
231	5203	628.0	149.0	0.0	1
232	5220	604.0	160.0	0.0	1
233	5237	584.0	175.0	0.0	1
234	5254	569.0	192.0	0.0	1
235	5270	561.0	209.0	0.0	1
236	5286	557.0	225.0	0.0	1
237	5303	556.0	239.0	0.0	1
238	5321	557.0	254.0	0.0	1
239	5337	566.0	269.0	0.0	1
240	5354	588.0	289.0	0.0	1
241	5370	606.0	300.0	0.0	1
242	5386	630.0	306.0	0.0	1
243	5403	647.0	309.0	0.0	1
244	5420	660.0	310.0	0.0	1
245	5436	672.0	308.0	0.0	1
246	5453	680.0	300.0	0.0	1
247	5470	684.0	297.0	0.0	1
248	5487	685.0	294.0	0.0	1
249	5503	686.0	293.0	0.0	1
250	5520	687.0	291.0	0.0	1
251	5538	687.0	290.0	0.0	1
252	5554	687.0	290.0	0.0	1
253	5570	687.0	289.0	0.0	1
254	5586	687.0	289.0	0.0	1
255	5603	687.0	289.0	0.0	1
256	5620	687.0	289.0	0.0	1
257	5636	687.0	289.0	0.0	1
258	5653	687.0	289.0	0.0	1
259	5670	687.0	289.0	0.0	1
260	5687	687.0	289.0	0.0	1
261	5703	687.0	289.0	0.0	1
262	5720	687.0	289.0	0.0	1
263	5736	687.0	289.0	0.0	1
264	5753	687.0	289.0	0.0	1
265	5770	687.0	289.0	0.0	1
266	5787	687.0	289.0	0.0	1
267	5803	687.0	289.0	0.0	1
268	5820	687.0	289.0	0.0	1
269	5837	687.0	289.0	0.0	1
270	5853	687.0	289.0	0.0	1
271	5870	687.0	289.0	0.0	1
272	5886	687.0	289.0	0.0	1
273	5904	687.0	289.0	0.0	1
274	5920	687.0	289.0	0.0	1
275	5937	687.0	289.0	0.0	1
276	5953	687.0	289.0	0.0	1
277	5970	687.0	289.0	0.0	1
278	5986	687.0	289.0	0.0	1
279	6003	687.0	289.0	0.0	1
280	6020	687.0	289.0	0.0	1
281	6037	687.0	289.0	0.0	1
282	6053	687.0	289.0	0.0	0
283	6070	687.0	289.0	0.0	0
284	6087	687.0	289.0	0.0	0
285	6103	687.0	289.0	0.0	0
286	6119	687.0	289.0	0.0	0
287	6137	687.0	289.0	0.0	0
288	6154	687.0	289.0	0.0	0
289	6170	687.0	289.0	0.0	0
290	6186	687.0	289.0	0.0	0
291	6203	687.0	289.0	0.0	0
292	6220	687.0	289.0	0.0	0
293	6237	687.0	289.0	0.0	0
294	6254	687.0	289.0	0.0	0
295	6270	687.0	289.0	0.0	0
296	6286	687.0	289.0	0.0	0
297	6303	687.0	289.0	0.0	0
298	6321	687.0	289.0	0.0	0
299	6338	687.0	289.0	0.0	0
300	6354	687.0	289.0	0.0	0
301	6370	687.0	289.0	0.0	0
302	6386	687.0	289.0	0.0	0
303	6403	687.0	289.0	0.0	0
304	6419	687.0	289.0	0.0	0
305	6436	687.0	289.0	0.0	0
306	6453	687.0	289.0	0.0	0
307	6470	687.0	289.0	0.0	0
308	6487	687.0	289.0	0.0	0
309	6503	687.0	289.0	0.0	0
310	6520	687.0	289.0	0.0	0
311	6538	687.0	289.0	0.0	0
312	6553	687.0	289.0	0.0	0
313	6569	687.0	289.0	0.0	0
314	6586	687.0	289.0	0.0	0
315	6603	687.0	289.0	0.0	0
316	6620	687.0	289.0	0.0	0
317	6637	687.0	289.0	0.0	0
318	6653	687.0	289.0	0.0	0
319	6670	687.0	289.0	0.0	0
320	6686	687.0	289.0	0.0	0
321	6703	687.0	289.0	0.0	0
322	6720	687.0	289.0	0.0	0
323	6736	687.0	289.0	0.0	0
324	6754	687.0	289.0	0.0	0
325	6770	687.0	289.0	0.0	0
326	6787	687.0	289.0	0.0	0
327	6804	687.0	289.0	0.0	0
328	6819	687.0	289.0	0.0	0
329	6836	687.0	289.0	0.0	0
330	6853	687.0	289.0	0.0	0
331	6869	687.0	289.0	0.0	0
332	6886	687.0	289.0	0.0	0
333	6903	687.0	289.0	0.0	0
334	6920	687.0	289.0	0.0	0
335	6938	687.0	289.0	0.0	0
336	6954	687.0	289.0	0.0	0
337	6970	687.0	289.0	0.0	0
338	6987	687.0	289.0	0.0	0
339	7003	687.0	289.0	0.0	0
340	7019	687.0	289.0	0.0	0
341	7036	687.0	289.0	0.0	0
342	7053	687.0	289.0	0.0	0
343	7070	687.0	289.0	0.0	0
344	7087	687.0	289.0	0.0	0
345	7103	687.0	289.0	0.0	0
346	7120	687.0	289.0	0.0	0
347	7137	687.0	289.0	0.0	0
348	7154	687.0	289.0	0.0	0
349	7170	687.0	289.0	0.0	0
350	7186	687.0	289.0	0.0	0
351	7203	687.0	289.0	0.0	0
352	7220	687.0	289.0	0.0	0
353	7236	687.0	289.0	0.0	0
354	7254	687.0	289.0	0.0	0
355	7270	687.0	289.0	0.0	0
356	7286	687.0	289.0	0.0	0
357	7303	687.0	289.0	0.0	0
358	7320	687.0	289.0	0.0	0
359	7338	687.0	289.0	0.0	0
360	7353	687.0	289.0	0.0	0
361	7370	687.0	289.0	0.0	0
362	7387	687.0	289.0	0.0	0
363	7403	687.0	289.0	0.0	0
364	7420	687.0	289.0	0.0	0
365	7437	687.0	289.0	0.0	0
366	7453	687.0	289.0	0.0	0
367	7470	687.0	289.0	0.0	0
368	7486	687.0	289.0	0.0	0
369	7504	687.0	289.0	0.0	0
370	7520	687.0	289.0	0.0	0
371	7536	687.0	289.0	0.0	0
372	7553	687.0	289.0	0.0	0
373	7569	687.0	289.0	0.0	0
374	7586	687.0	289.0	0.0	0
375	7603	687.0	289.0	0.0	0
376	7619	687.0	289.0	0.0	0
377	7637	687.0	289.0	0.0	0
378	7652	687.0	289.0	0.0	0
379	7671	687.0	289.0	0.0	0
380	7687	687.0	289.0	0.0	0
381	7704	687.0	289.0	0.0	0
382	7719	687.0	289.0	0.0	0
383	7736	687.0	289.0	0.0	0
384	7753	687.0	289.0	0.0	0
385	7770	687.0	289.0	0.0	0
386	7786	687.0	289.0	0.0	0
387	7803	687.0	289.0	0.0	0
388	7821	687.0	289.0	0.0	0
389	7837	687.0	289.0	0.0	0
390	7854	687.0	289.0	0.0	0
391	7870	687.0	289.0	0.0	0
392	7887	687.0	289.0	0.0	0
393	7903	687.0	289.0	0.0	0
394	7920	687.0	289.0	0.0	0
395	7937	687.0	289.0	0.0	0
396	7953	687.0	289.0	0.0	0
397	7970	687.0	289.0	0.0	0
398	7987	687.0	289.0	0.0	0
399	8003	687.0	289.0	0.0	0
400	8020	687.0	289.0	0.0	0
401	8037	687.0	289.0	0.0	0
402	8053	687.0	289.0	0.0	0
403	8070	687.0	289.0	0.0	0
404	8086	687.0	289.0	0.0	0
405	8103	687.0	289.0	0.0	0
406	8120	687.0	289.0	0.0	0
407	8137	687.0	289.0	0.0	0
408	8153	687.0	289.0	0.0	0
409	8170	687.0	289.0	0.0	0
410	8186	687.0	289.0	0.0	0
411	8204	687.0	289.0	0.0	0
412	8220	687.0	289.0	0.0	0
413	8237	687.0	289.0	0.0	0
414	8252	687.0	289.0	0.0	0
415	8271	687.0	289.0	0.0	0
416	8287	687.0	289.0	0.0	0
417	8304	687.0	289.0	0.0	0
418	8320	687.0	289.0	0.0	0
419	8335	687.0	289.0	0.0	0
420	8354	687.0	289.0	0.0	0
421	8370	687.0	289.0	0.0	0
422	8387	687.0	289.0	0.0	0
423	8404	687.0	289.0	0.0	0
424	8419	687.0	289.0	0.0	0
425	8436	687.0	289.0	0.0	0
426	8453	687.0	289.0	0.0	0
427	8470	687.0	289.0	0.0	0
428	8487	687.0	289.0	0.0	0
429	8503	687.0	289.0	0.0	0
430	8519	687.0	289.0	0.0	0
431	8536	687.0	289.0	0.0	1
432	8553	346.0	352.0	0.0	1
433	8570	346.0	352.0	0.0	1
434	8586	346.0	352.0	0.0	1
435	8603	346.0	352.0	0.0	1
436	8619	344.0	347.0	0.0	1
437	8636	340.0	333.0	0.0	1
438	8654	335.0	313.0	0.0	1
439	8670	327.0	296.0	0.0	1
440	8687	324.0	287.0	0.0	1
441	8703	321.0	276.0	0.0	1
442	8720	320.0	270.0	0.0	1
443	8736	319.0	265.0	0.0	1
444	8754	319.0	259.0	0.0	1
445	8769	319.0	255.0	0.0	1
446	8788	324.0	245.0	0.0	1
447	8803	335.0	240.0	0.0	1
448	8820	358.0	235.0	0.0	1
449	8837	381.0	234.0	0.0	1
450	8854	405.0	233.0	0.0	1
451	8870	426.0	233.0	0.0	1
452	8887	434.0	236.0	0.0	1
453	8903	441.0	241.0	0.0	1
454	8920	447.0	252.0	0.0	1
455	8937	452.0	266.0	0.0	1
456	8954	453.0	276.0	0.0	1
457	8971	453.0	290.0	0.0	1
458	8987	451.0	299.0	0.0	1
459	9004	437.0	308.0	0.0	1
460	9020	415.0	315.0	0.0	1
461	9037	388.0	320.0	0.0	1
462	9053	358.0	322.0	0.0	1
463	9070	325.0	323.0	0.0	1
464	9087	301.0	323.0	0.0	1
465	9103	289.0	323.0	0.0	1
466	9120	287.0	323.0	0.0	1
467	9136	286.0	323.0	0.0	1
468	9154	285.0	323.0	0.0	1
469	9169	285.0	323.0	0.0	1
470	9186	285.0	323.0	0.0	1
471	9203	284.0	323.0	0.0	1
472	9220	284.0	323.0	0.0	1
473	9236	284.0	323.0	0.0	1
474	9253	284.0	323.0	0.0	1
475	9270	284.0	323.0	0.0	1
476	9287	284.0	323.0	0.0	1
477	9302	284.0	323.0	0.0	1
478	9319	284.0	323.0	0.0	1
479	9336	279.0	324.0	0.0	1
480	9352	275.0	330.0	0.0	1
481	9371	271.0	335.0	0.0	1
482	9386	270.0	336.0	0.0	1
483	9403	269.0	337.0	0.0	1
484	9420	268.0	338.0	0.0	1
485	9437	268.0	340.0	0.0	1
486	9453	268.0	341.0	0.0	1
487	9470	268.0	343.0	0.0	1
488	9487	268.0	344.0	0.0	1
489	9504	268.0	345.0	0.0	1
490	9520	268.0	346.0	0.0	1
491	9536	268.0	346.0	0.0	1
492	9553	268.0	346.0	0.0	1
493	9570	268.0	346.0	0.0	1
494	9587	268.0	346.0	0.0	0
495	9602	268.0	346.0	0.0	0
496	9621	268.0	346.0	0.0	0
497	9637	268.0	346.0	0.0	0
498	9654	268.0	346.0	0.0	0
499	9670	268.0	346.0	0.0	0
500	9686	268.0	346.0	0.0	0
501	9704	268.0	346.0	0.0	0
502	9720	268.0	346.0	0.0	0
503	9738	268.0	346.0	0.0	0
504	9754	268.0	346.0	0.0	0
505	9770	268.0	346.0	0.0	0
506	9787	268.0	346.0	0.0	0
507	9803	268.0	346.0	0.0	0
508	9821	268.0	346.0	0.0	0
509	9837	268.0	346.0	0.0	0
510	9854	268.0	346.0	0.0	0
511	9870	268.0	346.0	0.0	0
512	9886	268.0	346.0	0.0	0
513	9904	268.0	346.0	0.0	0
514	9920	268.0	346.0	0.0	0
515	9936	268.0	346.0	0.0	0
516	9952	268.0	346.0	0.0	0
517	9969	268.0	346.0	0.0	0
518	9986	268.0	346.0	0.0	0
519	10003	268.0	346.0	0.0	0
520	10020	268.0	346.0	0.0	0
521	10036	268.0	346.0	0.0	0
522	10052	268.0	346.0	0.0	0
523	10070	268.0	346.0	0.0	0
524	10087	268.0	346.0	0.0	0
525	10103	268.0	346.0	0.0	0
526	10120	268.0	346.0	0.0	0
527	10137	268.0	346.0	0.0	0
528	10153	268.0	346.0	0.0	0
529	10170	268.0	346.0	0.0	0
530	10188	268.0	346.0	0.0	0
531	10203	268.0	346.0	0.0	0
532	10220	268.0	346.0	0.0	0
533	10236	268.0	346.0	0.0	0
534	10254	268.0	346.0	0.0	0
535	10270	268.0	346.0	0.0	0
536	10287	268.0	346.0	0.0	0
537	10303	268.0	346.0	0.0	0
538	10320	268.0	346.0	0.0	0
539	10336	268.0	346.0	0.0	0
540	10353	268.0	346.0	0.0	0
541	10370	268.0	346.0	0.0	0
542	10386	268.0	346.0	0.0	0
543	10403	268.0	346.0	0.0	0
544	10420	268.0	346.0	0.0	0
545	10437	268.0	346.0	0.0	0
546	10453	268.0	346.0	0.0	0
547	10469	268.0	346.0	0.0	0
548	10487	268.0	346.0	0.0	0
549	10503	268.0	346.0	0.0	0
550	10519	268.0	346.0	0.0	0
551	10536	268.0	346.0	0.0	0
552	10553	268.0	346.0	0.0	0
553	10570	268.0	346.0	0.0	0
554	10587	268.0	346.0	0.0	0
555	10603	268.0	346.0	0.0	0
556	10620	268.0	346.0	0.0	0
557	10636	268.0	346.0	0.0	0
558	10654	268.0	346.0	0.0	0
559	10670	268.0	346.0	0.0	0
560	10687	268.0	346.0	0.0	0
561	10703	268.0	346.0	0.0	0
562	10720	268.0	346.0	0.0	0
563	10737	268.0	346.0	0.0	0
564	10753	268.0	346.0	0.0	0
565	10769	268.0	346.0	0.0	0
566	10787	268.0	346.0	0.0	0
567	10803	268.0	346.0	0.0	0
568	10819	268.0	346.0	0.0	0
569	10836	268.0	346.0	0.0	0
570	10852	268.0	346.0	0.0	0
571	10870	268.0	346.0	0.0	0
572	10886	268.0	346.0	0.0	0
573	10903	268.0	346.0	0.0	0
574	10919	268.0	346.0	0.0	0
575	10937	268.0	346.0	0.0	0
576	10954	268.0	346.0	0.0	0
577	10970	268.0	346.0	0.0	0
578	10986	268.0	346.0	0.0	0
579	11003	268.0	346.0	0.0	0
580	11020	268.0	346.0	0.0	0
581	11036	268.0	346.0	0.0	0
582	11052	268.0	346.0	0.0	0
583	11070	268.0	346.0	0.0	0
584	11086	268.0	346.0	0.0	0
585	11102	268.0	346.0	0.0	0
586	11120	268.0	346.0	0.0	0
587	11136	268.0	346.0	0.0	0
588	11154	268.0	346.0	0.0	0
589	11171	268.0	346.0	0.0	0
590	11187	268.0	346.0	0.0	0
591	11204	268.0	346.0	0.0	0
592	11220	268.0	346.0	0.0	0
593	11236	268.0	346.0	0.0	0
594	11253	268.0	346.0	0.0	0
595	11270	268.0	346.0	0.0	0
596	11286	268.0	346.0	0.0	0
597	11303	268.0	346.0	0.0	0
598	11320	268.0	346.0	0.0	0
599	11336	268.0	346.0	0.0	0
600	11354	268.0	346.0	0.0	0
601	11370	268.0	346.0	0.0	0
602	11387	268.0	346.0	0.0	0
603	11403	268.0	346.0	0.0	0
604	11420	268.0	346.0	0.0	0
605	11437	268.0	346.0	0.0	0
606	11454	268.0	346.0	0.0	0
607	11471	268.0	346.0	0.0	0
608	11487	268.0	346.0	0.0	0
609	11504	268.0	346.0	0.0	0
610	11520	268.0	346.0	0.0	0
611	11536	268.0	346.0	0.0	0
612	11553	268.0	346.0	0.0	0
613	11570	268.0	346.0	0.0	0
614	11586	268.0	346.0	0.0	0
615	11604	268.0	346.0	0.0	0
616	11620	268.0	346.0	0.0	0
617	11637	268.0	346.0	0.0	0
618	11653	268.0	346.0	0.0	0
619	11669	268.0	346.0	0.0	0
620	11686	268.0	346.0	0.0	0
621	11703	268.0	346.0	0.0	0
622	11721	268.0	346.0	0.0	0
623	11736	268.0	346.0	0.0	0
624	11753	268.0	346.0	0.0	0
625	11770	268.0	346.0	0.0	0
626	11788	268.0	346.0	0.0	0
627	11803	268.0	346.0	0.0	0
628	11820	268.0	346.0	0.0	0
629	11836	268.0	346.0	0.0	0
630	11853	268.0	346.0	0.0	0
631	11870	268.0	346.0	0.0	0
632	11886	268.0	346.0	0.0	0
633	11903	268.0	346.0	0.0	0
634	11920	268.0	346.0	0.0	0
635	11937	268.0	346.0	0.0	0
636	11953	268.0	346.0	0.0	0
637	11969	268.0	346.0	0.0	0
638	11986	268.0	346.0	0.0	0
639	12002	268.0	346.0	0.0	0
640	12020	268.0	346.0	0.0	0
641	12036	268.0	346.0	0.0	0
642	12052	268.0	346.0	0.0	0
643	12069	268.0	346.0	0.0	0
644	12086	268.0	346.0	0.0	0
645	12102	268.0	346.0	0.0	0
646	12119	268.0	346.0	0.0	0
647	12137	268.0	346.0	0.0	0
648	12152	268.0	346.0	0.0	0
649	12169	268.0	346.0	0.0	0
650	12186	268.0	346.0	0.0	0
651	12203	268.0	346.0	0.0	0
652	12220	268.0	346.0	0.0	0
653	12237	268.0	346.0	0.0	0
654	12253	268.0	346.0	0.0	0
655	12269	268.0	346.0	0.0	0
656	12286	268.0	346.0	0.0	0
657	12304	268.0	346.0	0.0	0
658	12321	268.0	346.0	0.0	0
659	12338	268.0	346.0	0.0	0
660	12353	268.0	346.0	0.0	0
661	12369	268.0	346.0	0.0	0
662	12387	268.0	346.0	0.0	0
663	12402	268.0	346.0	0.0	0
664	12420	268.0	346.0	0.0	0
665	12436	268.0	346.0	0.0	0
666	12453	268.0	346.0	0.0	0
667	12469	268.0	346.0	0.0	0
668	12486	268.0	346.0	0.0	0
669	12503	268.0	346.0	0.0	0
670	12519	268.0	346.0	0.0	0
671	12537	268.0	346.0	0.0	0
672	12553	268.0	346.0	0.0	0
673	12570	268.0	346.0	0.0	0
674	12586	268.0	346.0	0.0	0
675	12603	268.0	346.0	0.0	0
676	12620	268.0	346.0	0.0	0
677	12636	268.0	346.0	0.0	0
678	12653	268.0	346.0	0.0	0
679	12670	268.0	346.0	0.0	0
680	12686	268.0	346.0	0.0	0
681	12703	268.0	346.0	0.0	0
682	12720	268.0	346.0	0.0	0
683	12736	268.0	346.0	0.0	0
684	12753	268.0	346.0	0.0	0
685	12770	268.0	346.0	0.0	0
686	12786	268.0	346.0	0.0	0
687	12804	268.0	346.0	0.0	0
688	12820	268.0	346.0	0.0	0
689	12836	268.0	346.0	0.0	0
690	12853	268.0	346.0	0.0	0
691	12870	268.0	346.0	0.0	0
692	12886	268.0	346.0	0.0	0
693	12903	268.0	346.0	0.0	0
694	12920	268.0	346.0	0.0	0
695	12937	268.0	346.0	0.0	0
696	12953	268.0	346.0	0.0	0
697	12970	268.0	346.0	0.0	0
698	12986	268.0	346.0	0.0	0
699	13004	268.0	346.0	0.0	0
700	13020	268.0	346.0	0.0	0
701	13036	268.0	346.0	0.0	0
702	13054	268.0	346.0	0.0	0
703	13069	268.0	346.0	0.0	0
704	13087	268.0	346.0	0.0	0
705	13104	268.0	346.0	0.0	0
706	13120	268.0	346.0	0.0	0
707	13136	268.0	346.0	0.0	0
708	13153	268.0	346.0	0.0	0
709	13170	268.0	346.0	0.0	0
710	13187	268.0	346.0	0.0	0
711	13204	268.0	346.0	0.0	0
712	13220	268.0	346.0	0.0	0
713	13237	268.0	346.0	0.0	0
714	13253	268.0	346.0	0.0	0
715	13270	268.0	346.0	0.0	0
716	13287	268.0	346.0	0.0	0
717	13303	268.0	346.0	0.0	0
718	13320	268.0	346.0	0.0	0
719	13336	268.0	346.0	0.0	0
720	13353	268.0	346.0	0.0	0
721	13370	268.0	346.0	0.0	0
722	13386	268.0	346.0	0.0	0
723	13403	268.0	346.0	0.0	0
724	13419	268.0	346.0	0.0	0
725	13436	268.0	346.0	0.0	0
726	13453	268.0	346.0	0.0	0
727	13469	268.0	346.0	0.0	0
728	13487	268.0	346.0	0.0	0
729	13503	268.0	346.0	0.0	0
730	13520	268.0	346.0	0.0	0
731	13536	268.0	346.0	0.0	0
732	13554	268.0	346.0	0.0	0
733	13570	268.0	346.0	0.0	0
734	13586	268.0	346.0	0.0	0
735	13603	268.0	346.0	0.0	0
736	13620	268.0	346.0	0.0	0
737	13637	268.0	346.0	0.0	0
738	13653	268.0	346.0	0.0	0
739	13670	268.0	346.0	0.0	0
740	13687	268.0	346.0	0.0	0
741	13703	268.0	346.0	0.0	0
742	13719	268.0	346.0	0.0	0
743	13736	268.0	346.0	0.0	0
744	13754	268.0	346.0	0.0	0
745	13770	268.0	346.0	0.0	0
746	13788	268.0	346.0	0.0	0
747	13803	268.0	346.0	0.0	0
748	13820	268.0	346.0	0.0	0
749	13837	268.0	346.0	0.0	0
750	13853	268.0	346.0	0.0	0
751	13870	268.0	346.0	0.0	0
752	13887	268.0	346.0	0.0	0
753	13903	268.0	346.0	0.0	0
754	13920	268.0	346.0	0.0	0
755	13937	268.0	346.0	0.0	0
756	13954	268.0	346.0	0.0	0
757	13970	268.0	346.0	0.0	0
758	13987	268.0	346.0	0.0	0
759	14003	268.0	346.0	0.0	0
760	14020	268.0	346.0	0.0	0
761	14037	268.0	346.0	0.0	0
762	14053	268.0	346.0	0.0	0
763	14070	268.0	346.0	0.0	0
764	14086	268.0	346.0	0.0	0
765	14103	268.0	346.0	0.0	0
766	14120	268.0	346.0	0.0	0
767	14136	268.0	346.0	0.0	0
768	14153	268.0	346.0	0.0	0
769	14171	268.0	346.0	0.0	0
770	14187	268.0	346.0	0.0	0
771	14203	268.0	346.0	0.0	0
772	14219	268.0	346.0	0.0	0
773	14237	268.0	346.0	0.0	0
774	14254	268.0	346.0	0.0	0
775	14270	268.0	346.0	0.0	0
776	14286	268.0	346.0	0.0	0
777	14303	268.0	346.0	0.0	0
778	14320	268.0	346.0	0.0	0
779	14336	268.0	346.0	0.0	0
780	14354	268.0	346.0	0.0	0
781	14370	268.0	346.0	0.0	0
782	14387	268.0	346.0	0.0	0
783	14403	268.0	346.0	0.0	0
784	14419	268.0	346.0	0.0	0
785	14436	268.0	346.0	0.0	0
786	14453	268.0	346.0	0.0	0
787	14469	268.0	346.0	0.0	0
788	14487	268.0	346.0	0.0	0
789	14504	268.0	346.0	0.0	0
790	14519	268.0	346.0	0.0	0
791	14537	268.0	346.0	0.0	0
792	14554	268.0	346.0	0.0	0
793	14570	268.0	346.0	0.0	0
794	14587	268.0	346.0	0.0	0
795	14604	268.0	346.0	0.0	0
796	14620	268.0	346.0	0.0	0
797	14636	268.0	346.0	0.0	0
798	14654	268.0	346.0	0.0	0
799	14670	268.0	346.0	0.0	0
800	14687	268.0	346.0	0.0	0
801	14704	268.0	346.0	0.0	0
802	14720	268.0	346.0	0.0	0
803	14736	268.0	346.0	0.0	0
804	14754	268.0	346.0	0.0	0
805	14769	268.0	346.0	0.0	0
806	14786	268.0	346.0	0.0	0
807	14804	268.0	346.0	0.0	0
808	14820	268.0	346.0	0.0	0
809	14837	268.0	346.0	0.0	0
810	14853	268.0	346.0	0.0	0
811	14870	268.0	346.0	0.0	0
812	14887	268.0	346.0	0.0	0
813	14903	268.0	346.0	0.0	0
814	14920	268.0	346.0	0.0	0
815	14937	268.0	346.0	0.0	0
816	14953	268.0	346.0	0.0	0
817	14970	268.0	346.0	0.0	0
818	14987	268.0	346.0	0.0	0
819	15003	268.0	346.0	0.0	0
820	15020	268.0	346.0	0.0	0
821	15036	268.0	346.0	0.0	0
822	15052	268.0	346.0	0.0	0
823	15069	268.0	346.0	0.0	0
824	15087	268.0	346.0	0.0	0
825	15104	268.0	346.0	0.0	0
826	15120	268.0	346.0	0.0	0
827	15136	268.0	346.0	0.0	0
828	15153	268.0	346.0	0.0	0
829	15169	268.0	346.0	0.0	0
830	15187	268.0	346.0	0.0	0
831	15203	268.0	346.0	0.0	0
832	15220	268.0	346.0	0.0	0
833	15236	268.0	346.0	0.0	0
834	15253	268.0	346.0	0.0	0
835	15270	268.0	346.0	0.0	0
836	15286	268.0	346.0	0.0	0
837	15302	268.0	346.0	0.0	0
838	15320	268.0	346.0	0.0	0
839	15336	268.0	346.0	0.0	0
840	15353	268.0	346.0	0.0	0
841	15370	268.0	346.0	0.0	0
842	15387	268.0	346.0	0.0	0
843	15402	268.0	346.0	0.0	0
844	15420	268.0	346.0	0.0	0
845	15436	268.0	346.0	0.0	0
846	15452	268.0	346.0	0.0	0
847	15469	268.0	346.0	0.0	0
848	15486	268.0	346.0	0.0	0
849	15503	268.0	346.0	0.0	0
850	15519	268.0	346.0	0.0	0
851	15537	268.0	346.0	0.0	0
852	15553	268.0	346.0	0.0	0
853	15570	268.0	346.0	0.0	0
854	15586	268.0	346.0	0.0	0
855	15603	268.0	346.0	0.0	0
856	15620	268.0	346.0	0.0	0
857	15636	268.0	346.0	0.0	0
858	15653	268.0	346.0	0.0	0
859	15670	268.0	346.0	0.0	0
860	15687	268.0	346.0	0.0	0
861	15703	268.0	346.0	0.0	0
862	15720	268.0	346.0	0.0	0
863	15736	268.0	346.0	0.0	0
864	15754	268.0	346.0	0.0	0
865	15771	268.0	346.0	0.0	0
866	15787	268.0	346.0	0.0	0
867	15803	268.0	346.0	0.0	0
868	15820	268.0	346.0	0.0	0
869	15836	268.0	346.0	0.0	0
870	15853	268.0	346.0	0.0	0
871	15870	268.0	346.0	0.0	0
872	15887	268.0	346.0	0.0	0
873	15903	268.0	346.0	0.0	0
874	15919	268.0	346.0	0.0	0
875	15937	268.0	346.0	0.0	0
876	15953	268.0	346.0	0.0	1
877	15970	181.0	213.0	0.0	1
878	15986	181.0	213.0	0.0	1
879	16003	181.0	213.0	0.0	1
880	16019	181.0	213.0	0.0	1
881	16036	180.0	222.0	0.0	1
882	16053	176.0	237.0	0.0	1
883	16070	172.0	251.0	0.0	1
884	16087	171.0	264.0	0.0	1
885	16102	170.0	275.0	0.0	1
886	16119	170.0	282.0	0.0	1
887	16137	171.0	290.0	0.0	1
888	16152	182.0	305.0	0.0	1
889	16170	190.0	310.0	0.0	1
890	16187	196.0	312.0	0.0	1
891	16203	213.0	316.0	0.0	1
892	16219	221.0	317.0	0.0	1
893	16236	229.0	317.0	0.0	1
894	16253	240.0	311.0	0.0	1
895	16271	250.0	303.0	0.0	1
896	16287	260.0	290.0	0.0	1
897	16303	266.0	277.0	0.0	1
898	16320	270.0	261.0	0.0	1
899	16337	273.0	246.0	0.0	1
900	16354	274.0	230.0	0.0	1
901	16371	262.0	202.0	0.0	1
902	16388	254.0	191.0	0.0	1
903	16403	243.0	181.0	0.0	1
904	16420	229.0	174.0	0.0	1
905	16437	215.0	171.0	0.0	1
906	16454	206.0	169.0	0.0	1
907	16471	202.0	168.0	0.0	1
908	16487	199.0	168.0	0.0	1
909	16504	198.0	168.0	0.0	1
910	16519	198.0	168.0	0.0	1
911	16536	198.0	168.0	0.0	1
912	16553	198.0	168.0	0.0	1
913	16569	198.0	168.0	0.0	1
914	16587	198.0	168.0	0.0	0
915	16603	198.0	168.0	0.0	0
916	16620	198.0	168.0	0.0	0
917	16637	198.0	168.0	0.0	0
918	16654	198.0	168.0	0.0	0
919	16670	198.0	168.0	0.0	0
920	16687	198.0	168.0	0.0	0
921	16703	198.0	168.0	0.0	0
922	16719	198.0	168.0	0.0	0
923	16736	198.0	168.0	0.0	0
924	16754	198.0	168.0	0.0	0
925	16769	198.0	168.0	0.0	0
926	16787	198.0	168.0	0.0	0
927	16803	198.0	168.0	0.0	0
928	16821	198.0	168.0	0.0	0
929	16836	198.0	168.0	0.0	0
930	16853	198.0	168.0	0.0	0
931	16870	198.0	168.0	0.0	0
932	16886	198.0	168.0	0.0	0
933	16903	198.0	168.0	0.0	0
934	16920	198.0	168.0	0.0	0
935	16936	198.0	168.0	0.0	0
936	16953	198.0	168.0	0.0	0
937	16970	198.0	168.0	0.0	0
938	16987	198.0	168.0	0.0	0
939	17003	198.0	168.0	0.0	0
940	17020	198.0	168.0	0.0	0
941	17037	198.0	168.0	0.0	0
942	17054	198.0	168.0	0.0	0
943	17070	198.0	168.0	0.0	0
944	17086	198.0	168.0	0.0	0
945	17103	198.0	168.0	0.0	0
946	17132	198.0	168.0	0.0	0
947	17149	198.0	168.0	0.0	0
948	17167	198.0	168.0	0.0	0
949	17183	198.0	168.0	0.0	0
950	17200	198.0	168.0	0.0	0
951	17217	198.0	168.0	0.0	0
952	17234	198.0	168.0	0.0	0
953	17249	198.0	168.0	0.0	0
954	17266	198.0	168.0	0.0	0
955	17282	198.0	168.0	0.0	0
956	17298	198.0	168.0	0.0	0
957	17316	198.0	168.0	0.0	0
958	17332	198.0	168.0	0.0	0
959	17348	198.0	168.0	0.0	0
960	17365	198.0	168.0	0.0	0
961	17382	198.0	168.0	0.0	0
962	17399	198.0	168.0	0.0	0
963	17416	198.0	168.0	0.0	0
964	17432	198.0	168.0	0.0	0
965	17449	198.0	168.0	0.0	0
966	17465	198.0	168.0	0.0	0
967	17482	198.0	168.0	0.0	0
968	17499	198.0	168.0	0.0	0
969	17515	198.0	168.0	0.0	0
970	17532	198.0	168.0	0.0	0
971	17549	198.0	168.0	0.0	0
972	17566	198.0	168.0	0.0	0
973	17582	198.0	168.0	0.0	0
974	17598	198.0	168.0	0.0	0
975	17615	198.0	168.0	0.0	0
976	17633	198.0	168.0	0.0	0
977	17649	198.0	168.0	0.0	0
978	17665	198.0	168.0	0.0	0
979	17682	198.0	168.0	0.0	0
980	17699	198.0	168.0	0.0	0
981	17716	198.0	168.0	0.0	0
982	17732	198.0	168.0	0.0	0
983	17748	198.0	168.0	0.0	0
984	17766	198.0	168.0	0.0	0
985	17783	198.0	168.0	0.0	0
986	17798	198.0	168.0	0.0	0
987	17815	198.0	168.0	0.0	0
988	17833	198.0	168.0	0.0	0
989	17849	198.0	168.0	0.0	0
990	17866	198.0	168.0	0.0	0
991	17882	198.0	168.0	0.0	0
992	17899	198.0	168.0	0.0	0
993	17916	198.0	168.0	0.0	0
994	17932	198.0	168.0	0.0	0
995	17949	198.0	168.0	0.0	0
996	17965	198.0	168.0	0.0	0
997	17983	198.0	168.0	0.0	0
998	17999	198.0	168.0	0.0	0
999	18016	198.0	168.0	0.0	0
1000	18032	198.0	168.0	0.0	0
1001	18050	198.0	168.0	0.0	0
1002	18065	198.0	168.0	0.0	0
1003	18082	198.0	168.0	0.0	0
1004	18099	198.0	168.0	0.0	0
1005	18116	198.0	168.0	0.0	0
1006	18132	198.0	168.0	0.0	0
1007	18149	198.0	168.0	0.0	0
1008	18165	198.0	168.0	0.0	0
1009	18182	198.0	168.0	0.0	0
1010	18198	198.0	168.0	0.0	0
1011	18215	198.0	168.0	0.0	0
1012	18232	198.0	168.0	0.0	0
1013	18248	198.0	168.0	0.0	0
1014	18265	198.0	168.0	0.0	0
1015	18282	198.0	168.0	0.0	0
1016	18298	198.0	168.0	0.0	0
1017	18316	198.0	168.0	0.0	0
1018	18332	198.0	168.0	0.0	1
1019	18349	321.0	194.0	0.0	1
1020	18365	321.0	194.0	0.0	1
1021	18382	321.0	194.0	0.0	1
1022	18399	321.0	194.0	0.0	1
1023	18415	320.0	196.0	0.0	1
1024	18432	317.0	208.0	0.0	1
1025	18448	316.0	227.0	0.0	1
1026	18465	317.0	254.0	0.0	1
1027	18482	326.0	269.0	0.0	1
1028	18499	339.0	280.0	0.0	1
1029	18515	356.0	287.0	0.0	1
1030	18532	373.0	288.0	0.0	1
1031	18549	393.0	288.0	0.0	1
1032	18565	411.0	279.0	0.0	1
1033	18582	422.0	265.0	0.0	1
1034	18598	429.0	248.0	0.0	1
1035	18616	433.0	223.0	0.0	1
1036	18633	434.0	207.0	0.0	1
1037	18649	434.0	188.0	0.0	1
1038	18665	428.0	175.0	0.0	1
1039	18682	422.0	168.0	0.0	1
1040	18698	416.0	162.0	0.0	1
1041	18715	410.0	158.0	0.0	1
1042	18732	401.0	155.0	0.0	1
1043	18748	386.0	154.0	0.0	1
1044	18765	371.0	151.0	0.0	1
1045	18782	355.0	150.0	0.0	1
1046	18799	342.0	150.0	0.0	1
1047	18815	330.0	150.0	0.0	1
1048	18832	328.0	150.0	0.0	1
1049	18849	327.0	150.0	0.0	1
1050	18865	327.0	150.0	0.0	1
1051	18882	327.0	150.0	0.0	1
1052	18900	327.0	150.0	0.0	1
1053	18916	327.0	150.0	0.0	1
1054	18932	327.0	150.0	0.0	1
1055	18949	327.0	150.0	0.0	0
1056	18965	327.0	150.0	0.0	0
1057	18982	327.0	150.0	0.0	0
1058	18999	327.0	150.0	0.0	0
1059	19016	327.0	150.0	0.0	0
1060	19031	327.0	150.0	0.0	0
1061	19048	327.0	150.0	0.0	0
1062	19066	327.0	150.0	0.0	0
1063	19082	327.0	150.0	0.0	0
1064	19099	327.0	150.0	0.0	0
1065	19116	327.0	150.0	0.0	0
1066	19132	327.0	150.0	0.0	0
1067	19149	327.0	150.0	0.0	0
1068	19166	327.0	150.0	0.0	0
1069	19182	327.0	150.0	0.0	0
1070	19199	327.0	150.0	0.0	0
1071	19216	327.0	150.0	0.0	0
1072	19232	327.0	150.0	0.0	0
1073	19250	327.0	150.0	0.0	0
1074	19266	327.0	150.0	0.0	0
1075	19282	327.0	150.0	0.0	0
1076	19299	327.0	150.0	0.0	0
1077	19316	327.0	150.0	0.0	0
1078	19332	327.0	150.0	0.0	0
1079	19349	327.0	150.0	0.0	0
1080	19366	327.0	150.0	0.0	0
1081	19382	327.0	150.0	0.0	0
1082	19399	327.0	150.0	0.0	0
1083	19416	327.0	150.0	0.0	0
1084	19433	327.0	150.0	0.0	0
1085	19449	327.0	150.0	0.0	0
1086	19466	327.0	150.0	0.0	0
1087	19483	327.0	150.0	0.0	0
1088	19499	327.0	150.0	0.0	0
1089	19516	327.0	150.0	0.0	0
1090	19533	327.0	150.0	0.0	0
1091	19549	327.0	150.0	0.0	0
1092	19566	327.0	150.0	0.0	0
1093	19583	327.0	150.0	0.0	0
1094	19599	327.0	150.0	0.0	0
1095	19616	327.0	150.0	0.0	0
1096	19633	327.0	150.0	0.0	0
1097	19650	327.0	150.0	0.0	0
1098	19665	327.0	150.0	0.0	0
1099	19682	327.0	150.0	0.0	0
1100	19699	327.0	150.0	0.0	0
1101	19715	327.0	150.0	0.0	0
1102	19732	327.0	150.0	0.0	0
1103	19749	327.0	150.0	0.0	0
1104	19766	327.0	150.0	0.0	0
1105	19782	327.0	150.0	0.0	0
1106	19798	327.0	150.0	0.0	0
1107	19815	327.0	150.0	0.0	0
1108	19832	327.0	150.0	0.0	0
1109	19849	327.0	150.0	0.0	0
1110	19865	327.0	150.0	0.0	0
1111	19882	327.0	150.0	0.0	0
1112	19898	327.0	150.0	0.0	0
1113	19915	327.0	150.0	0.0	0
1114	19932	327.0	150.0	0.0	0
1115	19949	327.0	150.0	0.0	0
1116	19965	327.0	150.0	0.0	0
1117	19982	327.0	150.0	0.0	0
1118	19998	327.0	150.0	0.0	0
1119	20015	327.0	150.0	0.0	0
1120	20032	327.0	150.0	0.0	0
1121	20050	327.0	150.0	0.0	0
1122	20065	327.0	150.0	0.0	0
1123	20081	327.0	150.0	0.0	0
1124	20099	327.0	150.0	0.0	0
1125	20115	327.0	150.0	0.0	0
1126	20133	327.0	150.0	0.0	0
1127	20149	327.0	150.0	0.0	0
1128	20165	327.0	150.0	0.0	0
1129	20182	327.0	150.0	0.0	0
1130	20199	327.0	150.0	0.0	0
1131	20215	327.0	150.0	0.0	0
1132	20232	327.0	150.0	0.0	0
1133	20249	327.0	150.0	0.0	0
1134	20265	327.0	150.0	0.0	0
1135	20282	327.0	150.0	0.0	0
1136	20299	327.0	150.0	0.0	0
1137	20316	327.0	150.0	0.0	0
1138	20332	327.0	150.0	0.0	0
1139	20349	327.0	150.0	0.0	0
1140	20366	327.0	150.0	0.0	0
1141	20385	327.0	150.0	0.0	0
1142	20404	327.0	150.0	0.0	0
1143	20424	327.0	150.0	0.0	0
1144	20443	327.0	150.0	0.0	0
1145	20460	327.0	150.0	0.0	0
1146	20477	327.0	150.0	0.0	0
1147	20494	327.0	150.0	0.0	0
1148	20511	327.0	150.0	0.0	0
1149	20528	327.0	150.0	0.0	0
1150	20545	327.0	150.0	0.0	0
1151	20562	327.0	150.0	0.0	0
1152	20577	327.0	150.0	0.0	0
1153	20593	327.0	150.0	0.0	0
1154	20611	327.0	150.0	0.0	0
1155	20628	327.0	150.0	0.0	0
1156	20645	327.0	150.0	0.0	0
1157	20661	327.0	150.0	0.0	0
1158	20677	327.0	150.0	0.0	0
1159	20694	327.0	150.0	0.0	0
1160	20710	327.0	150.0	0.0	0
1161	20728	327.0	150.0	0.0	0
1162	20745	327.0	150.0	0.0	0
1163	20761	327.0	150.0	0.0	0
1164	20777	327.0	150.0	0.0	0
1165	20794	327.0	150.0	0.0	0
1166	20810	327.0	150.0	0.0	0
1167	20827	327.0	150.0	0.0	0
1168	20844	327.0	150.0	0.0	0
1169	20861	327.0	150.0	0.0	0
1170	20881	327.0	150.0	0.0	0
1171	20900	327.0	150.0	0.0	0
1172	20920	327.0	150.0	0.0	0
1173	20941	327.0	150.0	0.0	0
1174	20964	327.0	150.0	0.0	0
1175	20987	327.0	150.0	0.0	0
1176	21011	327.0	150.0	0.0	0
1177	21035	327.0	150.0	0.0	0
1178	21059	327.0	150.0	0.0	0
1179	21084	327.0	150.0	0.0	0
1180	21109	327.0	150.0	0.0	0
1181	21135	327.0	150.0	0.0	0
1182	21160	327.0	150.0	0.0	0
1183	21187	327.0	150.0	0.0	0
1184	21215	327.0	150.0	0.0	0
1185	21244	327.0	150.0	0.0	0
1186	21273	327.0	150.0	0.0	0
1187	21301	327.0	150.0	0.0	0
1188	21330	327.0	150.0	0.0	0
1189	21360	327.0	150.0	0.0	0
1190	21390	327.0	150.0	0.0	0
1191	21420	327.0	150.0	0.0	0
1192	21449	327.0	150.0	0.0	0
1193	21478	327.0	150.0	0.0	0
1194	21508	327.0	150.0	0.0	0
1195	21539	327.0	150.0	0.0	0
1196	21568	327.0	150.0	0.0	0
1197	21598	327.0	150.0	0.0	0
1198	21627	327.0	150.0	0.0	0
1199	21656	327.0	150.0	0.0	0
1200	21685	327.0	150.0	0.0	0
1201	21714	327.0	150.0	0.0	0
1202	21744	327.0	150.0	0.0	0
1203	21776	327.0	150.0	0.0	0
1204	21805	327.0	150.0	0.0	0
1205	21835	327.0	150.0	0.0	0
1206	21864	327.0	150.0	0.0	0
1207	21893	327.0	150.0	0.0	0
1208	21923	327.0	150.0	0.0	0
1209	21952	327.0	150.0	0.0	0
1210	21983	327.0	150.0	0.0	0
1211	22012	327.0	150.0	0.0	0
1212	22042	327.0	150.0	0.0	0
1213	22071	327.0	150.0	0.0	0
1214	22099	327.0	150.0	0.0	0
1215	22127	327.0	150.0	0.0	0
1216	22155	327.0	150.0	0.0	0
1217	22180	327.0	150.0	0.0	0
1218	22205	327.0	150.0	0.0	0
1219	22231	327.0	150.0	0.0	0
1220	22257	327.0	150.0	0.0	0
1221	22284	327.0	150.0	0.0	0
1222	22310	327.0	150.0	0.0	0
1223	22336	327.0	150.0	0.0	0
1224	22362	327.0	150.0	0.0	0
1225	22390	327.0	150.0	0.0	0
1226	22417	327.0	150.0	0.0	0
1227	22445	327.0	150.0	0.0	0
1228	22474	327.0	150.0	0.0	0
1229	22502	327.0	150.0	0.0	0
1230	22531	327.0	150.0	0.0	0
1231	22560	327.0	150.0	0.0	0
1232	22590	327.0	150.0	0.0	0
1233	22619	327.0	150.0	0.0	0
1234	22647	327.0	150.0	0.0	0
1235	22676	327.0	150.0	0.0	0
1236	22705	327.0	150.0	0.0	0
1237	22734	327.0	150.0	0.0	0
1238	22762	327.0	150.0	0.0	0
1239	22791	327.0	150.0	0.0	0
1240	22818	327.0	150.0	0.0	0
1241	22846	327.0	150.0	0.0	0
1242	22874	327.0	150.0	0.0	0
1243	22905	327.0	150.0	0.0	0
1244	22933	327.0	150.0	0.0	0
1245	22962	327.0	150.0	0.0	0
1246	22990	327.0	150.0	0.0	0
1247	23018	327.0	150.0	0.0	0
1248	23047	327.0	150.0	0.0	0
1249	23075	327.0	150.0	0.0	0
1250	23104	327.0	150.0	0.0	0
1251	23132	327.0	150.0	0.0	0
1252	23161	327.0	150.0	0.0	0
1253	23188	327.0	150.0	0.0	0
1254	23217	327.0	150.0	0.0	0
1255	23245	327.0	150.0	0.0	0
1256	23274	327.0	150.0	0.0	0
1257	23302	327.0	150.0	0.0	0
1258	23330	327.0	150.0	0.0	0
1259	23359	327.0	150.0	0.0	0
1260	23388	327.0	150.0	0.0	0
1261	23417	327.0	150.0	0.0	0
1262	23446	327.0	150.0	0.0	0
1263	23474	327.0	150.0	0.0	0
1264	23504	327.0	150.0	0.0	0
1265	23533	327.0	150.0	0.0	0
1266	23561	327.0	150.0	0.0	0
1267	23591	327.0	150.0	0.0	0
1268	23619	327.0	150.0	0.0	0
1269	23647	327.0	150.0	0.0	0
1270	23675	327.0	150.0	0.0	0
1271	23704	327.0	150.0	0.0	0
1272	23733	327.0	150.0	0.0	0
1273	23761	327.0	150.0	0.0	0
1274	23791	327.0	150.0	0.0	0
1275	23820	327.0	150.0	0.0	0
1276	23848	327.0	150.0	0.0	0
1277	23877	327.0	150.0	0.0	0
1278	23907	327.0	150.0	0.0	0
1279	23934	327.0	150.0	0.0	0
1280	23962	327.0	150.0	0.0	0
1281	23991	327.0	150.0	0.0	0
1282	24020	327.0	150.0	0.0	0
1283	24048	327.0	150.0	0.0	0
1284	24077	327.0	150.0	0.0	0
1285	24105	327.0	150.0	0.0	0
1286	24133	327.0	150.0	0.0	0
1287	24162	327.0	150.0	0.0	0
1288	24192	327.0	150.0	0.0	0
1289	24221	327.0	150.0	0.0	0
1290	24249	327.0	150.0	0.0	0
1291	24278	327.0	150.0	0.0	0
1292	24305	327.0	150.0	0.0	0
1293	24334	327.0	150.0	0.0	0
1294	24362	327.0	150.0	0.0	0
1295	24392	327.0	150.0	0.0	0
1296	24421	327.0	150.0	0.0	0
1297	24449	327.0	150.0	0.0	0
1298	24478	327.0	150.0	0.0	0
1299	24507	327.0	150.0	0.0	0
1300	24536	327.0	150.0	0.0	0
1301	24565	327.0	150.0	0.0	0
1302	24593	327.0	150.0	0.0	0
1303	24622	327.0	150.0	0.0	0
1304	24652	327.0	150.0	0.0	0
1305	24680	327.0	150.0	0.0	0
1306	24709	327.0	150.0	0.0	0
1307	24739	327.0	150.0	0.0	0
1308	24768	327.0	150.0	0.0	0
1309	24797	327.0	150.0	0.0	0
1310	24826	327.0	150.0	0.0	0
1311	24855	327.0	150.0	0.0	0
1312	24882	327.0	150.0	0.0	0
1313	24911	327.0	150.0	0.0	0
1314	24939	327.0	150.0	0.0	0
1315	24967	327.0	150.0	0.0	0
1316	24995	327.0	150.0	0.0	0
1317	25024	327.0	150.0	0.0	0
1318	25051	327.0	150.0	0.0	0
1319	25079	327.0	150.0	0.0	0
1320	25107	327.0	150.0	0.0	0
1321	25135	327.0	150.0	0.0	0
1322	25164	327.0	150.0	0.0	0
1323	25194	327.0	150.0	0.0	0
1324	25224	327.0	150.0	0.0	0
1325	25252	327.0	150.0	0.0	0
1326	25281	327.0	150.0	0.0	0
1327	25311	327.0	150.0	0.0	0
1328	25340	327.0	150.0	0.0	0
1329	25369	327.0	150.0	0.0	0
1330	25398	327.0	150.0	0.0	0
1331	25426	327.0	150.0	0.0	0
1332	25455	327.0	150.0	0.0	0
1333	25484	327.0	150.0	0.0	0
1334	25513	327.0	150.0	0.0	0
1335	25542	327.0	150.0	0.0	0
1336	25572	327.0	150.0	0.0	0
1337	25600	327.0	150.0	0.0	0
1338	25629	327.0	150.0	0.0	0
1339	25659	327.0	150.0	0.0	0
1340	25689	327.0	150.0	0.0	0
1341	25718	327.0	150.0	0.0	0
1342	25749	327.0	150.0	0.0	0
1343	25778	327.0	150.0	0.0	0
1344	25806	327.0	150.0	0.0	0
1345	25835	327.0	150.0	0.0	0
1346	25863	327.0	150.0	0.0	0
1347	25891	327.0	150.0	0.0	0
1348	25920	327.0	150.0	0.0	0
1349	25948	327.0	150.0	0.0	0
1350	25976	327.0	150.0	0.0	0
1351	26003	327.0	150.0	0.0	0
1352	26031	327.0	150.0	0.0	0
1353	26059	327.0	150.0	0.0	0
1354	26086	327.0	150.0	0.0	0
1355	26114	327.0	150.0	0.0	0
1356	26142	327.0	150.0	0.0	0
1357	26170	327.0	150.0	0.0	0
1358	26197	327.0	150.0	0.0	0
1359	26225	327.0	150.0	0.0	0
1360	26254	327.0	150.0	0.0	0
1361	26282	327.0	150.0	0.0	0
1362	26310	327.0	150.0	0.0	0
1363	26338	327.0	150.0	0.0	0
1364	26366	327.0	150.0	0.0	0
1365	26394	327.0	150.0	0.0	0
1366	26423	327.0	150.0	0.0	0
1367	26451	327.0	150.0	0.0	0
1368	26479	327.0	150.0	0.0	0
1369	26507	327.0	150.0	0.0	0
1370	26534	327.0	150.0	0.0	0
1371	26564	327.0	150.0	0.0	0
1372	26592	327.0	150.0	0.0	0
1373	26620	327.0	150.0	0.0	0
1374	26648	327.0	150.0	0.0	0
1375	26676	327.0	150.0	0.0	0
1376	26704	327.0	150.0	0.0	0
1377	26732	327.0	150.0	0.0	1
1378	26760	596.0	268.0	0.0	1
1379	26789	596.0	268.0	0.0	1
1380	26817	596.0	268.0	0.0	1
1381	26844	596.0	268.0	0.0	0
1382	26872	596.0	268.0	0.0	0
1383	26899	596.0	268.0	0.0	0
1384	26928	596.0	268.0	0.0	0
1385	26956	596.0	268.0	0.0	0
1386	26984	596.0	268.0	0.0	0
1387	27013	596.0	268.0	0.0	0
1388	27041	596.0	268.0	0.0	0
1389	27069	596.0	268.0	0.0	0
1390	27096	596.0	268.0	0.0	0
1391	27124	596.0	268.0	0.0	0
1392	27151	596.0	268.0	0.0	0
1393	27179	596.0	268.0	0.0	0
1394	27208	596.0	268.0	0.0	0
1395	27236	596.0	268.0	0.0	0
1396	27263	596.0	268.0	0.0	0
1397	27290	596.0	268.0	0.0	0
1398	27318	596.0	268.0	0.0	0
1399	27346	596.0	268.0	0.0	0
1400	27373	596.0	268.0	0.0	0
1401	27402	596.0	268.0	0.0	0
1402	27430	596.0	268.0	0.0	0
1403	27458	596.0	268.0	0.0	0
1404	27485	596.0	268.0	0.0	0
1405	27513	596.0	268.0	0.0	0
1406	27541	596.0	268.0	0.0	0
1407	27569	596.0	268.0	0.0	0
1408	27596	596.0	268.0	0.0	0
1409	27625	596.0	268.0	0.0	0
1410	27651	596.0	268.0	0.0	0
1411	27679	596.0	268.0	0.0	0
1412	27707	596.0	268.0	0.0	0
1413	27735	596.0	268.0	0.0	0
1414	27763	596.0	268.0	0.0	0
1415	27791	596.0	268.0	0.0	0
1416	27819	596.0	268.0	0.0	0
1417	27846	596.0	268.0	0.0	0
1418	27874	596.0	268.0	0.0	0
1419	27902	596.0	268.0	0.0	0
1420	27930	596.0	268.0	0.0	0
1421	27958	596.0	268.0	0.0	0
1422	27986	596.0	268.0	0.0	0
1423	28015	596.0	268.0	0.0	0
1424	28041	596.0	268.0	0.0	0
1425	28069	596.0	268.0	0.0	0
1426	28097	596.0	268.0	0.0	0
1427	28125	596.0	268.0	0.0	0
1428	28153	596.0	268.0	0.0	0
1429	28181	596.0	268.0	0.0	0
1430	28209	596.0	268.0	0.0	0
1431	28237	596.0	268.0	0.0	0
1432	28264	596.0	268.0	0.0	0
1433	28293	596.0	268.0	0.0	0
1434	28320	596.0	268.0	0.0	0
1435	28348	596.0	268.0	0.0	0
1436	28376	596.0	268.0	0.0	0
1437	28403	596.0	268.0	0.0	0
1438	28429	596.0	268.0	0.0	0
1439	28456	596.0	268.0	0.0	0
1440	28485	596.0	268.0	0.0	0
1441	28513	596.0	268