1	1354	1.0	1.0	0.0	0
2	1375	1.0	1.0	0.0	0
3	1391	1.0	1.0	0.0	0
4	1408	1.0	1.0	0.0	0
5	1424	1.0	1.0	0.0	0
6	1442	1.0	1.0	0.0	0
7	1458	1.0	1.0	0.0	0
8	1474	1.0	1.0	0.0	0
9	1491	1.0	1.0	0.0	0
10	1508	1.0	1.0	0.0	0
11	1524	1.0	1.0	0.0	0
12	1541	1.0	1.0	0.0	0
13	1557	1.0	1.0	0.0	0
14	1574	1.0	1.0	0.0	0
15	1590	1.0	1.0	0.0	0
16	1607	1.0	1.0	0.0	0
17	1624	1.0	1.0	0.0	0
18	1640	1.0	1.0	0.0	0
19	1657	1.0	1.0	0.0	0
20	1673	1.0	1.0	0.0	0
21	1692	1.0	1.0	0.0	0
22	1708	1.0	1.0	0.0	0
23	1724	1.0	1.0	0.0	0
24	1742	1.0	1.0	0.0	0
25	1757	1.0	1.0	0.0	0
26	1773	1.0	1.0	0.0	0
27	1792	1.0	1.0	0.0	0
28	1808	1.0	1.0	0.0	0
29	1824	1.0	1.0	0.0	0
30	1841	1.0	1.0	0.0	0
31	1857	1.0	1.0	0.0	0
32	1874	1.0	1.0	0.0	0
33	1891	1.0	1.0	0.0	0
34	1907	1.0	1.0	0.0	0
35	1924	1.0	1.0	0.0	0
36	1941	1.0	1.0	0.0	0
37	1957	1.0	1.0	0.0	0
38	1974	1.0	1.0	0.0	0
39	1991	1.0	1.0	0.0	0
40	2008	1.0	1.0	0.0	0
41	2025	1.0	1.0	0.0	0
42	2042	1.0	1.0	0.0	0
43	2057	1.0	1.0	0.0	0
44	2074	1.0	1.0	0.0	0
45	2092	1.0	1.0	0.0	0
46	2108	1.0	1.0	0.0	0
47	2125	1.0	1.0	0.0	0
48	2141	1.0	1.0	0.0	0
49	2158	1.0	1.0	0.0	0
50	2175	1.0	1.0	0.0	0
51	2191	1.0	1.0	0.0	0
52	2208	1.0	1.0	0.0	0
53	2224	1.0	1.0	0.0	0
54	2241	1.0	1.0	0.0	0
55	2258	1.0	1.0	0.0	0
56	2275	1.0	1.0	0.0	0
57	2291	1.0	1.0	0.0	0
58	2308	1.0	1.0	0.0	0
59	2325	1.0	1.0	0.0	0
60	2341	1.0	1.0	0.0	0
61	2358	1.0	1.0	0.0	0
62	2374	1.0	1.0	0.0	0
63	2391	1.0	1.0	0.0	0
64	2407	1.0	1.0	0.0	0
65	2424	1.0	1.0	0.0	0
66	2441	1.0	1.0	0.0	0
67	2458	1.0	1.0	0.0	0
68	2474	1.0	1.0	0.0	0
69	2491	1.0	1.0	0.0	0
70	2508	1.0	1.0	0.0	0
71	2524	1.0	1.0	0.0	0
72	2542	1.0	1.0	0.0	0
73	2558	1.0	1.0	0.0	0
74	2574	1.0	1.0	0.0	0
75	2590	1.0	1.0	0.0	0
76	2607	1.0	1.0	0.0	0
77	2624	1.0	1.0	0.0	0
78	2641	1.0	1.0	0.0	0
79	2658	1.0	1.0	0.0	0
80	2674	1.0	1.0	0.0	0
81	2691	1.0	1.0	0.0	0
82	2708	1.0	1.0	0.0	0
83	2724	1.0	1.0	0.0	0
84	2741	1.0	1.0	0.0	0
85	2758	1.0	1.0	0.0	0
86	2774	1.0	1.0	0.0	0
87	2791	1.0	1.0	0.0	0
88	2808	1.0	1.0	0.0	0
89	2824	1.0	1.0	0.0	0
90	2841	1.0	1.0	0.0	0
91	2858	1.0	1.0	0.0	0
92	2874	1.0	1.0	0.0	0
93	2891	1.0	1.0	0.0	0
94	2907	1.0	1.0	0.0	0
95	2924	1.0	1.0	0.0	0
96	2942	1.0	1.0	0.0	0
97	2958	1.0	1.0	0.0	0
98	2974	1.0	1.0	0.0	0
99	2990	1.0	1.0	0.0	0
100	3008	1.0	1.0	0.0	0
101	3024	1.0	1.0	0.0	0
102	3040	1.0	1.0	0.0	0
103	3057	1.0	1.0	0.0	0
104	3074	1.0	1.0	0.0	0
105	3091	1.0	1.0	0.0	0
106	3109	1.0	1.0	0.0	0
107	3125	1.0	1.0	0.0	0
108	3141	1.0	1.0	0.0	0
109	3158	1.0	1.0	0.0	0
110	3174	1.0	1.0	0.0	0
111	3191	1.0	1.0	0.0	0
112	3208	1.0	1.0	0.0	0
113	3224	1.0	1.0	0.0	0
114	3241	1.0	1.0	0.0	0
115	3258	1.0	1.0	0.0	0
116	3275	1.0	1.0	0.0	0
117	3291	1.0	1.0	0.0	0
118	3307	1.0	1.0	0.0	0
119	3324	1.0	1.0	0.0	0
120	3341	1.0	1.0	0.0	0
121	3357	1.0	1.0	0.0	0
122	3374	1.0	1.0	0.0	0
123	3391	1.0	1.0	0.0	0
124	3407	1.0	1.0	0.0	0
125	3424	1.0	1.0	0.0	0
126	3442	1.0	1.0	0.0	0
127	3457	1.0	1.0	0.0	0
128	3473	1.0	1.0	0.0	0
129	3491	1.0	1.0	0.0	0
130	3507	1.0	1.0	0.0	0
131	3524	1.0	1.0	0.0	0
132	3542	1.0	1.0	0.0	0
133	3557	1.0	1.0	0.0	0
134	3575	1.0	1.0	0.0	0
135	3591	1.0	1.0	0.0	0
136	3608	1.0	1.0	0.0	0
137	3624	1.0	1.0	0.0	0
138	3640	1.0	1.0	0.0	0
139	3657	1.0	1.0	0.0	0
140	3674	1.0	1.0	0.0	0
141	3691	1.0	1.0	0.0	0
142	3708	1.0	1.0	0.0	0
143	3724	1.0	1.0	0.0	0
144	3741	1.0	1.0	0.0	0
145	3758	1.0	1.0	0.0	0
146	3774	1.0	1.0	0.0	0
147	3791	1.0	1.0	0.0	0
148	3808	1.0	1.0	0.0	0
149	3824	1.0	1.0	0.0	0
150	3841	1.0	1.0	0.0	0
151	3857	1.0	1.0	0.0	0
152	3875	1.0	1.0	0.0	0
153	3891	1.0	1.0	0.0	0
154	3908	1.0	1.0	0.0	0
155	3924	1.0	1.0	0.0	0
156	3941	1.0	1.0	0.0	0
157	3958	1.0	1.0	0.0	0
158	3974	1.0	1.0	0.0	0
159	3991	1.0	1.0	0.0	0
160	4007	1.0	1.0	0.0	0
161	4025	1.0	1.0	0.0	0
162	4041	1.0	1.0	0.0	0
163	4057	1.0	1.0	0.0	0
164	4075	1.0	1.0	0.0	0
165	4092	1.0	1.0	0.0	0
166	4108	1.0	1.0	0.0	0
167	4124	1.0	1.0	0.0	0
168	4141	1.0	1.0	0.0	0
169	4158	1.0	1.0	0.0	0
170	4174	1.0	1.0	0.0	0
171	4191	1.0	1.0	0.0	0
172	4207	1.0	1.0	0.0	0
173	4224	1.0	1.0	0.0	0
174	4240	1.0	1.0	0.0	0
175	4257	1.0	1.0	0.0	0
176	4274	1.0	1.0	0.0	0
177	4292	1.0	1.0	0.0	0
178	4307	1.0	1.0	0.0	0
179	4324	1.0	1.0	0.0	0
180	4341	1.0	1.0	0.0	0
181	4358	1.0	1.0	0.0	0
182	4375	1.0	1.0	0.0	0
183	4391	1.0	1.0	0.0	0
184	4408	1.0	1.0	0.0	0
185	4425	1.0	1.0	0.0	0
186	4440	1.0	1.0	0.0	0
187	4458	1.0	1.0	0.0	0
188	4474	1.0	1.0	0.0	0
189	4491	1.0	1.0	0.0	0
190	4507	1.0	1.0	0.0	0
191	4524	1.0	1.0	0.0	0
192	4542	1.0	1.0	0.0	0
193	4558	1.0	1.0	0.0	0
194	4576	1.0	1.0	0.0	0
195	4592	1.0	1.0	0.0	0
196	4608	1.0	1.0	0.0	0
197	4624	1.0	1.0	0.0	0
198	4641	1.0	1.0	0.0	0
199	4658	1.0	1.0	0.0	0
200	4675	1.0	1.0	0.0	0
201	4691	1.0	1.0	0.0	0
202	4708	1.0	1.0	0.0	0
203	4724	1.0	1.0	0.0	0
204	4740	1.0	1.0	0.0	0
205	4757	1.0	1.0	0.0	0
206	4774	1.0	1.0	0.0	0
207	4791	1.0	1.0	0.0	0
208	4807	1.0	1.0	0.0	0
209	4824	1.0	1.0	0.0	0
210	4842	1.0	1.0	0.0	0
211	4857	1.0	1.0	0.0	0
212	4874	1.0	1.0	0.0	0
213	4892	1.0	1.0	0.0	0
214	4908	1.0	1.0	0.0	0
215	4924	1.0	1.0	0.0	0
216	4941	1.0	1.0	0.0	0
217	4958	1.0	1.0	0.0	0
218	4974	1.0	1.0	0.0	0
219	4992	1.0	1.0	0.0	0
220	5008	1.0	1.0	0.0	0
221	5024	1.0	1.0	0.0	0
222	5041	1.0	1.0	0.0	0
223	5057	1.0	1.0	0.0	0
224	5074	1.0	1.0	0.0	0
225	5091	1.0	1.0	0.0	0
226	5108	1.0	1.0	0.0	0
227	5124	1.0	1.0	0.0	0
228	5141	1.0	1.0	0.0	0
229	5158	1.0	1.0	0.0	0
230	5175	1.0	1.0	0.0	0
231	5191	1.0	1.0	0.0	0
232	5207	1.0	1.0	0.0	0
233	5226	1.0	1.0	0.0	0
234	5242	1.0	1.0	0.0	0
235	5258	1.0	1.0	0.0	0
236	5275	1.0	1.0	0.0	0
237	5291	1.0	1.0	0.0	0
238	5308	1.0	1.0	0.0	0
239	5324	1.0	1.0	0.0	0
240	5341	1.0	1.0	0.0	0
241	5357	1.0	1.0	0.0	0
242	5374	1.0	1.0	0.0	0
243	5391	1.0	1.0	0.0	0
244	5407	1.0	1.0	0.0	0
245	5424	1.0	1.0	0.0	0
246	5441	1.0	1.0	0.0	0
247	5457	1.0	1.0	0.0	0
248	5474	1.0	1.0	0.0	0
249	5491	1.0	1.0	0.0	0
250	5507	1.0	1.0	0.0	0
251	5525	1.0	1.0	0.0	0
252	5541	1.0	1.0	0.0	0
253	5558	1.0	1.0	0.0	0
254	5576	1.0	1.0	0.0	0
255	5591	1.0	1.0	0.0	0
256	5608	1.0	1.0	0.0	0
257	5624	1.0	1.0	0.0	0
258	5641	1.0	1.0	0.0	0
259	5658	1.0	1.0	0.0	0
260	5675	1.0	1.0	0.0	0
261	5691	1.0	1.0	0.0	0
262	5707	1.0	1.0	0.0	0
263	5724	1.0	1.0	0.0	0
264	5742	1.0	1.0	0.0	0
265	5758	1.0	1.0	0.0	0
266	5776	1.0	1.0	0.0	0
267	5791	1.0	1.0	0.0	0
268	5807	1.0	1.0	0.0	0
269	5824	1.0	1.0	0.0	0
270	5842	1.0	1.0	0.0	0
271	5858	1.0	1.0	0.0	0
272	5874	1.0	1.0	0.0	0
273	5890	1.0	1.0	0.0	0
274	5907	1.0	1.0	0.0	0
275	5924	1.0	1.0	0.0	0
276	5941	1.0	1.0	0.0	0
277	5959	1.0	1.0	0.0	0
278	5974	1.0	1.0	0.0	0
279	5991	1.0	1.0	0.0	0
280	6008	1.0	1.0	0.0	0
281	6024	1.0	1.0	0.0	0
282	6041	1.0	1.0	0.0	0
283	6057	1.0	1.0	0.0	0
284	6075	1.0	1.0	0.0	0
285	6092	1.0	1.0	0.0	0
286	6108	1.0	1.0	0.0	0
287	6124	1.0	1.0	0.0	0
288	6141	1.0	1.0	0.0	0
289	6157	1.0	1.0	0.0	0
290	6175	1.0	1.0	0.0	0
291	6191	1.0	1.0	0.0	0
292	6208	1.0	1.0	0.0	0
293	6224	1.0	1.0	0.0	0
294	6241	1.0	1.0	0.0	0
295	6257	1.0	1.0	0.0	0
296	6274	1.0	1.0	0.0	0
297	6290	1.0	1.0	0.0	0
298	6308	1.0	1.0	0.0	0
299	6325	1.0	1.0	0.0	0
300	6340	1.0	1.0	0.0	0
301	6357	1.0	1.0	0.0	0
302	6374	1.0	1.0	0.0	0
303	6391	1.0	1.0	0.0	0
304	6408	1.0	1.0	0.0	0
305	6425	1.0	1.0	0.0	0
306	6442	1.0	1.0	0.0	0
307	6457	1.0	1.0	0.0	0
308	6474	1.0	1.0	0.0	0
309	6492	1.0	1.0	0.0	0
310	6508	1.0	1.0	0.0	0
311	6525	1.0	1.0	0.0	0
312	6542	1.0	1.0	0.0	0
313	6558	1.0	1.0	0.0	0
314	6575	1.0	1.0	0.0	0
315	6592	1.0	1.0	0.0	0
316	6608	1.0	1.0	0.0	0
317	6625	1.0	1.0	0.0	0
318	6641	1.0	1.0	0.0	0
319	6658	1.0	1.0	0.0	0
320	6675	1.0	1.0	0.0	0
321	6691	1.0	1.0	0.0	0
322	6707	1.0	1.0	0.0	0
323	6724	1.0	1.0	0.0	0
324	6741	1.0	1.0	0.0	0
325	6757	1.0	1.0	0.0	0
326	6774	1.0	1.0	0.0	0
327	6791	1.0	1.0	0.0	0
328	6809	1.0	1.0	0.0	0
329	6824	1.0	1.0	0.0	0
330	6842	1.0	1.0	0.0	0
331	6859	1.0	1.0	0.0	0
332	6875	1.0	1.0	0.0	0
333	6892	1.0	1.0	0.0	0
334	6908	1.0	1.0	0.0	0
335	6924	1.0	1.0	0.0	0
336	6941	1.0	1.0	0.0	0
337	6959	1.0	1.0	0.0	0
338	6975	1.0	1.0	0.0	0
339	6991	1.0	1.0	0.0	0
340	7008	1.0	1.0	0.0	0
341	7024	1.0	1.0	0.0	0
342	7042	1.0	1.0	0.0	0
343	7058	1.0	1.0	0.0	0
344	7074	1.0	1.0	0.0	0
345	7091	1.0	1.0	0.0	0
346	7107	1.0	1.0	0.0	0
347	7124	1.0	1.0	0.0	0
348	7142	1.0	1.0	0.0	0
349	7157	1.0	1.0	0.0	0
350	7174	1.0	1.0	0.0	0
351	7190	1.0	1.0	0.0	0
352	7207	1.0	1.0	0.0	0
353	7224	1.0	1.0	0.0	0
354	7241	1.0	1.0	0.0	0
355	7258	1.0	1.0	0.0	0
356	7274	1.0	1.0	0.0	0
357	7291	1.0	1.0	0.0	0
358	7307	1.0	1.0	0.0	0
359	7325	1.0	1.0	0.0	0
360	7342	1.0	1.0	0.0	0
361	7358	1.0	1.0	0.0	0
362	7375	1.0	1.0	0.0	0
363	7391	1.0	1.0	0.0	0
364	7408	1.0	1.0	0.0	0
365	7424	1.0	1.0	0.0	0
366	7441	1.0	1.0	0.0	0
367	7458	1.0	1.0	0.0	0
368	7474	1.0	1.0	0.0	0
369	7491	1.0	1.0	0.0	0
370	7507	1.0	1.0	0.0	0
371	7525	1.0	1.0	0.0	0
372	7541	1.0	1.0	0.0	0
373	7558	1.0	1.0	0.0	0
374	7575	1.0	1.0	0.0	0
375	7591	1.0	1.0	0.0	0
376	7608	1.0	1.0	0.0	0
377	7625	1.0	1.0	0.0	0
378	7642	1.0	1.0	0.0	0
379	7658	1.0	1.0	0.0	0
380	7675	1.0	1.0	0.0	0
381	7691	1.0	1.0	0.0	0
382	7708	1.0	1.0	0.0	0
383	7725	1.0	1.0	0.0	0
384	7741	1.0	1.0	0.0	0
385	7757	1.0	1.0	0.0	0
386	7774	1.0	1.0	0.0	0
387	7791	1.0	1.0	0.0	0
388	7808	1.0	1.0	0.0	0
389	7824	1.0	1.0	0.0	0
390	7840	1.0	1.0	0.0	0
391	7857	1.0	1.0	0.0	0
392	7874	1.0	1.0	0.0	0
393	7891	1.0	1.0	0.0	0
394	7908	1.0	1.0	0.0	0
395	7924	1.0	1.0	0.0	0
396	7942	1.0	1.0	0.0	0
397	7958	1.0	1.0	0.0	0
398	7974	1.0	1.0	0.0	0
399	7991	1.0	1.0	0.0	0
400	8008	1.0	1.0	0.0	0
401	8024	1.0	1.0	0.0	0
402	8041	1.0	1.0	0.0	0
403	8058	1.0	1.0	0.0	0
404	8074	1.0	1.0	0.0	0
405	8092	1.0	1.0	0.0	0
406	8108	1.0	1.0	0.0	0
407	8125	1.0	1.0	0.0	0
408	8142	1.0	1.0	0.0	0
409	8158	1.0	1.0	0.0	0
410	8174	1.0	1.0	0.0	0
411	8191	1.0	1.0	0.0	0
412	8207	1.0	1.0	0.0	0
413	8225	1.0	1.0	0.0	0
414	8240	1.0	1.0	0.0	0
415	8258	1.0	1.0	0.0	0
416	8274	1.0	1.0	0.0	0
417	8290	1.0	1.0	0.0	0
418	8308	1.0	1.0	0.0	0
419	8324	1.0	1.0	0.0	0
420	8342	1.0	1.0	0.0	0
421	8357	1.0	1.0	0.0	0
422	8374	1.0	1.0	0.0	0
423	8391	1.0	1.0	0.0	0
424	8408	1.0	1.0	0.0	0
425	8425	1.0	1.0	0.0	0
426	8442	1.0	1.0	0.0	0
427	8458	1.0	1.0	0.0	0
428	8474	1.0	1.0	0.0	0
429	8491	1.0	1.0	0.0	0
430	8507	1.0	1.0	0.0	0
431	8524	1.0	1.0	0.0	0
432	8541	1.0	1.0	0.0	0
433	8557	1.0	1.0	0.0	0
434	8574	1.0	1.0	0.0	0
435	8591	1.0	1.0	0.0	0
436	8607	1.0	1.0	0.0	0
437	8625	1.0	1.0	0.0	0
438	8641	1.0	1.0	0.0	0
439	8657	1.0	1.0	0.0	0
440	8674	1.0	1.0	0.0	0
441	8691	1.0	1.0	0.0	0
442	8708	1.0	1.0	0.0	0
443	8724	1.0	1.0	0.0	0
444	8742	1.0	1.0	0.0	0
445	8758	1.0	1.0	0.0	0
446	8774	1.0	1.0	0.0	0
447	8792	1.0	1.0	0.0	0
448	8808	1.0	1.0	0.0	0
449	8825	1.0	1.0	0.0	0
450	8841	1.0	1.0	0.0	0
451	8858	1.0	1.0	0.0	0
452	8875	1.0	1.0	0.0	0
453	8891	1.0	1.0	0.0	0
454	8908	1.0	1.0	0.0	0
455	8924	1.0	1.0	0.0	0
456	8941	1.0	1.0	0.0	0
457	8958	1.0	1.0	0.0	0
458	8974	1.0	1.0	0.0	0
459	8991	1.0	1.0	0.0	0
460	9008	1.0	1.0	0.0	0
461	9025	1.0	1.0	0.0	0
462	9041	1.0	1.0	0.0	0
463	9057	1.0	1.0	0.0	0
464	9074	1.0	1.0	0.0	0
465	9091	1.0	1.0	0.0	0
466	9108	1.0	1.0	0.0	0
467	9124	1.0	1.0	0.0	0
468	9141	1.0	1.0	0.0	0
469	9158	1.0	1.0	0.0	0
470	9175	1.0	1.0	0.0	0
471	9191	1.0	1.0	0.0	0
472	9207	1.0	1.0	0.0	0
473	9224	1.0	1.0	0.0	0
474	9240	1.0	1.0	0.0	0
475	9257	1.0	1.0	0.0	0
476	9275	1.0	1.0	0.0	0
477	9291	1.0	1.0	0.0	0
478	9307	1.0	1.0	0.0	0
479	9325	1.0	1.0	0.0	0
480	9341	1.0	1.0	0.0	0
481	9358	1.0	1.0	0.0	0
482	9374	1.0	1.0	0.0	0
483	9391	1.0	1.0	0.0	0
484	9407	1.0	1.0	0.0	0
485	9425	1.0	1.0	0.0	0
486	9442	1.0	1.0	0.0	0
487	9458	1.0	1.0	0.0	0
488	9475	1.0	1.0	0.0	0
489	9491	1.0	1.0	0.0	0
490	9508	1.0	1.0	0.0	0
491	9525	1.0	1.0	0.0	0
492	9541	1.0	1.0	0.0	0
493	9558	1.0	1.0	0.0	0
494	9574	1.0	1.0	0.0	0
495	9591	1.0	1.0	0.0	0
496	9608	1.0	1.0	0.0	0
497	9624	1.0	1.0	0.0	0
498	9642	1.0	1.0	0.0	0
499	9658	1.0	1.0	0.0	0
500	9675	1.0	1.0	0.0	0
501	9692	1.0	1.0	0.0	0
502	9708	1.0	1.0	0.0	0
503	9724	1.0	1.0	0.0	0
504	9741	1.0	1.0	0.0	0
505	9758	1.0	1.0	0.0	0
506	9774	1.0	1.0	0.0	0
507	9792	1.0	1.0	0.0	0
508	9808	1.0	1.0	0.0	0
509	9824	1.0	1.0	0.0	0
510	9841	1.0	1.0	0.0	0
511	9858	1.0	1.0	0.0	0
512	9874	1.0	1.0	0.0	0
513	9891	1.0	1.0	0.0	0
514	9907	1.0	1.0	0.0	0
515	9924	1.0	1.0	0.0	0
516	9941	1.0	1.0	0.0	0
517	9957	1.0	1.0	0.0	0
518	9974	1.0	1.0	0.0	0
519	9992	1.0	1.0	0.0	0
520	10008	1.0	1.0	0.0	0
521	10025	1.0	1.0	0.0	0
522	10042	1.0	1.0	0.0	0
523	10058	1.0	1.0	0.0	0
524	10074	1.0	1.0	0.0	0
525	10091	1.0	1.0	0.0	0
526	10109	1.0	1.0	0.0	0
527	10125	1.0	1.0	0.0	0
528	10142	1.0	1.0	0.0	0
529	10158	1.0	1.0	0.0	0
530	10174	1.0	1.0	0.0	0
531	10191	1.0	1.0	0.0	0
532	10208	1.0	1.0	0.0	0
533	10225	1.0	1.0	0.0	0
534	10241	1.0	1.0	0.0	0
535	10258	1.0	1.0	0.0	0
536	10274	1.0	1.0	0.0	0
537	10291	1.0	1.0	0.0	0
538	10308	1.0	1.0	0.0	0
539	10325	1.0	1.0	0.0	0
540	10341	1.0	1.0	0.0	0
541	10358	1.0	1.0	0.0	0
542	10375	1.0	1.0	0.0	0
543	10391	1.0	1.0	0.0	0
544	10408	1.0	1.0	0.0	0
545	10424	1.0	1.0	0.0	0
546	10441	1.0	1.0	0.0	0
547	10458	1.0	1.0	0.0	0
548	10474	1.0	1.0	0.0	0
549	10491	1.0	1.0	0.0	0
550	10508	1.0	1.0	0.0	0
551	10525	1.0	1.0	0.0	0
552	10541	1.0	1.0	0.0	0
553	10558	1.0	1.0	0.0	0
554	10574	1.0	1.0	0.0	0
555	10591	1.0	1.0	0.0	0
556	10608	1.0	1.0	0.0	0
557	10624	1.0	1.0	0.0	0
558	10640	1.0	1.0	0.0	0
559	10658	1.0	1.0	0.0	0
560	10674	1.0	1.0	0.0	0
561	10691	1.0	1.0	0.0	0
562	10707	1.0	1.0	0.0	0
563	10724	1.0	1.0	0.0	0
564	10741	1.0	1.0	0.0	0
565	10758	1.0	1.0	0.0	0
566	10774	1.0	1.0	0.0	0
567	10791	1.0	1.0	0.0	0
568	10807	1.0	1.0	0.0	0
569	10825	1.0	1.0	0.0	0
570	10842	1.0	1.0	0.0	0
571	10858	1.0	1.0	0.0	0
572	10874	1.0	1.0	0.0	0
573	10891	1.0	1.0	0.0	0
574	10908	1.0	1.0	0.0	0
575	10925	1.0	1.0	0.0	0
576	10941	1.0	1.0	0.0	0
577	10958	1.0	1.0	0.0	0
578	10974	1.0	1.0	0.0	0
579	10991	1.0	1.0	0.0	0
580	11007	1.0	1.0	0.0	0
581	11025	1.0	1.0	0.0	0
582	11041	1.0	1.0	0.0	0
583	11057	1.0	1.0	0.0	0
584	11074	1.0	1.0	0.0	0
585	11091	1.0	1.0	0.0	0
586	11108	1.0	1.0	0.0	0
587	11124	1.0	1.0	0.0	0
588	11141	1.0	1.0	0.0	0
589	11157	1.0	1.0	0.0	0
590	11175	1.0	1.0	0.0	0
591	11191	1.0	1.0	0.0	0
592	11207	1.0	1.0	0.0	0
593	11224	1.0	1.0	0.0	0
594	11242	1.0	1.0	0.0	0
595	11258	1.0	1.0	0.0	0
596	11274	1.0	1.0	0.0	0
597	11291	1.0	1.0	0.0	0
598	11308	1.0	1.0	0.0	0
599	11324	1.0	1.0	0.0	0
600	11342	1.0	1.0	0.0	0
601	11358	1.0	1.0	0.0	0
602	11374	1.0	1.0	0.0	0
603	11390	1.0	1.0	0.0	0
604	11408	1.0	1.0	0.0	0
605	11424	1.0	1.0	0.0	0
606	11442	1.0	1.0	0.0	0
607	11458	1.0	1.0	0.0	0
608	11475	1.0	1.0	0.0	0
609	11490	1.0	1.0	0.0	0
610	11507	1.0	1.0	0.0	0
611	11525	1.0	1.0	0.0	0
612	11542	1.0	1.0	0.0	0
613	11557	1.0	1.0	0.0	0
614	11575	1.0	1.0	0.0	0
615	11590	1.0	1.0	0.0	0
616	11607	1.0	1.0	0.0	0
617	11624	1.0	1.0	0.0	0
618	11641	1.0	1.0	0.0	0
619	11658	1.0	1.0	0.0	0
620	11674	1.0	1.0	0.0	0
621	11691	1.0	1.0	0.0	0
622	11708	1.0	1.0	0.0	0
623	11724	1.0	1.0	0.0	0
624	11741	1.0	1.0	0.0	0
625	11758	1.0	1.0	0.0	0
626	11775	1.0	1.0	0.0	0
627	11791	1.0	1.0	0.0	0
628	11807	1.0	1.0	0.0	0
629	11826	1.0	1.0	0.0	0
630	11840	1.0	1.0	0.0	0
631	11857	1.0	1.0	0.0	0
632	11874	1.0	1.0	0.0	0
633	11892	1.0	1.0	0.0	0
634	11907	1.0	1.0	0.0	0
635	11924	1.0	1.0	0.0	0
636	11941	1.0	1.0	0.0	0
637	11957	1.0	1.0	0.0	0
638	11975	1.0	1.0	0.0	0
639	11991	1.0	1.0	0.0	0
640	12007	1.0	1.0	0.0	0
641	12025	1.0	1.0	0.0	0
642	12041	1.0	1.0	0.0	0
643	12058	1.0	1.0	0.0	0
644	12075	1.0	1.0	0.0	0
645	12091	1.0	1.0	0.0	0
646	12108	1.0	1.0	0.0	0
647	12124	1.0	1.0	0.0	0
648	12141	1.0	1.0	0.0	0
649	12157	1.0	1.0	0.0	0
650	12174	1.0	1.0	0.0	0
651	12191	1.0	1.0	0.0	0
652	12208	1.0	1.0	0.0	0
653	12224	1.0	1.0	0.0	0
654	12241	1.0	1.0	0.0	0
655	12258	1.0	1.0	0.0	0
656	12275	1.0	1.0	0.0	0
657	12291	1.0	1.0	0.0	0
658	12308	1.0	1.0	0.0	0
659	12325	1.0	1.0	0.0	0
660	12341	1.0	1.0	0.0	0
661	12358	1.0	1.0	0.0	0
662	12375	1.0	1.0	0.0	0
663	12392	1.0	1.0	0.0	0
664	12409	1.0	1.0	0.0	0
665	12425	1.0	1.0	0.0	0
666	12441	1.0	1.0	0.0	0
667	12458	1.0	1.0	0.0	0
668	12474	1.0	1.0	0.0	0
669	12491	1.0	1.0	0.0	0
670	12508	1.0	1.0	0.0	0
671	12524	1.0	1.0	0.0	0
672	12541	1.0	1.0	0.0	0
673	12557	1.0	1.0	0.0	0
674	12575	1.0	1.0	0.0	0
675	12590	1.0	1.0	0.0	0
676	12607	1.0	1.0	0.0	0
677	12625	1.0	1.0	0.0	0
678	12642	1.0	1.0	0.0	0
679	12657	1.0	1.0	0.0	0
680	12675	1.0	1.0	0.0	0
681	12690	1.0	1.0	0.0	0
682	12707	1.0	1.0	0.0	0
683	12725	1.0	1.0	0.0	0
684	12742	1.0	1.0	0.0	0
685	12759	1.0	1.0	0.0	0
686	12776	1.0	1.0	0.0	0
687	12792	1.0	1.0	0.0	0
688	12808	1.0	1.0	0.0	0
689	12825	1.0	1.0	0.0	0
690	12843	1.0	1.0	0.0	0
691	12858	1.0	1.0	0.0	0
692	12875	1.0	1.0	0.0	0
693	12892	1.0	1.0	0.0	0
694	12908	1.0	1.0	0.0	0
695	12924	1.0	1.0	0.0	0
696	12940	1.0	1.0	0.0	0
697	12958	1.0	1.0	0.0	0
698	12975	1.0	1.0	0.0	0
699	12992	1.0	1.0	0.0	0
700	13008	1.0	1.0	0.0	0
701	13025	1.0	1.0	0.0	0
702	13040	1.0	1.0	0.0	0
703	13057	1.0	1.0	0.0	0
704	13075	1.0	1.0	0.0	0
705	13091	1.0	1.0	0.0	0
706	13109	1.0	1.0	0.0	0
707	13126	1.0	1.0	0.0	0
708	13141	1.0	1.0	0.0	0
709	13157	1.0	1.0	0.0	0
710	13174	1.0	1.0	0.0	0
711	13192	1.0	1.0	0.0	0
712	13208	1.0	1.0	0.0	0
713	13225	1.0	1.0	0.0	0
714	13241	1.0	1.0	0.0	0
715	13258	1.0	1.0	0.0	0
716	13274	1.0	1.0	0.0	0
717	13292	1.0	1.0	0.0	0
718	13308	1.0	1.0	0.0	0
719	13324	1.0	1.0	0.0	0
720	13341	1.0	1.0	0.0	0
721	13358	1.0	1.0	0.0	0
722	13375	1.0	1.0	0.0	0
723	13391	1.0	1.0	0.0	0
724	13407	1.0	1.0	0.0	0
725	13424	1.0	1.0	0.0	0
726	13441	1.0	1.0	0.0	0
727	13458	1.0	1.0	0.0	0
728	13474	1.0	1.0	0.0	0
729	13490	1.0	1.0	0.0	0
730	13508	1.0	1.0	0.0	0
731	13524	1.0	1.0	0.0	0
732	13540	1.0	1.0	0.0	0
733	13557	1.0	1.0	0.0	0
734	13574	1.0	1.0	0.0	0
735	13592	1.0	1.0	0.0	0
736	13609	1.0	1.0	0.0	0
737	13624	1.0	1.0	0.0	0
738	13642	1.0	1.0	0.0	0
739	13658	1.0	1.0	0.0	0
740	13675	1.0	1.0	0.0	0
741	13691	1.0	1.0	0.0	0
742	13708	1.0	1.0	0.0	0
743	13724	1.0	1.0	0.0	0
744	13741	1.0	1.0	0.0	0
745	13759	1.0	1.0	0.0	0
746	13774	1.0	1.0	0.0	0
747	13791	1.0	1.0	0.0	0
748	13807	1.0	1.0	0.0	0
749	13824	1.0	1.0	0.0	0
750	13842	1.0	1.0	0.0	0
751	13858	1.0	1.0	0.0	0
752	13875	1.0	1.0	0.0	0
753	13891	1.0	1.0	0.0	0
754	13909	1.0	1.0	0.0	0
755	13925	1.0	1.0	0.0	0
756	13942	1.0	1.0	0.0	0
757	13958	1.0	1.0	0.0	0
758	13975	1.0	1.0	0.0	0
759	13992	1.0	1.0	0.0	0
760	14008	1.0	1.0	0.0	0
761	14025	1.0	1.0	0.0	0
762	14042	1.0	1.0	0.0	0
763	14058	1.0	1.0	0.0	0
764	14076	1.0	1.0	0.0	0
765	14091	1.0	1.0	0.0	0
766	14108	1.0	1.0	0.0	0
767	14124	1.0	1.0	0.0	0
768	14141	1.0	1.0	0.0	0
769	14158	1.0	1.0	0.0	0
770	14174	1.0	1.0	0.0	0
771	14191	1.0	1.0	0.0	0
772	14209	1.0	1.0	0.0	0
773	14225	1.0	1.0	0.0	0
774	14241	1.0	1.0	0.0	0
775	14258	1.0	1.0	0.0	0
776	14275	1.0	1.0	0.0	0
777	14291	1.0	1.0	0.0	0
778	14308	1.0	1.0	0.0	0
779	14325	1.0	1.0	0.0	0
780	14342	1.0	1.0	0.0	0
781	14358	1.0	1.0	0.0	0
782	14375	1.0	1.0	0.0	0
783	14391	1.0	1.0	0.0	0
784	14408	1.0	1.0	0.0	0
785	14425	1.0	1.0	0.0	0
786	14441	1.0	1.0	0.0	0
787	14457	1.0	1.0	0.0	0
788	14474	1.0	1.0	0.0	0
789	14491	1.0	1.0	0.0	0
790	14507	1.0	1.0	0.0	0
791	14525	1.0	1.0	0.0	0
792	14542	1.0	1.0	0.0	0
793	14558	1.0	1.0	0.0	0
794	14574	1.0	1.0	0.0	0
795	14591	1.0	1.0	0.0	0
796	14608	1.0	1.0	0.0	0
797	14626	1.0	1.0	0.0	0
798	14641	1.0	1.0	0.0	0
799	14659	1.0	1.0	0.0	0
800	14674	1.0	1.0	0.0	0
801	14691	1.0	1.0	0.0	0
802	14708	1.0	1.0	0.0	0
803	14724	1.0	1.0	0.0	0
804	14741	1.0	1.0	0.0	0
805	14758	1.0	1.0	0.0	0
806	14776	1.0	1.0	0.0	0
807	14792	1.0	1.0	0.0	0
808	14808	1.0	1.0	0.0	0
809	14824	1.0	1.0	0.0	0
810	14840	1.0	1.0	0.0	0
811	14857	1.0	1.0	0.0	0
812	14874	1.0	1.0	0.0	0
813	14891	1.0	1.0	0.0	0
814	14908	1.0	1.0	0.0	0
815	14924	1.0	1.0	0.0	0
816	14941	1.0	1.0	0.0	0
817	14958	1.0	1.0	0.0	0
818	14976	1.0	1.0	0.0	0
819	14992	1.0	1.0	0.0	0
820	15008	1.0	1.0	0.0	0
821	15025	1.0	1.0	0.0	0
822	15042	1.0	1.0	0.0	0
823	15058	1.0	1.0	0.0	0
824	15075	1.0	1.0	0.0	0
825	15092	1.0	1.0	0.0	0
826	15109	1.0	1.0	0.0	0
827	15125	1.0	1.0	0.0	0
828	15141	1.0	1.0	0.0	0
829	15158	1.0	1.0	0.0	0
830	15174	1.0	1.0	0.0	0
831	15191	1.0	1.0	0.0	0
832	15208	1.0	1.0	0.0	0
833	15224	1.0	1.0	0.0	0
834	15241	1.0	1.0	0.0	0
835	15258	1.0	1.0	0.0	0
836	15275	1.0	1.0	0.0	0
837	15291	1.0	1.0	0.0	0
838	15309	1.0	1.0	0.0	0
839	15325	1.0	1.0	0.0	0
840	15341	1.0	1.0	0.0	0
841	15358	1.0	1.0	0.0	0
842	15374	1.0	1.0	0.0	0
843	15391	1.0	1.0	0.0	0
844	15408	1.0	1.0	0.0	0
845	15425	1.0	1.0	0.0	0
846	15441	1.0	1.0	0.0	0
847	15458	1.0	1.0	0.0	0
848	15475	1.0	1.0	0.0	0
849	15491	1.0	1.0	0.0	0
850	15508	1.0	1.0	0.0	0
851	15525	1.0	1.0	0.0	0
852	15542	1.0	1.0	0.0	0
853	15558	1.0	1.0	0.0	0
854	15574	1.0	1.0	0.0	0
855	15591	1.0	1.0	0.0	0
856	15608	1.0	1.0	0.0	0
857	15624	1.0	1.0	0.0	0
858	15641	1.0	1.0	0.0	0
859	15658	1.0	1.0	0.0	0
860	15675	1.0	1.0	0.0	0
861	15691	1.0	1.0	0.0	0
862	15707	1.0	1.0	0.0	0
863	15725	1.0	1.0	0.0	0
864	15741	1.0	1.0	0.0	0
865	15758	1.0	1.0	0.0	0
866	15774	1.0	1.0	0.0	0
867	15791	1.0	1.0	0.0	0
868	15808	1.0	1.0	0.0	0
869	15824	1.0	1.0	0.0	0
870	15843	1.0	1.0	0.0	0
871	15858	1.0	1.0	0.0	0
872	15875	1.0	1.0	0.0	0
873	15891	1.0	1.0	0.0	0
874	15907	1.0	1.0	0.0	0
875	15924	1.0	1.0	0.0	0
876	15942	1.0	1.0	0.0	0
877	15957	1.0	1.0	0.0	0
878	15974	1.0	1.0	0.0	0
879	15990	1.0	1.0	0.0	0
880	16008	1.0	1.0	0.0	0
881	16024	1.0	1.0	0.0	0
882	16041	1.0	1.0	0.0	0
883	16057	1.0	1.0	0.0	0
884	16076	1.0	1.0	0.0	0
885	16093	1.0	1.0	0.0	0
886	16107	1.0	1.0	0.0	0
887	16124	1.0	1.0	0.0	0
888	16141	1.0	1.0	0.0	0
889	16157	1.0	1.0	0.0	0
890	16174	1.0	1.0	0.0	0
891	16190	1.0	1.0	0.0	0
892	16207	1.0	1.0	0.0	0
893	16224	1.0	1.0	0.0	0
894	16241	1.0	1.0	0.0	0
895	16258	1.0	1.0	0.0	0
896	16275	1.0	1.0	0.0	0
897	16292	1.0	1.0	0.0	0
898	16309	1.0	1.0	0.0	0
899	16325	1.0	1.0	0.0	0
900	16341	1.0	1.0	0.0	0
901	16358	1.0	1.0	0.0	0
902	16375	1.0	1.0	0.0	0
903	16391	1.0	1.0	0.0	0
904	16407	1.0	1.0	0.0	0
905	16425	1.0	1.0	0.0	0
906	16442	1.0	1.0	0.0	0
907	16459	1.0	1.0	0.0	0
908	16475	1.0	1.0	0.0	0
909	16492	1.0	1.0	0.0	0
910	16508	1.0	1.0	0.0	0
911	16525	1.0	1.0	0.0	0
912	16543	1.0	1.0	0.0	0
913	16558	1.0	1.0	0.0	0
914	16574	1.0	1.0	0.0	0
915	16592	1.0	1.0	0.0	0
916	16608	1.0	1.0	0.0	0
917	16625	1.0	1.0	0.0	0
918	16642	1.0	1.0	0.0	0
919	16659	1.0	1.0	0.0	0
920	16675	1.0	1.0	0.0	0
921	16691	1.0	1.0	0.0	0
922	16707	1.0	1.0	0.0	0
923	16724	1.0	1.0	0.0	0
924	16741	1.0	1.0	0.0	0
925	16759	1.0	1.0	0.0	0
926	16775	1.0	1.0	0.0	0
927	16791	1.0	1.0	0.0	0
928	16808	1.0	1.0	0.0	0
929	16825	1.0	1.0	0.0	0
930	16841	1.0	1.0	0.0	0
931	16858	1.0	1.0	0.0	0
932	16874	1.0	1.0	0.0	0
933	16892	1.0	1.0	0.0	0
934	16907	1.0	1.0	0.0	0
935	16924	1.0	1.0	0.0	0
936	16941	1.0	1.0	0.0	0
937	16958	1.0	1.0	0.0	0
938	16974	1.0	1.0	0.0	0
939	16992	1.0	1.0	0.0	0
940	17008	1.0	1.0	0.0	0
941	17025	1.0	1.0	0.0	0
942	17042	1.0	1.0	0.0	0
943	17058	1.0	1.0	0.0	0
944	17076	1.0	1.0	0.0	0
945	17091	1.0	1.0	0.0	0
946	17108	1.0	1.0	0.0	0
947	17125	1.0	1.0	0.0	0
948	17141	1.0	1.0	0.0	0
949	17158	1.0	1.0	0.0	0
950	17174	1.0	1.0	0.0	0
951	17191	1.0	1.0	0.0	0
952	17208	1.0	1.0	0.0	0
953	17225	1.0	1.0	0.0	0
954	17242	1.0	1.0	0.0	0
955	17258	1.0	1.0	0.0	0
956	17275	1.0	1.0	0.0	0
957	17292	1.0	1.0	0.0	0
958	17307	1.0	1.0	0.0	0
959	17324	1.0	1.0	0.0	0
960	17342	1.0	1.0	0.0	0
961	17358	1.0	1.0	0.0	0
962	17374	1.0	1.0	0.0	0
963	17390	1.0	1.0	0.0	0
964	17408	1.0	1.0	0.0	0
965	17425	1.0	1.0	0.0	0
966	17442	1.0	1.0	0.0	0
967	17458	1.0	1.0	0.0	0
968	17474	1.0	1.0	0.0	0
969	17491	1.0	1.0	0.0	0
970	17508	1.0	1.0	0.0	0
971	17525	1.0	1.0	0.0	0
972	17541	1.0	1.0	0.0	0
973	17557	1.0	1.0	0.0	0
974	17574	1.0	1.0	0.0	0
975	17591	1.0	1.0	0.0	0
976	17607	1.0	1.0	0.0	0
977	17624	1.0	1.0	0.0	0
978	17641	1.0	1.0	0.0	0
979	17657	1.0	1.0	0.0	0
980	17674	1.0	1.0	0.0	0
981	17692	1.0	1.0	0.0	0
982	17708	1.0	1.0	0.0	0
983	17724	1.0	1.0	0.0	0
984	17741	1.0	1.0	0.0	0
985	17758	1.0	1.0	0.0	0
986	17774	1.0	1.0	0.0	0
987	17791	1.0	1.0	0.0	0
988	17808	1.0	1.0	0.0	0
989	17824	1.0	1.0	0.0	0
990	17841	1.0	1.0	0.0	0
991	17858	1.0	1.0	0.0	0
992	17875	1.0	1.0	0.0	0
993	17891	1.0	1.0	0.0	0
994	17908	1.0	1.0	0.0	0
995	17924	1.0	1.0	0.0	0
996	17942	1.0	1.0	0.0	0
997	17959	1.0	1.0	0.0	0
998	17975	1.0	1.0	0.0	0
999	17991	1.0	1.0	0.0	0
1000	18008	1.0	1.0	0.0	0
1001	18026	1.0	1.0	0.0	0
1002	18042	1.0	1.0	0.0	0
1003	18058	1.0	1.0	0.0	0
1004	18075	1.0	1.0	0.0	0
1005	18106	1.0	1.0	0.0	0
1006	18124	1.0	1.0	0.0	0
1007	18140	1.0	1.0	0.0	0
1008	18158	1.0	1.0	0.0	0
1009	18174	1.0	1.0	0.0	0
1010	18191	1.0	1.0	0.0	0
1011	18207	1.0	1.0	0.0	0
1012	18224	1.0	1.0	0.0	0
1013	18241	1.0	1.0	0.0	0
1014	18256	1.0	1.0	0.0	0
1015	18274	1.0	1.0	0.0	0
1016	18291	1.0	1.0	0.0	0
1017	18306	1.0	1.0	0.0	0
1018	18323	1.0	1.0	0.0	0
1019	18341	1.0	1.0	0.0	0
1020	18356	1.0	1.0	0.0	0
1021	18374	1.0	1.0	0.0	0
1022	18390	1.0	1.0	0.0	0
1023	18407	1.0	1.0	0.0	0
1024	18423	1.0	1.0	0.0	0
1025	18440	1.0	1.0	0.0	0
1026	18455	1.0	1.0	0.0	0
1027	18473	1.0	1.0	0.0	0
1028	18489	1.0	1.0	0.0	0
1029	18507	1.0	1.0	0.0	0
1030	18524	1.0	1.0	0.0	0
1031	18540	1.0	1.0	0.0	0
1032	18557	1.0	1.0	0.0	0
1033	18574	1.0	1.0	0.0	0
1034	18591	1.0	1.0	0.0	0
1035	18608	1.0	1.0	0.0	0
1036	18624	1.0	1.0	0.0	0
1037	18641	1.0	1.0	0.0	0
1038	18656	1.0	1.0	0.0	0
1039	18673	1.0	1.0	0.0	0
1040	18690	1.0	1.0	0.0	0
1041	18707	1.0	1.0	0.0	0
1042	18723	1.0	1.0	0.0	0
1043	18739	1.0	1.0	0.0	0
1044	18756	1.0	1.0	0.0	0
1045	18772	1.0	1.0	0.0	0
1046	18790	1.0	1.0	0.0	0
1047	18806	1.0	1.0	0.0	0
1048	18823	1.0	1.0	0.0	0
1049	18840	1.0	1.0	0.0	0
1050	18856	1.0	1.0	0.0	0
1051	18873	1.0	1.0	0.0	0
1052	18889	1.0	1.0	0.0	0
1053	18907	1.0	1.0	0.0	0
1054	18923	1.0	1.0	0.0	0
1055	18940	1.0	1.0	0.0	0
1056	18957	1.0	1.0	0.0	0
1057	18974	1.0	1.0	0.0	0
1058	18991	1.0	1.0	0.0	0
1059	19007	1.0	1.0	0.0	0
1060	19025	1.0	1.0	0.0	0
1061	19040	1.0	1.0	0.0	0
1062	19056	1.0	1.0	0.0	0
1063	19073	1.0	1.0	0.0	0
1064	19091	1.0	1.0	0.0	0
1065	19107	1.0	1.0	0.0	0
1066	19123	1.0	1.0	0.0	0
1067	19139	1.0	1.0	0.0	0
1068	19156	1.0	1.0	0.0	0
1069	19174	1.0	1.0	0.0	0
1070	19190	1.0	1.0	0.0	0
1071	19207	1.0	1.0	0.0	0
1072	19224	1.0	1.0	0.0	0
1073	19240	1.0	1.0	0.0	0
1074	19257	1.0	1.0	0.0	0
1075	19272	1.0	1.0	0.0	0
1076	19289	1.0	1.0	0.0	0
1077	19307	1.0	1.0	0.0	0
1078	19322	1.0	1.0	0.0	0
1079	19340	1.0	1.0	0.0	0
1080	19357	1.0	1.0	0.0	0
1081	19372	1.0	1.0	0.0	0
1082	19390	1.0	1.0	0.0	0
1083	19406	1.0	1.0	0.0	0
1084	19423	1.0	1.0	0.0	0
1085	19440	1.0	1.0	0.0	0
1086	19456	1.0	1.0	0.0	0
1087	19474	1.0	1.0	0.0	0
1088	19490	1.0	1.0	0.0	0
1089	19506	1.0	1.0	0.0	0
1090	19523	1.0	1.0	0.0	0
1091	19540	1.0	1.0	0.0	0
1092	19557	1.0	1.0	0.0	0
1093	19575	1.0	1.0	0.0	0
1094	19590	1.0	1.0	0.0	0
1095	19607	1.0	1.0	0.0	0
1096	19624	1.0	1.0	0.0	0
1097	19639	1.0	1.0	0.0	0
1098	19657	1.0	1.0	0.0	0
1099	19674	1.0	1.0	0.0	0
1100	19690	1.0	1.0	0.0	0
1101	19706	1.0	1.0	0.0	0
1102	19724	1.0	1.0	0.0	0
1103	19741	1.0	1.0	0.0	0
1104	19758	1.0	1.0	0.0	0
1105	19774	1.0	1.0	0.0	0
1106	19790	1.0	1.0	0.0	0
1107	19807	1.0	1.0	0.0	0
1108	19823	1.0	1.0	0.0	0
1109	19840	1.0	1.0	0.0	0
1110	19857	1.0	1.0	0.0	0
1111	19873	1.0	1.0	0.0	0
1112	19890	1.0	1.0	0.0	0
1113	19906	1.0	1.0	0.0	0
1114	19923	1.0	1.0	0.0	0
1115	19940	1.0	1.0	0.0	0
1116	19957	1.0	1.0	0.0	0
1117	19973	1.0	1.0	0.0	0
1118	19990	1.0	1.0	0.0	0
1119	20007	1.0	1.0	0.0	0
1120	20024	1.0	1.0	0.0	0
1121	20041	1.0	1.0	0.0	0
1122	20056	1.0	1.0	0.0	0
1123	20074	1.0	1.0	0.0	0
1124	20089	1.0	1.0	0.0	0
1125	20106	1.0	1.0	0.0	0
1126	20124	1.0	1.0	0.0	0
1127	20140	1.0	1.0	0.0	0
1128	20156	1.0	1.0	0.0	0
1129	20174	1.0	1.0	0.0	0
1130	20191	1.0	1.0	0.0	0
1131	20206	1.0	1.0	0.0	0
1132	20223	1.0	1.0	0.0	0
1133	20240	1.0	1.0	0.0	0
1134	20258	1.0	1.0	0.0	0
1135	20273	1.0	1.0	0.0	0
1136	20290	1.0	1.0	0.0	0
1137	20307	1.0	1.0	0.0	0
1138	20324	1.0	1.0	0.0	0
1139	20340	1.0	1.0	0.0	0
1140	20357	1.0	1.0	0.0	0
1141	20374	1.0	1.0	0.0	0
1142	20390	1.0	1.0	0.0	0
1143	20407	1.0	1.0	0.0	0
1144	20423	1.0	1.0	0.0	0
1145	20440	1.0	1.0	0.0	0
1146	20457	1.0	1.0	0.0	0
1147	20473	1.0	1.0	0.0	0
1148	20490	1.0	1.0	0.0	0
1149	20506	1.0	1.0	0.0	0
1150	20524	1.0	1.0	0.0	0
1151	20541	1.0	1.0	0.0	0
1152	20556	1.0	1.0	0.0	0
1153	20573	1.0	1.0	0.0	0
1154	20591	1.0	1.0	0.0	0
1155	20606	1.0	1.0	0.0	0
1156	20624	1.0	1.0	0.0	0
1157	20641	1.0	1.0	0.0	0
1158	20656	1.0	1.0	0.0	0
1159	20673	1.0	1.0	0.0	0
1160	20690	1.0	1.0	0.0	0
1161	20706	1.0	1.0	0.0	0
1162	20722	1.0	1.0	0.0	0
1163	20740	1.0	1.0	0.0	0
1164	20757	1.0	1.0	0.0	0
1165	20773	1.0	1.0	0.0	0
1166	20789	1.0	1.0	0.0	0
1167	20806	1.0	1.0	0.0	0
1168	20824	1.0	1.0	0.0	0
1169	20840	1.0	1.0	0.0	0
1170	20856	1.0	1.0	0.0	0
1171	20874	1.0	1.0	0.0	0
1172	20891	1.0	1.0	0.0	0
1173	20907	1.0	1.0	0.0	0
1174	20924	1.0	1.0	0.0	0
1175	20941	1.0	1.0	0.0	0
1176	20956	1.0	1.0	0.0	0
1177	20974	1.0	1.0	0.0	0
1178	20991	1.0	1.0	0.0	0
1179	21006	1.0	1.0	0.0	0
1180	21024	1.0	1.0	0.0	0
1181	21039	1.0	1.0	0.0	0
1182	21057	1.0	1.0	0.0	0
1183	21074	1.0	1.0	0.0	0
1184	21089	1.0	1.0	0.0	0
1185	21107	1.0	1.0	0.0	0
1186	21124	1.0	1.0	0.0	0
1187	21141	1.0	1.0	0.0	0
1188	21156	1.0	1.0	0.0	0
1189	21174	1.0	1.0	0.0	0
1190	21191	1.0	1.0	0.0	0
1191	21206	1.0	1.0	0.0	0
1192	21224	1.0	1.0	0.0	0
1193	21240	1.0	1.0	0.0	0
1194	21257	1.0	1.0	0.0	0
1195	21273	1.0	1.0	0.0	0
1196	21290	1.0	1.0	0.0	0
1197	21307	1.0	1.0	0.0	0
1198	21322	1.0	1.0	0.0	0
1199	21340	1.0	1.0	0.0	0
1200	21356	1.0	1.0	0.0	0
1201	21373	1.0	1.0	0.0	0
1202	21390	1.0	1.0	0.0	0
1203	21407	1.0	1.0	0.0	0
1204	21424	1.0	1.0	0.0	0
1205	21440	1.0	1.0	0.0	0
1206	21457	1.0	1.0	0.0	0
1207	21472	1.0	1.0	0.0	0
1208	21490	1.0	1.0	0.0	0
1209	21507	1.0	1.0	0.0	0
1210	21522	1.0	1.0	0.0	0
1211	21540	1.0	1.0	0.0	0
1212	21557	1.0	1.0	0.0	0
1213	21572	1.0	1.0	0.0	0
1214	21589	1.0	1.0	0.0	0
1215	21607	1.0	1.0	0.0	0
1216	21624	1.0	1.0	0.0	0
1217	21640	1.0	1.0	0.0	0
1218	21657	1.0	1.0	0.0	0
1219	21673	1.0	1.0	0.0	0
1220	21689	1.0	1.0	0.0	0
1221	21707	1.0	1.0	0.0	0
1222	21724	1.0	1.0	0.0	0
1223	21740	1.0	1.0	0.0	0
1224	21757	1.0	1.0	0.0	0
1225	21773	1.0	1.0	0.0	0
1226	21790	1.0	1.0	0.0	0
1227	21807	1.0	1.0	0.0	0
1228	21822	1.0	1.0	0.0	0
1229	21840	1.0	1.0	0.0	0
1230	21856	1.0	1.0	0.0	0
1231	21873	1.0	1.0	0.0	0
1232	21890	1.0	1.0	0.0	0
1233	21906	1.0	1.0	0.0	0
1234	21922	1.0	1.0	0.0	0
1235	21940	1.0	1.0	0.0	0
1236	21957	1.0	1.0	0.0	0
1237	21973	1.0	1.0	0.0	0
1238	21991	1.0	1.0	0.0	0
1239	22008	1.0	1.0	0.0	0
1240	22023	1.0	1.0	0.0	0
1241	22041	1.0	1.0	0.0	0
1242	22057	1.0	1.0	0.0	0
1243	22074	1.0	1.0	0.0	0
1244	22091	1.0	1.0	0.0	0
1245	22106	1.0	1.0	0.0	0
1246	22123	1.0	1.0	0.0	0
1247	22141	1.0	1.0	0.0	0
1248	22157	1.0	1.0	0.0	0
1249	22173	1.0	1.0	0.0	0
1250	22191	1.0	1.0	0.0	0
1251	22206	1.0	1.0	0.0	0
1252	22224	1.0	1.0	0.0	0
1253	22241	1.0	1.0	0.0	0
1254	22257	1.0	1.0	0.0	0
1255	22274	1.0	1.0	0.0	0
1256	22291	1.0	1.0	0.0	0
1257	22307	1.0	1.0	0.0	0
1258	22324	1.0	1.0	0.0	0
1259	22341	1.0	1.0	0.0	0
1260	22356	1.0	1.0	0.0	0
1261	22374	1.0	1.0	0.0	0
1262	22390	1.0	1.0	0.0	0
1263	22407	1.0	1.0	0.0	0
1264	22423	1.0	1.0	0.0	0
1265	22440	1.0	1.0	0.0	0
1266	22457	1.0	1.0	0.0	0
1267	22472	1.0	1.0	0.0	0
1268	22491	1.0	1.0	0.0	0
1269	22507	1.0	1.0	0.0	0
1270	22523	1.0	1.0	0.0	0
1271	22541	1.0	1.0	0.0	0
1272	22557	1.0	1.0	0.0	0
1273	22573	1.0	1.0	0.0	0
1274	22589	1.0	1.0	0.0	0
1275	22606	1.0	1.0	0.0	0
1276	22622	1.0	1.0	0.0	0
1277	22641	1.0	1.0	0.0	0
1278	22656	1.0	1.0	0.0	0
1279	22674	1.0	1.0	0.0	0
1280	22690	1.0	1.0	0.0	0
1281	22707	1.0	1.0	0.0	0
1282	22724	1.0	1.0	0.0	0
1283	22740	1.0	1.0	0.0	0
1284	22756	1.0	1.0	0.0	0
1285	22774	1.0	1.0	0.0	0
1286	22791	1.0	1.0	0.0	0
1287	22807	1.0	1.0	0.0	0
1288	22824	1.0	1.0	0.0	0
1289	22840	1.0	1.0	0.0	0
1290	22857	1.0	1.0	0.0	0
1291	22874	1.0	1.0	0.0	0
1292	22891	1.0	1.0	0.0	0
1293	22907	1.0	1.0	0.0	0
1294	22924	1.0	1.0	0.0	0
1295	22940	1.0	1.0	0.0	0
1296	22956	1.0	1.0	0.0	0
1297	22974	1.0	1.0	0.0	0
1298	22991	1.0	1.0	0.0	0
1299	23008	1.0	1.0	0.0	0
1300	23024	1.0	1.0	0.0	0
1301	23040	1.0	1.0	0.0	0
1302	23058	1.0	1.0	0.0	0
1303	23075	1.0	1.0	0.0	0
1304	23091	1.0	1.0	0.0	0
1305	23108	1.0	1.0	0.0	0
1306	23123	1.0	1.0	0.0	0
1307	23139	1.0	1.0	0.0	0
1308	23157	1.0	1.0	0.0	0
1309	23174	1.0	1.0	0.0	0
1310	23189	1.0	1.0	0.0	0
1311	23206	1.0	1.0	0.0	0
1312	23224	1.0	1.0	0.0	0
1313	23240	1.0	1.0	0.0	0
1314	23257	1.0	1.0	0.0	0
1315	23274	1.0	1.0	0.0	0
1316	23290	1.0	1.0	0.0	0
1317	23306	1.0	1.0	0.0	0
1318	23323	1.0	1.0	0.0	0
1319	23339	1.0	1.0	0.0	0
1320	23356	1.0	1.0	0.0	0
1321	23373	1.0	1.0	0.0	0
1322	23390	1.0	1.0	0.0	0
1323	23407	1.0	1.0	0.0	0
1324	23422	1.0	1.0	0.0	0
1325	23440	1.0	1.0	0.0	0
1326	23457	1.0	1.0	0.0	0
1327	23472	1.0	1.0	0.0	0
1328	23490	1.0	1.0	0.0	0
1329	23507	1.0	1.0	0.0	0
1330	23524	1.0	1.0	0.0	0
1331	23541	1.0	1.0	0.0	0
1332	23557	1.0	1.0	0.0	0
1333	23574	1.0	1.0	0.0	0
1334	23589	1.0	1.0	0.0	0
1335	23606	1.0	1.0	0.0	0
1336	23624	1.0	1.0	0.0	0
1337	23641	1.0	1.0	0.0	0
1338	23656	1.0	1.0	0.0	0
1339	23673	1.0	1.0	0.0	0
1340	23689	1.0	1.0	0.0	0
1341	23707	1.0	1.0	0.0	0
1342	23722	1.0	1.0	0.0	0
1343	23740	1.0	1.0	0.0	0
1344	23757	1.0	1.0	0.0	0
1345	23772	1.0	1.0	0.0	0
1346	23790	1.0	1.0	0.0	0
1347	23807	1.0	1.0	0.0	0
1348	23824	1.0	1.0	0.0	0
1349	23840	1.0	1.0	0.0	0
1350	23857	1.0	1.0	0.0	0
1351	23873	1.0	1.0	0.0	0
1352	23890	1.0	1.0	0.0	0
1353	23907	1.0	1.0	0.0	0
1354	23924	1.0	1.0	0.0	0
1355	23941	1.0	1.0	0.0	0
1356	23957	1.0	1.0	0.0	0
1357	23974	1.0	1.0	0.0	0
1358	23990	1.0	1.0	0.0	0
1359	24008	1.0	1.0	0.0	0
1360	24024	1.0	1.0	0.0	0
1361	24041	1.0	1.0	0.0	0
1362	24057	1.0	1.0	0.0	0
1363	24074	1.0	1.0	0.0	0
1364	24089	1.0	1.0	0.0	0
1365	24106	1.0	1.0	0.0	0
1366	24124	1.0	1.0	0.0	0
1367	24140	1.0	1.0	0.0	0
1368	24157	1.0	1.0	0.0	0
1369	24173	1.0	1.0	0.0	0
1370	24189	1.0	1.0	0.0	0
1371	24206	1.0	1.0	0.0	0
1372	24222	1.0	1.0	0.0	0
1373	24240	1.0	1.0	0.0	0
1374	24257	1.0	1.0	0.0	0
1375	24272	1.0	1.0	0.0	0
1376	24290	1.0	1.0	0.0	0
1377	24307	1.0	1.0	0.0	0
1378	24322	1.0	1.0	0.0	0
1379	24340	1.0	1.0	0.0	0
1380	24357	1.0	1.0	0.0	0
1381	24373	1.0	1.0	0.0	0
1382	24390	1.0	1.0	0.0	0
1383	24406	1.0	1.0	0.0	0
1384	24422	1.0	1.0	0.0	0
1385	24440	1.0	1.0	0.0	0
1386	24457	1.0	1.0	0.0	0
1387	24472	1.0	1.0	0.0	0
1388	24490	1.0	1.0	0.0	0
1389	24507	1.0	1.0	0.0	0
1390	24522	1.0	1.0	0.0	0
1391	24539	1.0	1.0	0.0	0
1392	24557	1.0	1.0	0.0	0
1393	24573	1.0	1.0	0.0	0
1394	24590	1.0	1.0	0.0	0
1395	24606	1.0	1.0	0.0	0
1396	24624	1.0	1.0	0.0	0
1397	24640	1.0	1.0	0.0	0
1398	24656	1.0	1.0	0.0	0
1399	24673	1.0	1.0	0.0	0
1400	24691	1.0	1.0	0.0	0
1401	24707	1.0	1.0	0.0	0
1402	24724	1.0	1.0	0.0	0
1403	24740	1.0	1.0	0.0	0
1404	24756	1.0	1.0	0.0	0
1405	24773	1.0	1.0	0.0	0
1406	24790	1.0	1.0	0.0	0
1407	24807	1.0	1.0	0.0	0
1408	24823	1.0	1.0	0.0	0
1409	24841	1.0	1.0	0.0	0
1410	24856	1.0	1.0	0.0	0
1411	24874	1.0	1.0	0.0	0
1412	24890	1.0	1.0	0.0	0
1413	24907	1.0	1.0	0.0	0
1414	24924	1.0	1.0	0.0	0
1415	24941	1.0	1.0	0.0	0
1416	24956	1.0	1.0	0.0	0
1417	24974	1.0	1.0	0.0	0
1418	24990	1.0	1.0	0.0	0
1419	25006	1.0	1.0	0.0	0
1420	25024	1.0	1.0	0.0	0
1421	25039	1.0	1.0	0.0	0
1422	25057	1.0	1.0	0.0	0
1423	25074	1.0	1.0	0.0	0
1424	25090	1.0	1.0	0.0	0
1425	25105	1.0	1.0	0.0	0
1426	25124	1.0	1.0	0.0	0
1427	25140	1.0	1.0	0.0	0
1428	25156	1.0	1.0	0.0	0
1429	25173	1.0	1.0	0.0	0
1430	25189	1.0	1.0	0.0	0
1431	25207	1.0	1.0	0.0	0
1432	25223	1.0	1.0	0.0	0
1433	25240	1.0	1.0	0.0	0
1434	25256	1.0	1.0	0.0	0
1435	25272	1.0	1.0	0.0	0
1436	25290	1.0	1.0	0.0	0
1437	25307	1.0	1.0	0.0	0
1438	25324	1.0	1.0	0.0	0
1439	25340	1.0	1.0	0.0	0
1440	25357	1.0	1.0	0.0	0
1441	25372	1.0	1.0	0.0	0
1442	25390	1.0	1.0	0.0	0
1443	25406	1.0	1.0	0.0	0
1444	25422	1.0	1.0	0.0	0
1445	25440	1.0	1.0	0.0	0
1446	25456	1.0	1.0	0.0	0
1447	25474	1.0	1.0	0.0	0
1448	25490	1.0	1.0	0.0	0
1449	25507	1.0	1.0	0.0	0
1450	25524	1.0	1.0	0.0	0
1451	25540	1.0	1.0	0.0	0
1452	25557	1.0	1.0	0.0	0
1453	25572	1.0	1.0	0.0	0
1454	25591	1.0	1.0	0.0	0
1455	25608	1.0	1.0	0.0	0
1456	25623	1.0	1.0	0.0	0
1457	25641	1.0	1.0	0.0	0
1458	25656	1.0	1.0	0.0	0
1459	25674	1.0	1.0	0.0	0
1460	25691	1.0	1.0	0.0	0
1461	25707	1.0	1.0	0.0	0
1462	25724	1.0	1.0	0.0	0
1463	25741	1.0	1.0	0.0	0
1464	25757	1.0	1.0	0.0	0
1465	25773	1.0	1.0	0.0	0
1466	25791	1.0	1.0	0.0	0
1467	25807	1.0	1.0	0.0	0
1468	25822	1.0	1.0	0.0	0
1469	25840	1.0	1.0	0.0	0
1470	25857	1.0	1.0	0.0	0
1471	25874	1.0	1.0	0.0	0
1472	25890	1.0	1.0	0.0	0
1473	25907	1.0	1.0	0.0	0
1474	25924	1.0	1.0	0.0	0
1475	25940	1.0	1.0	0.0	0
1476	25957	1.0	1.0	0.0	0
1477	25972	1.0	1.0	0.0	0
1478	25990	1.0	1.0	0.0	0
1479	26007	1.0	1.0	0.0	0
1480	26024	1.0	1.0	0.0	0
1481	26041	1.0	1.0	0.0	0
1482	26057	1.0	1.0	0.0	0
1483	26074	1.0	1.0	0.0	0
1484	26090	1.0	1.0	0.0	0
1485	26107	1.0	1.0	0.0	0
1486	26124	1.0	1.0	0.0	0
1487	26141	1.0	1.0	0.0	0
1488	26158	1.0	1.0	0.0	0
1489	26173	1.0	1.0	0.0	0
1490	26189	1.0	1.0	0.0	0
1491	26207	1.0	1.0	0.0	0
1492	26224	1.0	1.0	0.0	0
1493	26239	1.0	1.0	0.0	0
1494	26257	1.0	1.0	0.0	0
1495	26274	1.0	1.0	0.0	0
1496	26290	1.0	1.0	0.0	0
1497	26307	1.0	1.0	0.0	0
1498	26324	1.0	1.0	0.0	0
1499	26339	1.0	1.0	0.0	0
1500	26358	1.0	1.0	0.0	0
1501	26373	1.0	1.0	0.0	0
1502	26390	1.0	1.0	0.0	0
1503	26407	1.0	1.0	0.0	0
1504	26423	1.0	1.0	0.0	0
1505	26440	1.0	1.0	0.0	0
1506	26457	1.0	1.0	0.0	0
1507	26474	1.0	1.0	0.0	0
1508	26490	1.0	1.0	0.0	0
1509	26508	1.0	1.0	0.0	0
1510	26524	1.0	1.0	0.0	0
1511	26540	1.0	1.0	0.0	0
1512	26556	1.0	1.0	0.0	0
1513	26573	1.0	1.0	0.0	0
1514	26590	1.0	1.0	0.0	0
1515	26608	1.0	1.0	0.0	0
1516	26624	1.0	1.0	0.0	0
1517	26641	1.0	1.0	0.0	0
1518	26657	1.0	1.0	0.0	0
1519	26674	1.0	1.0	0.0	0
1520	26691	1.0	1.0	0.0	0
1521	26707	1.0	1.0	0.0	0
1522	26723	1.0	1.0	0.0	0
1523	26740	1.0	1.0	0.0	0
1524	26758	1.0	1.0	0.0	0
1525	26773	1.0	1.0	0.0	0
1526	26791	1.0	1.0	0.0	0
1527	26807	1.0	1.0	0.0	0
1528	26823	1.0	1.0	0.0	0
1529	26839	1.0	1.0	0.0	0
1530	26857	1.0	1.0	0.0	0
1531	26873	1.0	1.0	0.0	0
1532	26891	1.0	1.0	0.0	0
1533	26906	1.0	1.0	0.0	0
1534	26923	1.0	1.0	0.0	0
1535	26940	1.0	1.0	0.0	0
1536	26956	1.0	1.0	0.0	0
1537	26974	1.0	1.0	0.0	0
1538	26990	1.0	1.0	0.0	0
1539	27007	1.0	1.0	0.0	0
1540	27023	1.0	1.0	0.0	0
1541	27039	1.0	1.0	0.0	0
1542	27056	1.0	1.0	0.0	0
1543	27074	1.0	1.0	0.0	0
1544	27090	1.0	1.0	0.0	0
1545	27108	1.0	1.0	0.0	0
1546	27123	1.0	1.0	0.0	0
1547	27140	1.0	1.0	0.0	0
1548	27157	1.0	1.0	0.0	0
1549	27174	1.0	1.0	0.0	0
1550	27190	1.0	1.0	0.0	0
1551	27206	1.0	1.0	0.0	0
1552	27224	1.0	1.0	0.0	0
1553	27241	1.0	1.0	0.0	0
1554	27256	1.0	1.0	0.0	0
1555	27274	1.0	1.0	0.0	0
1556	27289	1.0	1.0	0.0	0
1557	27306	1.0	1.0	0.0	0
1558	27322	1.0	1.0	0.0	0
1559	27339	1.0	1.0	0.0	0
1560	27356	1.0	1.0	0.0	0
1561	27373	1.0	1.0	0.0	0
1562	27389	1.0	1.0	0.0	0
1563	27407	1.0	1.0	0.0	0
1564	27423	1.0	1.0	0.0	0
1565	27440	1.0	1.0	0.0	0
1566	27457	1.0	1.0	0.0	0
1567	27473	1.0	1.0	0.0	0
1568	27490	1.0	1.0	0.0	0
1569	27507	1.0	1.0	0.0	0
1570	27523	1.0	1.0	0.0	0
1571	27539	1.0	1.0	0.0	0
1572	27556	1.0	1.0	0.0	0
1573	27572	1.0	1.0	0.0	0
1574	27590	1.0	1.0	0.0	0
1575	27607	1.0	1.0	0.0	0
1576	27624	1.0	1.0	0.0	0
1577	27639	1.0	1.0	0.0	0
1578	27656	1.0	1.0	0.0	0
1579	27674	1.0	1.0	0.0	0
1580	27690	1.0	1.0	0.0	0
1581	27706	1.0	1.0	0.0	0
1582	27723	1.0	1.0	0.0	0
1583	27741	1.0	1.0	0.0	0
1584	27758	1.0	1.0	0.0	0
1585	27773	1.0	1.0	0.0	0
1586	27790	1.0	1.0	0.0	0
1587	27806	1.0	1.0	0.0	0
1588	27825	1.0	1.0	0.0	0
1589	27841	1.0	1.0	0.0	0
1590	27857	1.0	1.0	0.0	0
1591	27873	1.0	1.0	0.0	0
1592	27891	1.0	1.0	0.0	0
1593	27908	1.0	1.0	0.0	0
1594	27925	1.0	1.0	0.0	0
1595	27940	1.0	1.0	0.0	0
1596	27956	1.0	1.0	0.0	0
1597	27973	1.0	1.0	0.0	0
1598	27990	1.0	1.0	0.0	0
1599	28008	1.0	1.0	0.0	0
1600	28022	1.0	1.0	0.0	0
1601	28041	1.0	1.0	0.0	0
1602	28057	1.0	1.0	0.0	0
1603	28073	1.0	1.0	0.0	0
1604	28090	1.0	1.0	0.0	0
1605	28106	1.0	1.0	0.0	0
1606	28122	1.0	1.0	0.0	0
1607	28140	1.0	1.0	0.0	0
1608	28157	1.0	1.0	0.0	0
1609	28173	1.0	1.0	0.0	0
1610	28190	1.0	1.0	0.0	0
1611	28207	1.0	1.0	0.0	0
1612	28224	1.0	1.0	0.0	0
1613	28241	1.0	1.0	0.0	0
1614	28258	1.0	1.0	0.0	0
1615	28274	1.0	1.0	0.0	0
1616	28291	1.0	1.0	0.0	0
1617	28306	1.0	1.0	0.0	0
1618	28324	1.0	1.0	0.0	0
1619	28339	1.0	1.0	0.0	0
1620	28358	1.0	1.0	0.0	0
1621	28374	1.0	1.0	0.0	0
1622	28389	1.0	1.0	0.0	0
1623	28407	1.0	1.0	0.0	0
1624	28423	1.0	1.0	0.0	0
1625	28439	1.0	1.0	0.0	0
1626	28455	1.0	1.0	0.0	0
1627	28473	1.0	1.0	0.0	0
1628	28490	1.0	1.0	0.0	0
1629	28506	1.0	1.0	0.0	0
1630	28524	1.0	1.0	0.0	0
1631	28541	1.0	1.0	0.0	0
1632	28558	1.0	1.0	0.0	0
1633	28574	1.0	1.0	0.0	0
1634	28590	1.0	1.0	0.0	0
1635	28606	1.0	1.0	0.0	0
1636	28623	1.0	1.0	0.0	0
1637	28639	1.0	1.0	0.0	0
1638	28657	1.0	1.0	0.0	0
1639	28673	1.0	1.0	0.0	0
1640	28690	1.0	1.0	0.0	0
1641	28706	1.0	1.0	0.0	0
1642	28722	1.0	1.0	0.0	0
1643	28740	1.0	1.0	0.0	0
1644	28756	1.0	1.0	0.0	0
1645	28772	1.0	1.0	0.0	0
1646	28790	1.0	1.0	0.0	0
1647	28807	1.0	1.0	0.0	0
1648	28824	1.0	1.0	0.0	0
1649	28840	1.0	1.0	0.0	0
1650	28857	1.0	1.0	0.0	0
1651	28873	1.0	1.0	0.0	0
1652	28891	1.0	1.0	0.0	0
1653	28907	1.0	1.0	0.0	0
1654	28922	1.0	1.0	0.0	0
1655	28941	1.0	1.0	0.0	0
1656	28957	1.0	1.0	0.0	0
1657	28973	1.0	1.0	0.0	0
1658	28990	1.0	1.0	0.0	0
1659	29007	1.0	1.0	0.0	0
1660	29025	1.0	1.0	0.0	0
1661	29040	1.0	1.0	0.0	0
1662	29056	1.0	1.0	0.0	0
1663	29073	1.0	1.0	0.0	0
1664	29090	1.0	1.0	0.0	0
1665	29108	1.0	1.0	0.0	0
1666	29124	1.0	1.0	0.0	0
1667	29140	1.0	1.0	0.0	0
1668	29156	1.0	1.0	0.0	0
1669	29174	1.0	1.0	0.0	0
1670	29191	1.0	1.0	0.0	0
1671	29208	1.0	1.0	0.0	0
1672	29224	1.0	1.0	0.0	0
1673	29240	1.0	1.0	0.0	0
1674	29257	1.0	1.0	0.0	0
1675	29273	1.0	1.0	0.0	0
1676	29291	1.0	1.0	0.0	0
1677	29308	1.0	1.0	0.0	0
1678	29323	1.0	1.0	0.0	0
1679	29340	1.0	1.0	0.0	0
1680	29357	1.0	1.0	0.0	0
1681	29373	1.0	1.0	0.0	0
1682	29389	1.0	1.0	0.0	0
1683	29407	1.0	1.0	0.0	0
1684	29424	1.0	1.0	0.0	0
1685	29439	1.0	1.0	0.0	0
1686	29458	1.0	1.0	0.0	0
1687	29474	1.0	1.0	0.0	0
1688	29491	1.0	1.0	0.0	0
1689	29507	1.0	1.0	0.0	0
1690	29524	1.0	1.0	0.0	0
1691	29541	1.0	1.0	0.0	0
1692	29556	1.0	1.0	0.0	0
1693	29574	1.0	1.0	0.0	0
1694	29591	1.0	1.0	0.0	0
1695	29606	1.0	1.0	0.0	0
1696	29624	1.0	1.0	0.0	0
1697	29639	1.0	1.0	0.0	0
1698	29657	1.0	1.0	0.0	0
1699	29674	1.0	1.0	0.0	0
1700	29691	1.0	1.0	0.0	0
1701	29707	1.0	1.0	0.0	0
1702	29724	1.0	1.0	0.0	0
1703	29740	1.0	1.0	0.0	0
1704	29757	1.0	1.0	0.0	0
1705	29774	1.0	1.0	0.0	0
1706	29791	1.0	1.0	0.0	0
1707	29808	1.0	1.0	0.0	0
1708	29824	1.0	1.0	0.0	0
1709	29840	1.0	1.0	0.0	0
1710	29857	1.0	1.0	0.0	0
1711	29874	1.0	1.0	0.0	0
1712	29892	1.0	1.0	0.0	0
1713	29906	1.0	1.0	0.0	0
1714	29923	1.0	1.0	0.0	0
1715	29941	1.0	1.0	0.0	0
1716	29958	1.0	1.0	0.0	0
1717	29975	1.0	1.0	0.0	0
1718	29991	1.0	1.0	0.0	0
1719	30008	1.0	1.0	0.0	0
1720	30025	1.0	1.0	0.0	0
1721	30041	1.0	1.0	0.0	0
1722	30056	1.0	1.0	0.0	0
1723	30074	1.0	1.0	0.0	0
1724	30091	1.0	1.0	0.0	0
1725	30107	1.0	1.0	0.0	0
1726	30125	1.0	1.0	0.0	0
1727	30140	1.0	1.0	0.0	0
1728	30158	1.0	1.0	0.0	0
1729	30173	1.0	1.0	0.0	0
1730	30191	1.0	1.0	0.0	0
1731	30206	1.0	1.0	0.0	0
1732	30224	1.0	1.0	0.0	0
1733	30241	1.0	1.0	0.0	0
1734	30258	1.0	1.0	0.0	0
1735	30273	1.0	1.0	0.0	0
1736	30290	1.0	1.0	0.0	0
1737	30306	1.0	1.0	0.0	0
1738	30323	1.0	1.0	0.0	0
1739	30340	1.0	1.0	0.0	0
1740	30356	1.0	1.0	0.0	0
1741	30374	1.0	1.0	0.0	0
1742	30391	1.0	1.0	0.0	0
1743	30407	1.0	1.0	0.0	0
1744	30425	1.0	1.0	0.0	0
1745	30440	1.0	1.0	0.0	0
1746	30456	1.0	1.0	0.0	0
1747	30474	1.0	1.0	0.0	0
1748	30491	1.0	1.0	0.0	0
1749	30508	1.0	1.0	0.0	0
1750	30523	1.0	1.0	0.0	0
1751	30540	1.0	1.0	0.0	0
1752	30556	1.0	1.0	0.0	0
1753	30573	1.0	1.0	0.0	0
1754	30591	1.0	1.0	0.0	0
1755	30608	1.0	1.0	0.0	0
1756	30624	1.0	1.0	0.0	0
1757	30641	1.0	1.0	0.0	0
1758	30658	1.0	1.0	0.0	0
1759	30674	1.0	1.0	0.0	0
1760	30690	1.0	1.0	0.0	0
1761	30708	1.0	1.0	0.0	0
1762	30723	1.0	1.0	0.0	0
1763	30740	1.0	1.0	0.0	0
1764	30757	1.0	1.0	0.0	0
1765	30773	1.0	1.0	0.0	0
1766	30790	1.0	1.0	0.0	0
1767	30808	1.0	1.0	0.0	0
1768	30822	1.0	1.0	0.0	0
1769	30840	1.0	1.0	0.0	0
1770	30856	1.0	1.0	0.0	0
1771	30873	1.0	1.0	0.0	0
1772	30891	1.0	1.0	0.0	0
1773	30907	1.0	1.0	0.0	0
1774	30923	1.0	1.0	0.0	0
1775	30940	1.0	1.0	0.0	0
1776	30958	1.0	1.0	0.0	0
1777	30975	1.0	1.0	0.0	0
1778	30991	1.0	1.0	0.0	0
1779	31007	1.0	1.0	0.0	0
1780	31024	1.0	1.0	0.0	0
1781	31040	1.0	1.0	0.0	0
1782	31057	1.0	1.0	0.0	0
1783	31074	1.0	1.0	0.0	0
1784	31091	1.0	1.0	0.0	0
1785	31106	1.0	1.0	0.0	0
1786	31124	1.0	1.0	0.0	0
1787	31139	1.0	1.0	0.0	0
1788	31158	1.0	1.0	0.0	0
1789	31174	1.0	1.0	0.0	0
1790	31190	1.0	1.0	0.0	0
1791	31207	1.0	1.0	0.0	0
1792	31224	1.0	1.0	0.0	0
1793	31241	1.0	1.0	0.0	0
1794	31256	1.0	1.0	0.0	0
1795	31273	1.0	1.0	0.0	0
1796	31290	1.0	1.0	0.0	0
1797	31306	1.0	1.0	0.0	0
1798	31323	1.0	1.0	0.0	0
1799	31339	1.0	1.0	0.0	0
1800	31358	1.0	1.0	0.0	0
1801	31372	1.0	1.0	0.0	0
1802	31390	1.0	1.0	0.0	0
1803	31407	1.0	1.0	0.0	0
1804	31423	1.0	1.0	0.0	0
1805	31440	1.0	1.0	0.0	0
1806	31456	1.0	1.0	0.0	0
1807	31472	1.0	1.0	0.0	0
1808	31489	1.0	1.0	0.0	0
1809	31507	1.0	1.0	0.0	0
1810	31523	1.0	1.0	0.0	0
1811	31540	1.0	1.0	0.0	0
1812	31558	1.0	1.0	0.0	0
1813	31573	1.0	1.0	0.0	0
1814	31591	1.0	1.0	0.0	0
1815	31607	1.0	1.0	0.0	0
1816	31623	1.0	1.0	0.0	0
1817	31641	1.0	1.0	0.0	0
1818	31657	1.0	1.0	0.0	0
1819	31673	1.0	1.0	0.0	0
1820	31691	1.0	1.0	0.0	0
1821	31707	1.0	1.0	0.0	0
1822	31723	1.0	1.0	0.0	0
1823	31739	1.0	1.0	0.0	0
1824	31756	1.0	1.0	0.0	0
1825	31774	1.0	1.0	0.0	0
1826	31791	1.0	1.0	0.0	0
1827	31806	1.0	1.0	0.0	0
1828	31822	1.0	1.0	0.0	0
1829	31841	1.0	1.0	0.0	0
1830	31856	1.0	1.0	0.0	0
1831	31874	1.0	1.0	0.0	0
1832	31891	1.0	1.0	0.0	0
1833	31907	1.0	1.0	0.0	0
1834	31924	1.0	1.0	0.0	0
1835	31940	1.0	1.0	0.0	0
1836	31956	1.0	1.0	0.0	0
1837	31973	1.0	1.0	0.0	0
1838	31990	1.0	1.0	0.0	0
1839	32007	1.0	1.0	0.0	0
1840	32023	1.0	1.0	0.0	0
1841	32039	1.0	1.0	0.0	0
1842	32056	1.0	1.0	0.0	0
1843	32073	1.0	1.0	0.0	0
1844	32091	1.0	1.0	0.0	0
1845	32106	1.0	1.0	0.0	0
1846	32124	1.0	1.0	0.0	0
1847	32141	1.0	1.0	0.0	0
1848	32158	1.0	1.0	0.0	0
1849	32173	1.0	1.0	0.0	0
1850	32191	1.0	1.0	0.0	0
1851	32206	1.0	1.0	0.0	0
1852	32224	1.0	1.0	0.0	0
1853	32240	1.0	1.0	0.0	0
1854	32256	1.0	1.0	0.0	0
1855	32274	1.0	1.0	0.0	0
1856	32291	1.0	1.0	0.0	0
1857	32307	1.0	1.0	0.0	0
1858	32324	1.0	1.0	0.0	0
1859	32340	1.0	1.0	0.0	0
1860	32357	1.0	1.0	0.0	0
1861	32373	1.0	1.0	0.0	0
1862	32391	1.0	1.0	0.0	0
1863	32407	1.0	1.0	0.0	0
1864	32424	1.0	1.0	0.0	0
1865	32439	1.0	1.0	0.0	0
1866	32456	1.0	1.0	0.0	0
1867	32474	1.0	1.0	0.0	0
1868	32490	1.0	1.0	0.0	0
1869	32506	1.0	1.0	0.0	0
1870	32524	1.0	1.0	0.0	0
1871	32541	1.0	1.0	0.0	0
1872	32556	1.0	1.0	0.0	0
1873	32574	1.0	1.0	0.0	0
1874	32591	1.0	1.0	0.0	0
1875	32607	1.0	1.0	0.0	0
1876	32622	1.0	1.0	0.0	0
1877	32641	1.0	1.0	0.0	0
1878	32656	1.0	1.0	0.0	0
1879	32673	1.0	1.0	0.0	0
1880	32689	1.0	1.0	0.0	0
1881	32706	1.0	1.0	0.0	0
1882	32723	1.0	1.0	0.0	0
1883	32740	1.0	1.0	0.0	0
1884	32757	1.0	1.0	0.0	0
1885	32774	1.0	1.0	0.0	0
1886	32791	1.0	1.0	0.0	0
1887	32807	1.0	1.0	0.0	0
1888	32823	1.0	1.0	0.0	0
1889	32841	1.0	1.0	0.0	0
1890	32858	1.0	1.0	0.0	0
1891	32874	1.0	1.0	0.0	0
1892	32891	1.0	1.0	0.0	0
1893	32906	1.0	1.0	0.0	0
1894	32924	1.0	1.0	0.0	0
1895	32940	1.0	1.0	0.0	0
1896	32957	1.0	1.0	0.0	0
1897	32974	1.0	1.0	0.0	0
1898	32990	1.0	1.0	0.0	0
1899	33007	1.0	1.0	0.0	0
1900	33024	1.0	1.0	0.0	0
1901	33041	1.0	1.0	0.0	0
1902	33056	1.0	1.0	0.0	0
1903	33074	1.0	1.0	0.0	0
1904	33091	1.0	1.0	0.0	0
1905	33107	1.0	1.0	0.0	0
1906	33123	1.0	1.0	0.0	0
1907	33140	1.0	1.0	0.0	0
1908	33158	1.0	1.0	0.0	0
1909	33174	1.0	1.0	0.0	0
1910	33191	1.0	1.0	0.0	0
1911	33206	1.0	1.0	0.0	0
1912	33224	1.0	1.0	0.0	0
1913	33240	1.0	1.0	0.0	0
1914	33256	1.0	1.0	0.0	0
1915	33273	1.0	1.0	0.0	0
1916	33290	1.0	1.0	0.0	0
1917	33307	1.0	1.0	0.0	0
1918	33323	1.0	1.0	0.0	0
1919	33340	1.0	1.0	0.0	0
1920	33356	1.0	1.0	0.0	0
1921	33373	1.0	1.0	0.0	0
1922	33389	1.0	1.0	0.0	0
1923	33406	1.0	1.0	0.0	0
1924	33424	1.0	1.0	0.0	0
1925	33441	1.0	1.0	0.0	0
1926	33457	1.0	1.0	0.0	0
1927	33474	1.0	1.0	0.0	0
1928	33491	1.0	1.0	0.0	0
1929	33507	1.0	1.0	0.0	0
1930	33524	1.0	1.0	0.0	0
1931	33539	1.0	1.0	0.0	0
1932	33557	1.0	1.0	0.0	0
1933	33574	1.0	1.0	0.0	0
1934	33590	1.0	1.0	0.0	0
1935	33607	1.0	1.0	0.0	0
1936	33623	1.0	1.0	0.0	0
1937	33640	1.0	1.0	0.0	0
1938	33657	1.0	1.0	0.0	0
1939	33674	1.0	1.0	0.0	0
1940	33691	1.0	1.0	0.0	0
1941	33708	1.0	1.0	0.0	0
1942	33723	1.0	1.0	0.0	0
1943	33741	1.0	1.0	0.0	0
1944	33757	1.0	1.0	0.0	0
1945	33774	1.0	1.0	0.0	0
1946	33790	1.0	1.0	0.0	0
1947	33806	1.0	1.0	0.0	0
1948	33823	1.0	1.0	0.0	0
1949	33839	1.0	1.0	0.0	0
1950	33857	1.0	1.0	0.0	0
1951	33874	1.0	1.0	0.0	0
1952	33891	1.0	1.0	0.0	0
1953	33906	1.0	1.0	0.0	0
