1	1349	1.0	1.0	0.0	0
2	1370	1.0	1.0	0.0	0
3	1386	1.0	1.0	0.0	0
4	1403	1.0	1.0	0.0	0
5	1421	1.0	1.0	0.0	0
6	1438	1.0	1.0	0.0	0
7	1454	1.0	1.0	0.0	0
8	1471	1.0	1.0	0.0	0
9	1487	1.0	1.0	0.0	0
10	1504	1.0	1.0	0.0	0
11	1521	1.0	1.0	0.0	0
12	1538	1.0	1.0	0.0	0
13	1553	1.0	1.0	0.0	0
14	1570	1.0	1.0	0.0	0
15	1587	1.0	1.0	0.0	0
16	1604	1.0	1.0	0.0	0
17	1620	1.0	1.0	0.0	0
18	1637	1.0	1.0	0.0	0
19	1653	1.0	1.0	0.0	0
20	1671	1.0	1.0	0.0	0
21	1688	1.0	1.0	0.0	0
22	1704	1.0	1.0	0.0	0
23	1720	1.0	1.0	0.0	0
24	1737	1.0	1.0	0.0	0
25	1754	1.0	1.0	0.0	0
26	1770	1.0	1.0	0.0	0
27	1787	1.0	1.0	0.0	0
28	1804	1.0	1.0	0.0	0
29	1820	1.0	1.0	0.0	0
30	1837	1.0	1.0	0.0	0
31	1854	1.0	1.0	0.0	0
32	1871	1.0	1.0	0.0	0
33	1887	1.0	1.0	0.0	0
34	1903	1.0	1.0	0.0	0
35	1921	1.0	1.0	0.0	0
36	1938	1.0	1.0	0.0	0
37	1954	1.0	1.0	0.0	0
38	1971	1.0	1.0	0.0	0
39	1988	1.0	1.0	0.0	0
40	2004	1.0	1.0	0.0	0
41	2022	1.0	1.0	0.0	0
42	2037	1.0	1.0	0.0	0
43	2054	1.0	1.0	0.0	0
44	2070	1.0	1.0	0.0	0
45	2087	1.0	1.0	0.0	0
46	2104	1.0	1.0	0.0	0
47	2121	1.0	1.0	0.0	0
48	2137	1.0	1.0	0.0	0
49	2154	1.0	1.0	0.0	0
50	2171	1.0	1.0	0.0	0
51	2187	1.0	1.0	0.0	0
52	2204	1.0	1.0	0.0	0
53	2222	1.0	1.0	0.0	0
54	2237	1.0	1.0	0.0	0
55	2254	1.0	1.0	0.0	0
56	2271	1.0	1.0	0.0	0
57	2287	1.0	1.0	0.0	0
58	2304	1.0	1.0	0.0	0
59	2320	1.0	1.0	0.0	0
60	2337	1.0	1.0	0.0	0
61	2355	1.0	1.0	0.0	0
62	2372	1.0	1.0	0.0	0
63	2389	1.0	1.0	0.0	0
64	2404	1.0	1.0	0.0	0
65	2422	1.0	1.0	0.0	0
66	2438	1.0	1.0	0.0	0
67	2455	1.0	1.0	0.0	0
68	2472	1.0	1.0	0.0	0
69	2487	1.0	1.0	0.0	0
70	2504	1.0	1.0	0.0	0
71	2521	1.0	1.0	0.0	0
72	2539	1.0	1.0	0.0	0
73	2555	1.0	1.0	0.0	0
74	2571	1.0	1.0	0.0	0
75	2587	1.0	1.0	0.0	0
76	2605	1.0	1.0	0.0	0
77	2621	1.0	1.0	0.0	0
78	2637	1.0	1.0	0.0	0
79	2654	1.0	1.0	0.0	0
80	2671	1.0	1.0	0.0	0
81	2687	1.0	1.0	0.0	0
82	2704	1.0	1.0	0.0	0
83	2721	1.0	1.0	0.0	0
84	2737	1.0	1.0	0.0	0
85	2755	1.0	1.0	0.0	0
86	2771	1.0	1.0	0.0	0
87	2788	1.0	1.0	0.0	0
88	2804	1.0	1.0	0.0	0
89	2820	1.0	1.0	0.0	0
90	2837	1.0	1.0	0.0	0
91	2855	1.0	1.0	0.0	0
92	2871	1.0	1.0	0.0	0
93	2888	1.0	1.0	0.0	0
94	2904	1.0	1.0	0.0	0
95	2921	1.0	1.0	0.0	0
96	2937	1.0	1.0	0.0	0
97	2953	1.0	1.0	0.0	0
98	2971	1.0	1.0	0.0	0
99	2987	1.0	1.0	0.0	0
100	3004	1.0	1.0	0.0	0
101	3020	1.0	1.0	0.0	0
102	3037	1.0	1.0	0.0	0
103	3055	1.0	1.0	0.0	0
104	3070	1.0	1.0	0.0	0
105	3087	1.0	1.0	0.0	0
106	3103	1.0	1.0	0.0	0
107	3120	1.0	1.0	0.0	0
108	3138	1.0	1.0	0.0	0
109	3154	1.0	1.0	0.0	0
110	3171	1.0	1.0	0.0	0
111	3187	1.0	1.0	0.0	0
112	3203	1.0	1.0	0.0	0
113	3220	1.0	1.0	0.0	0
114	3237	1.0	1.0	0.0	0
115	3255	1.0	1.0	0.0	0
116	3270	1.0	1.0	0.0	0
117	3287	1.0	1.0	0.0	0
118	3304	1.0	1.0	0.0	0
119	3321	1.0	1.0	0.0	0
120	3337	1.0	1.0	0.0	0
121	3354	1.0	1.0	0.0	0
122	3372	1.0	1.0	0.0	0
123	3388	1.0	1.0	0.0	0
124	3403	1.0	1.0	0.0	0
125	3420	1.0	1.0	0.0	0
126	3438	1.0	1.0	0.0	0
127	3455	1.0	1.0	0.0	0
128	3471	1.0	1.0	0.0	0
129	3488	1.0	1.0	0.0	0
130	3506	1.0	1.0	0.0	0
131	3521	1.0	1.0	0.0	0
132	3538	1.0	1.0	0.0	0
133	3554	1.0	1.0	0.0	0
134	3571	1.0	1.0	0.0	0
135	3587	1.0	1.0	0.0	0
136	3605	1.0	1.0	0.0	0
137	3620	1.0	1.0	0.0	0
138	3638	1.0	1.0	0.0	0
139	3655	1.0	1.0	0.0	0
140	3671	1.0	1.0	0.0	0
141	3688	1.0	1.0	0.0	0
142	3704	1.0	1.0	0.0	0
143	3720	1.0	1.0	0.0	0
144	3737	1.0	1.0	0.0	0
145	3754	1.0	1.0	0.0	0
146	3770	1.0	1.0	0.0	0
147	3788	1.0	1.0	0.0	0
148	3804	1.0	1.0	0.0	0
149	3821	1.0	1.0	0.0	0
150	3837	1.0	1.0	0.0	0
151	3854	1.0	1.0	0.0	0
152	3870	1.0	1.0	0.0	0
153	3887	1.0	1.0	0.0	0
154	3904	1.0	1.0	0.0	0
155	3921	1.0	1.0	0.0	0
156	3937	1.0	1.0	0.0	0
157	3955	1.0	1.0	0.0	0
158	3971	1.0	1.0	0.0	0
159	3986	1.0	1.0	0.0	0
160	4004	1.0	1.0	0.0	0
161	4020	1.0	1.0	0.0	0
162	4038	1.0	1.0	0.0	0
163	4055	1.0	1.0	0.0	0
164	4070	1.0	1.0	0.0	0
165	4088	1.0	1.0	0.0	0
166	4105	1.0	1.0	0.0	0
167	4121	1.0	1.0	0.0	0
168	4138	1.0	1.0	0.0	0
169	4155	1.0	1.0	0.0	0
170	4171	1.0	1.0	0.0	0
171	4188	1.0	1.0	0.0	0
172	4205	1.0	1.0	0.0	0
173	4221	1.0	1.0	0.0	0
174	4236	1.0	1.0	0.0	0
175	4254	1.0	1.0	0.0	0
176	4272	1.0	1.0	0.0	0
177	4287	1.0	1.0	0.0	0
178	4304	1.0	1.0	0.0	0
179	4320	1.0	1.0	0.0	0
180	4337	1.0	1.0	0.0	0
181	4354	1.0	1.0	0.0	0
182	4371	1.0	1.0	0.0	0
183	4387	1.0	1.0	0.0	0
184	4404	1.0	1.0	0.0	0
185	4421	1.0	1.0	0.0	0
186	4438	1.0	1.0	0.0	0
187	4455	1.0	1.0	0.0	0
188	4471	1.0	1.0	0.0	0
189	4488	1.0	1.0	0.0	0
190	4505	1.0	1.0	0.0	0
191	4521	1.0	1.0	0.0	0
192	4538	1.0	1.0	0.0	0
193	4554	1.0	1.0	0.0	0
194	4570	1.0	1.0	0.0	0
195	4588	1.0	1.0	0.0	0
196	4605	1.0	1.0	0.0	0
197	4621	1.0	1.0	0.0	0
198	4637	1.0	1.0	0.0	0
199	4653	1.0	1.0	0.0	0
200	4670	1.0	1.0	0.0	0
201	4688	1.0	1.0	0.0	0
202	4704	1.0	1.0	0.0	0
203	4721	1.0	1.0	0.0	0
204	4738	1.0	1.0	0.0	0
205	4754	1.0	1.0	0.0	0
206	4770	1.0	1.0	0.0	0
207	4788	1.0	1.0	0.0	0
208	4804	1.0	1.0	0.0	0
209	4820	1.0	1.0	0.0	0
210	4837	1.0	1.0	0.0	0
211	4854	1.0	1.0	0.0	0
212	4870	1.0	1.0	0.0	0
213	4888	1.0	1.0	0.0	0
214	4903	1.0	1.0	0.0	0
215	4920	1.0	1.0	0.0	0
216	4937	1.0	1.0	0.0	0
217	4954	1.0	1.0	0.0	0
218	4971	1.0	1.0	0.0	0
219	4987	1.0	1.0	0.0	0
220	5004	1.0	1.0	0.0	0
221	5021	1.0	1.0	0.0	0
222	5038	1.0	1.0	0.0	0
223	5055	1.0	1.0	0.0	0
224	5070	1.0	1.0	0.0	0
225	5087	1.0	1.0	0.0	0
226	5104	1.0	1.0	0.0	0
227	5121	1.0	1.0	0.0	0
228	5137	1.0	1.0	0.0	0
229	5154	1.0	1.0	0.0	0
230	5171	1.0	1.0	0.0	0
231	5188	1.0	1.0	0.0	0
232	5206	1.0	1.0	0.0	0
233	5221	1.0	1.0	0.0	0
234	5238	1.0	1.0	0.0	0
235	5255	1.0	1.0	0.0	0
236	5272	1.0	1.0	0.0	0
237	5288	1.0	1.0	0.0	0
238	5305	1.0	1.0	0.0	0
239	5322	1.0	1.0	0.0	0
240	5339	1.0	1.0	0.0	0
241	5354	1.0	1.0	0.0	0
242	5370	1.0	1.0	0.0	0
243	5387	1.0	1.0	0.0	0
244	5404	1.0	1.0	0.0	0
245	5420	1.0	1.0	0.0	0
246	5438	1.0	1.0	0.0	0
247	5455	1.0	1.0	0.0	0
248	5470	1.0	1.0	0.0	0
249	5488	1.0	1.0	0.0	0
250	5503	1.0	1.0	0.0	0
251	5521	1.0	1.0	0.0	0
252	5538	1.0	1.0	0.0	0
253	5554	1.0	1.0	0.0	0
254	5571	1.0	1.0	0.0	0
255	5587	1.0	1.0	0.0	0
256	5604	1.0	1.0	0.0	0
257	5621	1.0	1.0	0.0	0
258	5637	1.0	1.0	0.0	0
259	5654	1.0	1.0	0.0	0
260	5670	1.0	1.0	0.0	0
261	5687	1.0	1.0	0.0	0
262	5703	1.0	1.0	0.0	0
263	5721	1.0	1.0	0.0	0
264	5738	1.0	1.0	0.0	0
265	5754	1.0	1.0	0.0	0
266	5770	1.0	1.0	0.0	0
267	5788	1.0	1.0	0.0	0
268	5804	1.0	1.0	0.0	0
269	5822	1.0	1.0	0.0	0
270	5838	1.0	1.0	0.0	0
271	5853	1.0	1.0	0.0	0
272	5871	1.0	1.0	0.0	0
273	5887	1.0	1.0	0.0	0
274	5904	1.0	1.0	0.0	0
275	5921	1.0	1.0	0.0	0
276	5938	1.0	1.0	0.0	0
277	5955	1.0	1.0	0.0	0
278	5970	1.0	1.0	0.0	0
279	5987	1.0	1.0	0.0	0
280	6004	1.0	1.0	0.0	0
281	6021	1.0	1.0	0.0	0
282	6038	1.0	1.0	0.0	0
283	6054	1.0	1.0	0.0	0
284	6071	1.0	1.0	0.0	0
285	6087	1.0	1.0	0.0	0
286	6104	1.0	1.0	0.0	0
287	6120	1.0	1.0	0.0	0
288	6137	1.0	1.0	0.0	0
289	6154	1.0	1.0	0.0	0
290	6171	1.0	1.0	0.0	0
291	6187	1.0	1.0	0.0	0
292	6204	1.0	1.0	0.0	0
293	6221	1.0	1.0	0.0	0
294	6237	1.0	1.0	0.0	0
295	6254	1.0	1.0	0.0	0
296	6270	1.0	1.0	0.0	0
297	6287	1.0	1.0	0.0	0
298	6304	1.0	1.0	0.0	0
299	6321	1.0	1.0	0.0	0
300	6337	1.0	1.0	0.0	0
301	6355	1.0	1.0	0.0	0
302	6371	1.0	1.0	0.0	0
303	6388	1.0	1.0	0.0	0
304	6404	1.0	1.0	0.0	0
305	6420	1.0	1.0	0.0	0
306	6438	1.0	1.0	0.0	0
307	6454	1.0	1.0	0.0	0
308	6471	1.0	1.0	0.0	0
309	6488	1.0	1.0	0.0	0
310	6503	1.0	1.0	0.0	0
311	6521	1.0	1.0	0.0	0
312	6538	1.0	1.0	0.0	0
313	6555	1.0	1.0	0.0	0
314	6571	1.0	1.0	0.0	0
315	6587	1.0	1.0	0.0	0
316	6604	1.0	1.0	0.0	0
317	6622	1.0	1.0	0.0	0
318	6637	1.0	1.0	0.0	0
319	6654	1.0	1.0	0.0	0
320	6671	1.0	1.0	0.0	0
321	6687	1.0	1.0	0.0	0
322	6705	1.0	1.0	0.0	0
323	6720	1.0	1.0	0.0	0
324	6737	1.0	1.0	0.0	0
325	6754	1.0	1.0	0.0	0
326	6771	1.0	1.0	0.0	0
327	6786	1.0	1.0	0.0	0
328	6803	1.0	1.0	0.0	0
329	6821	1.0	1.0	0.0	0
330	6836	1.0	1.0	0.0	0
331	6854	1.0	1.0	0.0	0
332	6871	1.0	1.0	0.0	0
333	6887	1.0	1.0	0.0	0
334	6904	1.0	1.0	0.0	0
335	6921	1.0	1.0	0.0	0
336	6937	1.0	1.0	0.0	0
337	6955	1.0	1.0	0.0	0
338	6971	1.0	1.0	0.0	0
339	6987	1.0	1.0	0.0	0
340	7005	1.0	1.0	0.0	0
341	7021	1.0	1.0	0.0	0
342	7037	1.0	1.0	0.0	0
343	7054	1.0	1.0	0.0	0
344	7072	1.0	1.0	0.0	0
345	7088	1.0	1.0	0.0	0
346	7104	1.0	1.0	0.0	0
347	7121	1.0	1.0	0.0	0
348	7138	1.0	1.0	0.0	0
349	7154	1.0	1.0	0.0	0
350	7171	1.0	1.0	0.0	0
351	7187	1.0	1.0	0.0	0
352	7205	1.0	1.0	0.0	0
353	7221	1.0	1.0	0.0	0
354	7237	1.0	1.0	0.0	0
355	7254	1.0	1.0	0.0	0
356	7271	1.0	1.0	0.0	0
357	7287	1.0	1.0	0.0	0
358	7304	1.0	1.0	0.0	0
359	7321	1.0	1.0	0.0	0
360	7337	1.0	1.0	0.0	0
361	7354	1.0	1.0	0.0	0
362	7370	1.0	1.0	0.0	0
363	7388	1.0	1.0	0.0	0
364	7404	1.0	1.0	0.0	0
365	7421	1.0	1.0	0.0	0
366	7438	1.0	1.0	0.0	0
367	7454	1.0	1.0	0.0	0
368	7470	1.0	1.0	0.0	0
369	7487	1.0	1.0	0.0	0
370	7504	1.0	1.0	0.0	0
371	7521	1.0	1.0	0.0	0
372	7537	1.0	1.0	0.0	0
373	7554	1.0	1.0	0.0	0
374	7570	1.0	1.0	0.0	0
375	7588	1.0	1.0	0.0	0
376	7604	1.0	1.0	0.0	0
377	7621	1.0	1.0	0.0	0
378	7638	1.0	1.0	0.0	0
379	7654	1.0	1.0	0.0	0
380	7671	1.0	1.0	0.0	0
381	7687	1.0	1.0	0.0	0
382	7704	1.0	1.0	0.0	0
383	7721	1.0	1.0	0.0	0
384	7738	1.0	1.0	0.0	0
385	7755	1.0	1.0	0.0	0
386	7771	1.0	1.0	0.0	0
387	7787	1.0	1.0	0.0	0
388	7804	1.0	1.0	0.0	0
389	7821	1.0	1.0	0.0	0
390	7838	1.0	1.0	0.0	0
391	7855	1.0	1.0	0.0	0
392	7872	1.0	1.0	0.0	0
393	7888	1.0	1.0	0.0	0
394	7905	1.0	1.0	0.0	0
395	7921	1.0	1.0	0.0	0
396	7937	1.0	1.0	0.0	0
397	7955	1.0	1.0	0.0	0
398	7971	1.0	1.0	0.0	0
399	7988	1.0	1.0	0.0	0
400	8004	1.0	1.0	0.0	0
401	8022	1.0	1.0	0.0	0
402	8038	1.0	1.0	0.0	0
403	8055	1.0	1.0	0.0	0
404	8071	1.0	1.0	0.0	0
405	8087	1.0	1.0	0.0	0
406	8104	1.0	1.0	0.0	0
407	8120	1.0	1.0	0.0	0
408	8136	1.0	1.0	0.0	0
409	8155	1.0	1.0	0.0	0
410	8171	1.0	1.0	0.0	0
411	8188	1.0	1.0	0.0	0
412	8204	1.0	1.0	0.0	0
413	8220	1.0	1.0	0.0	0
414	8238	1.0	1.0	0.0	0
415	8254	1.0	1.0	0.0	0
416	8270	1.0	1.0	0.0	0
417	8286	1.0	1.0	0.0	0
418	8303	1.0	1.0	0.0	0
419	8320	1.0	1.0	0.0	0
420	8338	1.0	1.0	0.0	0
421	8354	1.0	1.0	0.0	0
422	8372	1.0	1.0	0.0	0
423	8387	1.0	1.0	0.0	0
424	8404	1.0	1.0	0.0	0
425	8421	1.0	1.0	0.0	0
426	8438	1.0	1.0	0.0	0
427	8454	1.0	1.0	0.0	0
428	8472	1.0	1.0	0.0	0
429	8488	1.0	1.0	0.0	0
430	8504	1.0	1.0	0.0	0
431	8521	1.0	1.0	0.0	0
432	8538	1.0	1.0	0.0	0
433	8554	1.0	1.0	0.0	0
434	8572	1.0	1.0	0.0	0
435	8588	1.0	1.0	0.0	0
436	8605	1.0	1.0	0.0	0
437	8621	1.0	1.0	0.0	0
438	8638	1.0	1.0	0.0	0
439	8656	1.0	1.0	0.0	0
440	8672	1.0	1.0	0.0	0
441	8688	1.0	1.0	0.0	0
442	8704	1.0	1.0	0.0	0
443	8721	1.0	1.0	0.0	0
444	8738	1.0	1.0	0.0	0
445	8755	1.0	1.0	0.0	0
446	8772	1.0	1.0	0.0	0
447	8788	1.0	1.0	0.0	0
448	8804	1.0	1.0	0.0	0
449	8821	1.0	1.0	0.0	0
450	8837	1.0	1.0	0.0	0
451	8855	1.0	1.0	0.0	0
452	8870	1.0	1.0	0.0	0
453	8887	1.0	1.0	0.0	0
454	8903	1.0	1.0	0.0	0
455	8921	1.0	1.0	0.0	0
456	8937	1.0	1.0	0.0	0
457	8955	1.0	1.0	0.0	0
458	8971	1.0	1.0	0.0	0
459	8987	1.0	1.0	0.0	0
460	9004	1.0	1.0	0.0	0
461	9021	1.0	1.0	0.0	0
462	9037	1.0	1.0	0.0	0
463	9054	1.0	1.0	0.0	0
464	9071	1.0	1.0	0.0	0
465	9088	1.0	1.0	0.0	0
466	9104	1.0	1.0	0.0	0
467	9120	1.0	1.0	0.0	0
468	9137	1.0	1.0	0.0	0
469	9153	1.0	1.0	0.0	0
470	9172	1.0	1.0	0.0	0
471	9187	1.0	1.0	0.0	0
472	9204	1.0	1.0	0.0	0
473	9221	1.0	1.0	0.0	0
474	9238	1.0	1.0	0.0	0
475	9256	1.0	1.0	0.0	0
476	9271	1.0	1.0	0.0	0
477	9288	1.0	1.0	0.0	0
478	9304	1.0	1.0	0.0	0
479	9321	1.0	1.0	0.0	0
480	9337	1.0	1.0	0.0	0
481	9355	1.0	1.0	0.0	0
482	9370	1.0	1.0	0.0	0
483	9387	1.0	1.0	0.0	0
484	9404	1.0	1.0	0.0	0
485	9421	1.0	1.0	0.0	0
486	9438	1.0	1.0	0.0	0
487	9455	1.0	1.0	0.0	0
488	9472	1.0	1.0	0.0	0
489	9489	1.0	1.0	0.0	0
490	9505	1.0	1.0	0.0	0
491	9520	1.0	1.0	0.0	0
492	9538	1.0	1.0	0.0	0
493	9554	1.0	1.0	0.0	0
494	9571	1.0	1.0	0.0	0
495	9588	1.0	1.0	0.0	0
496	9605	1.0	1.0	0.0	0
497	9620	1.0	1.0	0.0	0
498	9637	1.0	1.0	0.0	0
499	9655	1.0	1.0	0.0	0
500	9671	1.0	1.0	0.0	0
501	9688	1.0	1.0	0.0	0
502	9705	1.0	1.0	0.0	0
503	9721	1.0	1.0	0.0	0
504	9738	1.0	1.0	0.0	0
505	9754	1.0	1.0	0.0	0
506	9771	1.0	1.0	0.0	0
507	9788	1.0	1.0	0.0	0
508	9805	1.0	1.0	0.0	0
509	9821	1.0	1.0	0.0	0
510	9838	1.0	1.0	0.0	0
511	9854	1.0	1.0	0.0	0
512	9871	1.0	1.0	0.0	0
513	9887	1.0	1.0	0.0	0
514	9903	1.0	1.0	0.0	0
515	9920	1.0	1.0	0.0	0
516	9937	1.0	1.0	0.0	0
517	9954	1.0	1.0	0.0	0
518	9971	1.0	1.0	0.0	0
519	9988	1.0	1.0	0.0	0
520	10003	1.0	1.0	0.0	0
521	10020	1.0	1.0	0.0	0
522	10037	1.0	1.0	0.0	0
523	10054	1.0	1.0	0.0	0
524	10071	1.0	1.0	0.0	0
525	10088	1.0	1.0	0.0	0
526	10105	1.0	1.0	0.0	0
527	10121	1.0	1.0	0.0	0
528	10138	1.0	1.0	0.0	0
529	10154	1.0	1.0	0.0	0
530	10171	1.0	1.0	0.0	0
531	10187	1.0	1.0	0.0	0
532	10205	1.0	1.0	0.0	0
533	10221	1.0	1.0	0.0	0
534	10237	1.0	1.0	0.0	0
535	10254	1.0	1.0	0.0	0
536	10272	1.0	1.0	0.0	0
537	10288	1.0	1.0	0.0	0
538	10304	1.0	1.0	0.0	0
539	10322	1.0	1.0	0.0	0
540	10338	1.0	1.0	0.0	0
541	10354	1.0	1.0	0.0	0
542	10372	1.0	1.0	0.0	0
543	10387	1.0	1.0	0.0	0
544	10403	1.0	1.0	0.0	0
545	10421	1.0	1.0	0.0	0
546	10437	1.0	1.0	0.0	0
547	10454	1.0	1.0	0.0	0
548	10470	1.0	1.0	0.0	0
549	10487	1.0	1.0	0.0	0
550	10503	1.0	1.0	0.0	0
551	10521	1.0	1.0	0.0	0
552	10537	1.0	1.0	0.0	0
553	10554	1.0	1.0	0.0	0
554	10571	1.0	1.0	0.0	0
555	10587	1.0	1.0	0.0	0
556	10606	1.0	1.0	0.0	0
557	10621	1.0	1.0	0.0	0
558	10637	1.0	1.0	0.0	0
559	10654	1.0	1.0	0.0	0
560	10672	1.0	1.0	0.0	0
561	10688	1.0	1.0	0.0	0
562	10704	1.0	1.0	0.0	0
563	10721	1.0	1.0	0.0	0
564	10738	1.0	1.0	0.0	0
565	10754	1.0	1.0	0.0	0
566	10771	1.0	1.0	0.0	0
567	10788	1.0	1.0	0.0	0
568	10804	1.0	1.0	0.0	0
569	10821	1.0	1.0	0.0	0
570	10838	1.0	1.0	0.0	0
571	10854	1.0	1.0	0.0	0
572	10871	1.0	1.0	0.0	0
573	10888	1.0	1.0	0.0	0
574	10905	1.0	1.0	0.0	0
575	10921	1.0	1.0	0.0	0
576	10938	1.0	1.0	0.0	0
577	10954	1.0	1.0	0.0	0
578	10971	1.0	1.0	0.0	0
579	10987	1.0	1.0	0.0	0
580	11006	1.0	1.0	0.0	0
581	11021	1.0	1.0	0.0	0
582	11037	1.0	1.0	0.0	0
583	11054	1.0	1.0	0.0	0
584	11071	1.0	1.0	0.0	0
585	11088	1.0	1.0	0.0	0
586	11105	1.0	1.0	0.0	0
587	11121	1.0	1.0	0.0	0
588	11138	1.0	1.0	0.0	0
589	11154	1.0	1.0	0.0	0
590	11171	1.0	1.0	0.0	0
591	11188	1.0	1.0	0.0	0
592	11204	1.0	1.0	0.0	0
593	11221	1.0	1.0	0.0	0
594	11238	1.0	1.0	0.0	0
595	11254	1.0	1.0	0.0	0
596	11270	1.0	1.0	0.0	0
597	11288	1.0	1.0	0.0	0
598	11305	1.0	1.0	0.0	0
599	11321	1.0	1.0	0.0	0
600	11337	1.0	1.0	0.0	0
601	11354	1.0	1.0	0.0	0
602	11371	1.0	1.0	0.0	0
603	11387	1.0	1.0	0.0	0
604	11403	1.0	1.0	0.0	0
605	11421	1.0	1.0	0.0	0
606	11438	1.0	1.0	0.0	0
607	11454	1.0	1.0	0.0	0
608	11471	1.0	1.0	0.0	0
609	11487	1.0	1.0	0.0	0
610	11504	1.0	1.0	0.0	0
611	11520	1.0	1.0	0.0	0
612	11538	1.0	1.0	0.0	0
613	11554	1.0	1.0	0.0	0
614	11571	1.0	1.0	0.0	0
615	11588	1.0	1.0	0.0	0
616	11604	1.0	1.0	0.0	0
617	11621	1.0	1.0	0.0	0
618	11637	1.0	1.0	0.0	0
619	11654	1.0	1.0	0.0	0
620	11670	1.0	1.0	0.0	0
621	11687	1.0	1.0	0.0	0
622	11704	1.0	1.0	0.0	0
623	11721	1.0	1.0	0.0	0
624	11738	1.0	1.0	0.0	0
625	11754	1.0	1.0	0.0	0
626	11770	1.0	1.0	0.0	0
627	11788	1.0	1.0	0.0	0
628	11804	1.0	1.0	0.0	0
629	11821	1.0	1.0	0.0	0
630	11838	1.0	1.0	0.0	0
631	11854	1.0	1.0	0.0	0
632	11871	1.0	1.0	0.0	0
633	11888	1.0	1.0	0.0	0
634	11904	1.0	1.0	0.0	0
635	11922	1.0	1.0	0.0	0
636	11937	1.0	1.0	0.0	0
637	11954	1.0	1.0	0.0	0
638	11972	1.0	1.0	0.0	0
639	11988	1.0	1.0	0.0	0
640	12005	1.0	1.0	0.0	0
641	12022	1.0	1.0	0.0	0
642	12039	1.0	1.0	0.0	0
643	12055	1.0	1.0	0.0	0
644	12072	1.0	1.0	0.0	0
645	12088	1.0	1.0	0.0	0
646	12105	1.0	1.0	0.0	0
647	12121	1.0	1.0	0.0	0
648	12138	1.0	1.0	0.0	0
649	12155	1.0	1.0	0.0	0
650	12170	1.0	1.0	0.0	0
651	12187	1.0	1.0	0.0	0
652	12204	1.0	1.0	0.0	0
653	12221	1.0	1.0	0.0	0
654	12236	1.0	1.0	0.0	0
655	12255	1.0	1.0	0.0	0
656	12271	1.0	1.0	0.0	0
657	12287	1.0	1.0	0.0	0
658	12304	1.0	1.0	0.0	0
659	12321	1.0	1.0	0.0	0
660	12337	1.0	1.0	0.0	0
661	12355	1.0	1.0	0.0	0
662	12370	1.0	1.0	0.0	0
663	12387	1.0	1.0	0.0	0
664	12403	1.0	1.0	0.0	0
665	12421	1.0	1.0	0.0	0
666	12437	1.0	1.0	0.0	0
667	12454	1.0	1.0	0.0	0
668	12472	1.0	1.0	0.0	0
669	12488	1.0	1.0	0.0	0
670	12504	1.0	1.0	0.0	0
671	12522	1.0	1.0	0.0	0
672	12537	1.0	1.0	0.0	0
673	12556	1.0	1.0	0.0	0
674	12572	1.0	1.0	0.0	0
675	12588	1.0	1.0	0.0	0
676	12604	1.0	1.0	0.0	0
677	12620	1.0	1.0	0.0	0
678	12638	1.0	1.0	0.0	0
679	12654	1.0	1.0	0.0	0
680	12671	1.0	1.0	0.0	0
681	12688	1.0	1.0	0.0	0
682	12704	1.0	1.0	0.0	0
683	12720	1.0	1.0	0.0	0
684	12738	1.0	1.0	0.0	0
685	12754	1.0	1.0	0.0	0
686	12771	1.0	1.0	0.0	0
687	12788	1.0	1.0	0.0	0
688	12804	1.0	1.0	0.0	0
689	12821	1.0	1.0	0.0	0
690	12837	1.0	1.0	0.0	0
691	12855	1.0	1.0	0.0	0
692	12871	1.0	1.0	0.0	0
693	12887	1.0	1.0	0.0	0
694	12904	1.0	1.0	0.0	0
695	12920	1.0	1.0	0.0	0
696	12937	1.0	1.0	0.0	0
697	12954	1.0	1.0	0.0	0
698	12971	1.0	1.0	0.0	0
699	12987	1.0	1.0	0.0	0
700	13004	1.0	1.0	0.0	0
701	13020	1.0	1.0	0.0	0
702	13037	1.0	1.0	0.0	0
703	13053	1.0	1.0	0.0	0
704	13071	1.0	1.0	0.0	0
705	13087	1.0	1.0	0.0	0
706	13104	1.0	1.0	0.0	0
707	13120	1.0	1.0	0.0	0
708	13137	1.0	1.0	0.0	0
709	13154	1.0	1.0	0.0	0
710	13170	1.0	1.0	0.0	0
711	13187	1.0	1.0	0.0	0
712	13205	1.0	1.0	0.0	0
713	13221	1.0	1.0	0.0	0
714	13237	1.0	1.0	0.0	0
715	13255	1.0	1.0	0.0	0
716	13271	1.0	1.0	0.0	0
717	13288	1.0	1.0	0.0	0
718	13304	1.0	1.0	0.0	0
719	13322	1.0	1.0	0.0	0
720	13338	1.0	1.0	0.0	0
721	13354	1.0	1.0	0.0	0
722	13370	1.0	1.0	0.0	0
723	13388	1.0	1.0	0.0	0
724	13405	1.0	1.0	0.0	0
725	13421	1.0	1.0	0.0	0
726	13437	1.0	1.0	0.0	0
727	13454	1.0	1.0	0.0	0
728	13471	1.0	1.0	0.0	0
729	13488	1.0	1.0	0.0	0
730	13505	1.0	1.0	0.0	0
731	13522	1.0	1.0	0.0	0
732	13537	1.0	1.0	0.0	0
733	13555	1.0	1.0	0.0	0
734	13571	1.0	1.0	0.0	0
735	13587	1.0	1.0	0.0	0
736	13604	1.0	1.0	0.0	0
737	13621	1.0	1.0	0.0	0
738	13637	1.0	1.0	0.0	0
739	13654	1.0	1.0	0.0	0
740	13671	1.0	1.0	0.0	0
741	13688	1.0	1.0	0.0	0
742	13705	1.0	1.0	0.0	0
743	13721	1.0	1.0	0.0	0
744	13737	1.0	1.0	0.0	0
745	13755	1.0	1.0	0.0	0
746	13771	1.0	1.0	0.0	0
747	13788	1.0	1.0	0.0	0
748	13805	1.0	1.0	0.0	0
749	13821	1.0	1.0	0.0	0
750	13837	1.0	1.0	0.0	0
751	13855	1.0	1.0	0.0	0
752	13870	1.0	1.0	0.0	0
753	13887	1.0	1.0	0.0	0
754	13904	1.0	1.0	0.0	0
755	13920	1.0	1.0	0.0	0
756	13937	1.0	1.0	0.0	0
757	13954	1.0	1.0	0.0	0
758	13971	1.0	1.0	0.0	0
759	13988	1.0	1.0	0.0	0
760	14003	1.0	1.0	0.0	0
761	14021	1.0	1.0	0.0	0
762	14037	1.0	1.0	0.0	0
763	14053	1.0	1.0	0.0	0
764	14071	1.0	1.0	0.0	0
765	14088	1.0	1.0	0.0	0
766	14105	1.0	1.0	0.0	0
767	14121	1.0	1.0	0.0	0
768	14137	1.0	1.0	0.0	0
769	14154	1.0	1.0	0.0	0
770	14170	1.0	1.0	0.0	0
771	14187	1.0	1.0	0.0	0
772	14204	1.0	1.0	0.0	0
773	14221	1.0	1.0	0.0	0
774	14237	1.0	1.0	0.0	0
775	14254	1.0	1.0	0.0	0
776	14270	1.0	1.0	0.0	0
777	14287	1.0	1.0	0.0	0
778	14303	1.0	1.0	0.0	0
779	14320	1.0	1.0	0.0	0
780	14337	1.0	1.0	0.0	0
781	14354	1.0	1.0	0.0	0
782	14370	1.0	1.0	0.0	0
783	14387	1.0	1.0	0.0	0
784	14403	1.0	1.0	0.0	0
785	14421	1.0	1.0	0.0	0
786	14437	1.0	1.0	0.0	0
787	14454	1.0	1.0	0.0	0
788	14470	1.0	1.0	0.0	0
789	14487	1.0	1.0	0.0	0
790	14503	1.0	1.0	0.0	0
791	14520	1.0	1.0	0.0	0
792	14538	1.0	1.0	0.0	0
793	14554	1.0	1.0	0.0	0
794	14571	1.0	1.0	0.0	0
795	14588	1.0	1.0	0.0	0
796	14603	1.0	1.0	0.0	0
797	14621	1.0	1.0	0.0	0
798	14637	1.0	1.0	0.0	0
799	14653	1.0	1.0	0.0	0
800	14670	1.0	1.0	0.0	0
801	14687	1.0	1.0	0.0	0
802	14704	1.0	1.0	0.0	0
803	14720	1.0	1.0	0.0	0
804	14737	1.0	1.0	0.0	0
805	14755	1.0	1.0	0.0	0
806	14771	1.0	1.0	0.0	0
807	14788	1.0	1.0	0.0	0
808	14804	1.0	1.0	0.0	0
809	14822	1.0	1.0	0.0	0
810	14837	1.0	1.0	0.0	0
811	14855	1.0	1.0	0.0	0
812	14872	1.0	1.0	0.0	0
813	14888	1.0	1.0	0.0	0
814	14905	1.0	1.0	0.0	0
815	14921	1.0	1.0	0.0	0
816	14938	1.0	1.0	0.0	0
817	14953	1.0	1.0	0.0	0
818	14972	1.0	1.0	0.0	0
819	14987	1.0	1.0	0.0	0
820	15005	1.0	1.0	0.0	0
821	15021	1.0	1.0	0.0	0
822	15037	1.0	1.0	0.0	0
823	15055	1.0	1.0	0.0	0
824	15072	1.0	1.0	0.0	0
825	15088	1.0	1.0	0.0	0
826	15106	1.0	1.0	0.0	0
827	15121	1.0	1.0	0.0	0
828	15137	1.0	1.0	0.0	0
829	15155	1.0	1.0	0.0	0
830	15171	1.0	1.0	0.0	0
831	15189	1.0	1.0	0.0	0
832	15205	1.0	1.0	0.0	0
833	15222	1.0	1.0	0.0	0
834	15238	1.0	1.0	0.0	0
835	15255	1.0	1.0	0.0	0
836	15271	1.0	1.0	0.0	0
837	15288	1.0	1.0	0.0	0
838	15304	1.0	1.0	0.0	0
839	15321	1.0	1.0	0.0	0
840	15337	1.0	1.0	0.0	0
841	15355	1.0	1.0	0.0	0
842	15370	1.0	1.0	0.0	0
843	15388	1.0	1.0	0.0	0
844	15403	1.0	1.0	0.0	0
845	15420	1.0	1.0	0.0	0
846	15437	1.0	1.0	0.0	0
847	15454	1.0	1.0	0.0	0
848	15470	1.0	1.0	0.0	0
849	15487	1.0	1.0	0.0	0
850	15503	1.0	1.0	0.0	0
851	15520	1.0	1.0	0.0	0
852	15536	1.0	1.0	0.0	0
853	15555	1.0	1.0	0.0	0
854	15571	1.0	1.0	0.0	0
855	15587	1.0	1.0	0.0	0
856	15605	1.0	1.0	0.0	0
857	15620	1.0	1.0	0.0	0
858	15637	1.0	1.0	0.0	0
859	15654	1.0	1.0	0.0	0
860	15670	1.0	1.0	0.0	0
861	15688	1.0	1.0	0.0	0
862	15704	1.0	1.0	0.0	0
863	15721	1.0	1.0	0.0	0
864	15737	1.0	1.0	0.0	0
865	15756	1.0	1.0	0.0	0
866	15771	1.0	1.0	0.0	0
867	15788	1.0	1.0	0.0	0
868	15806	1.0	1.0	0.0	0
869	15821	1.0	1.0	0.0	0
870	15837	1.0	1.0	0.0	0
871	15854	1.0	1.0	0.0	0
872	15871	1.0	1.0	0.0	0
873	15888	1.0	1.0	0.0	0
874	15904	1.0	1.0	0.0	0
875	15921	1.0	1.0	0.0	0
876	15938	1.0	1.0	0.0	0
877	15955	1.0	1.0	0.0	0
878	15971	1.0	1.0	0.0	0
879	15988	1.0	1.0	0.0	0
880	16005	1.0	1.0	0.0	0
881	16021	1.0	1.0	0.0	0
882	16037	1.0	1.0	0.0	0
883	16055	1.0	1.0	0.0	0
884	16071	1.0	1.0	0.0	0
885	16088	1.0	1.0	0.0	0
886	16105	1.0	1.0	0.0	0
887	16121	1.0	1.0	0.0	0
888	16137	1.0	1.0	0.0	0
889	16155	1.0	1.0	0.0	0
890	16172	1.0	1.0	0.0	0
891	16188	1.0	1.0	0.0	0
892	16204	1.0	1.0	0.0	0
893	16222	1.0	1.0	0.0	0
894	16237	1.0	1.0	0.0	0
895	16254	1.0	1.0	0.0	0
896	16272	1.0	1.0	0.0	0
897	16288	1.0	1.0	0.0	0
898	16304	1.0	1.0	0.0	0
899	16322	1.0	1.0	0.0	0
900	16337	1.0	1.0	0.0	0
901	16355	1.0	1.0	0.0	0
902	16372	1.0	1.0	0.0	0
903	16389	1.0	1.0	0.0	0
904	16404	1.0	1.0	0.0	0
905	16421	1.0	1.0	0.0	0
906	16437	1.0	1.0	0.0	0
907	16454	1.0	1.0	0.0	0
908	16471	1.0	1.0	0.0	0
909	16487	1.0	1.0	0.0	0
910	16503	1.0	1.0	0.0	0
911	16522	1.0	1.0	0.0	0
912	16537	1.0	1.0	0.0	0
913	16555	1.0	1.0	0.0	0
914	16571	1.0	1.0	0.0	0
915	16588	1.0	1.0	0.0	0
916	16604	1.0	1.0	0.0	0
917	16621	1.0	1.0	0.0	0
918	16638	1.0	1.0	0.0	0
919	16654	1.0	1.0	0.0	0
920	16670	1.0	1.0	0.0	0
921	16688	1.0	1.0	0.0	0
922	16704	1.0	1.0	0.0	0
923	16721	1.0	1.0	0.0	0
924	16738	1.0	1.0	0.0	0
925	16754	1.0	1.0	0.0	0
926	16770	1.0	1.0	0.0	0
927	16787	1.0	1.0	0.0	0
928	16805	1.0	1.0	0.0	0
929	16820	1.0	1.0	0.0	0
930	16838	1.0	1.0	0.0	0
931	16854	1.0	1.0	0.0	0
932	16870	1.0	1.0	0.0	0
933	16888	1.0	1.0	0.0	0
934	16904	1.0	1.0	0.0	0
935	16921	1.0	1.0	0.0	0
936	16938	1.0	1.0	0.0	0
937	16955	1.0	1.0	0.0	0
938	16971	1.0	1.0	0.0	0
939	16987	1.0	1.0	0.0	0
940	17004	1.0	1.0	0.0	0
941	17021	1.0	1.0	0.0	0
942	17037	1.0	1.0	0.0	0
943	17053	1.0	1.0	0.0	0
944	17070	1.0	1.0	0.0	0
945	17087	1.0	1.0	0.0	0
946	17104	1.0	1.0	0.0	0
947	17122	1.0	1.0	0.0	0
948	17137	1.0	1.0	0.0	0
949	17155	1.0	1.0	0.0	0
950	17171	1.0	1.0	0.0	0
951	17189	1.0	1.0	0.0	0
952	17204	1.0	1.0	0.0	0
953	17220	1.0	1.0	0.0	0
954	17237	1.0	1.0	0.0	0
955	17254	1.0	1.0	0.0	0
956	17271	1.0	1.0	0.0	0
957	17288	1.0	1.0	0.0	0
958	17304	1.0	1.0	0.0	0
959	17320	1.0	1.0	0.0	0
960	17338	1.0	1.0	0.0	0
961	17354	1.0	1.0	0.0	0
962	17370	1.0	1.0	0.0	0
963	17388	1.0	1.0	0.0	0
964	17403	1.0	1.0	0.0	0
965	17420	1.0	1.0	0.0	0
966	17438	1.0	1.0	0.0	0
967	17454	1.0	1.0	0.0	0
968	17471	1.0	1.0	0.0	0
969	17503	1.0	1.0	0.0	0
970	17513	1.0	1.0	0.0	0
971	17530	1.0	1.0	0.0	0
972	17547	1.0	1.0	0.0	0
973	17564	1.0	1.0	0.0	0
974	17581	1.0	1.0	0.0	0
975	17596	1.0	1.0	0.0	0
976	17613	1.0	1.0	0.0	0
977	17630	1.0	1.0	0.0	0
978	17647	1.0	1.0	0.0	0
979	17663	1.0	1.0	0.0	0
980	17680	1.0	1.0	0.0	0
981	17696	1.0	1.0	0.0	0
982	17713	1.0	1.0	0.0	0
983	17731	1.0	1.0	0.0	0
984	17747	1.0	1.0	0.0	0
985	17764	1.0	1.0	0.0	0
986	17780	1.0	1.0	0.0	0
987	17796	1.0	1.0	0.0	0
988	17813	1.0	1.0	0.0	0
989	17830	1.0	1.0	0.0	0
990	17848	1.0	1.0	0.0	0
991	17864	1.0	1.0	0.0	0
992	17880	1.0	1.0	0.0	0
993	17897	1.0	1.0	0.0	0
994	17915	1.0	1.0	0.0	0
995	17930	1.0	1.0	0.0	0
996	17947	1.0	1.0	0.0	0
997	17963	1.0	1.0	0.0	0
998	17980	1.0	1.0	0.0	0
999	17997	1.0	1.0	0.0	0
1000	18014	1.0	1.0	0.0	0
1001	18030	1.0	1.0	0.0	0
1002	18047	1.0	1.0	0.0	0
1003	18064	1.0	1.0	0.0	0
1004	18081	1.0	1.0	0.0	0
1005	18097	1.0	1.0	0.0	0
1006	18114	1.0	1.0	0.0	0
1007	18130	1.0	1.0	0.0	0
1008	18147	1.0	1.0	0.0	0
1009	18164	1.0	1.0	0.0	0
1010	18180	1.0	1.0	0.0	0
1011	18198	1.0	1.0	0.0	0
1012	18214	1.0	1.0	0.0	0
1013	18231	1.0	1.0	0.0	0
1014	18247	1.0	1.0	0.0	0
1015	18263	1.0	1.0	0.0	0
1016	18280	1.0	1.0	0.0	0
1017	18297	1.0	1.0	0.0	0
1018	18314	1.0	1.0	0.0	0
1019	18330	1.0	1.0	0.0	0
1020	18348	1.0	1.0	0.0	0
1021	18363	1.0	1.0	0.0	0
1022	18380	1.0	1.0	0.0	0
1023	18397	1.0	1.0	0.0	0
1024	18413	1.0	1.0	0.0	0
1025	18431	1.0	1.0	0.0	0
1026	18447	1.0	1.0	0.0	0
1027	18464	1.0	1.0	0.0	0
1028	18480	1.0	1.0	0.0	0
1029	18497	1.0	1.0	0.0	0
1030	18514	1.0	1.0	0.0	0
1031	18531	1.0	1.0	0.0	0
1032	18547	1.0	1.0	0.0	0
1033	18564	1.0	1.0	0.0	0
1034	18581	1.0	1.0	0.0	0
1035	18598	1.0	1.0	0.0	0
1036	18613	1.0	1.0	0.0	0
1037	18630	1.0	1.0	0.0	0
1038	18647	1.0	1.0	0.0	0
1039	18663	1.0	1.0	0.0	0
1040	18681	1.0	1.0	0.0	0
1041	18697	1.0	1.0	0.0	0
1042	18714	1.0	1.0	0.0	0
1043	18730	1.0	1.0	0.0	0
1044	18748	1.0	1.0	0.0	0
1045	18764	1.0	1.0	0.0	0
1046	18780	1.0	1.0	0.0	0
1047	18797	1.0	1.0	0.0	0
1048	18814	1.0	1.0	0.0	0
1049	18831	1.0	1.0	0.0	0
1050	18848	1.0	1.0	0.0	0
1051	18864	1.0	1.0	0.0	0
1052	18881	1.0	1.0	0.0	0
1053	18897	1.0	1.0	0.0	0
1054	18914	1.0	1.0	0.0	0
1055	18931	1.0	1.0	0.0	0
1056	18947	1.0	1.0	0.0	0
1057	18964	1.0	1.0	0.0	0
1058	18981	1.0	1.0	0.0	0
1059	18996	1.0	1.0	0.0	0
1060	19013	1.0	1.0	0.0	0
1061	19029	1.0	1.0	0.0	0
1062	19047	1.0	1.0	0.0	0
1063	19064	1.0	1.0	0.0	0
1064	19080	1.0	1.0	0.0	0
1065	19097	1.0	1.0	0.0	0
1066	19114	1.0	1.0	0.0	0
1067	19131	1.0	1.0	0.0	0
1068	19147	1.0	1.0	0.0	0
1069	19164	1.0	1.0	0.0	0
1070	19180	1.0	1.0	0.0	0
1071	19197	1.0	1.0	0.0	0
1072	19214	1.0	1.0	0.0	0
1073	19230	1.0	1.0	0.0	0
1074	19246	1.0	1.0	0.0	0
1075	19264	1.0	1.0	0.0	0
1076	19280	1.0	1.0	0.0	0
1077	19296	1.0	1.0	0.0	0
1078	19313	1.0	1.0	0.0	0
1079	19331	1.0	1.0	0.0	0
1080	19347	1.0	1.0	0.0	0
1081	19363	1.0	1.0	0.0	0
1082	19380	1.0	1.0	0.0	0
1083	19397	1.0	1.0	0.0	0
1084	19414	1.0	1.0	0.0	0
1085	19430	1.0	1.0	0.0	0
1086	19447	1.0	1.0	0.0	0
1087	19464	1.0	1.0	0.0	0
1088	19481	1.0	1.0	0.0	0
1089	19497	1.0	1.0	0.0	0
1090	19513	1.0	1.0	0.0	0
1091	19530	1.0	1.0	0.0	0
1092	19548	1.0	1.0	0.0	0
1093	19564	1.0	1.0	0.0	0
1094	19580	1.0	1.0	0.0	0
1095	19597	1.0	1.0	0.0	0
1096	19613	1.0	1.0	0.0	0
1097	19630	1.0	1.0	0.0	0
1098	19647	1.0	1.0	0.0	0
1099	19664	1.0	1.0	0.0	0
1100	19680	1.0	1.0	0.0	0
1101	19697	1.0	1.0	0.0	0
1102	19714	1.0	1.0	0.0	0
1103	19730	1.0	1.0	0.0	0
1104	19747	1.0	1.0	0.0	0
1105	19764	1.0	1.0	0.0	0
1106	19780	1.0	1.0	0.0	0
1107	19798	1.0	1.0	0.0	0
1108	19814	1.0	1.0	0.0	0
1109	19830	1.0	1.0	0.0	0
1110	19848	1.0	1.0	0.0	0
1111	19863	1.0	1.0	0.0	0
1112	19880	1.0	1.0	0.0	0
1113	19898	1.0	1.0	0.0	0
1114	19913	1.0	1.0	0.0	0
1115	19931	1.0	1.0	0.0	0
1116	19947	1.0	1.0	0.0	0
1117	19964	1.0	1.0	0.0	0
1118	19981	1.0	1.0	0.0	0
1119	19998	1.0	1.0	0.0	0
1120	20013	1.0	1.0	0.0	0
1121	20030	1.0	1.0	0.0	0
1122	20047	1.0	1.0	0.0	0
1123	20063	1.0	1.0	0.0	0
1124	20080	1.0	1.0	0.0	0
1125	20097	1.0	1.0	0.0	0
1126	20113	1.0	1.0	0.0	0
1127	20130	1.0	1.0	0.0	0
1128	20146	1.0	1.0	0.0	0
1129	20163	1.0	1.0	0.0	0
1130	20180	1.0	1.0	0.0	0
1131	20196	1.0	1.0	0.0	0
1132	20214	1.0	1.0	0.0	0
1133	20230	1.0	1.0	0.0	0
1134	20246	1.0	1.0	0.0	0
1135	20265	1.0	1.0	0.0	0
1136	20280	1.0	1.0	0.0	0
1137	20296	1.0	1.0	0.0	0
1138	20315	1.0	1.0	0.0	0
1139	20329	1.0	1.0	0.0	0
1140	20346	1.0	1.0	0.0	0
1141	20364	1.0	1.0	0.0	0
1142	20379	1.0	1.0	0.0	0
1143	20396	1.0	1.0	0.0	0
1144	20414	1.0	1.0	0.0	0
1145	20431	1.0	1.0	0.0	0
1146	20448	1.0	1.0	0.0	0
1147	20463	1.0	1.0	0.0	0
1148	20481	1.0	1.0	0.0	0
1149	20498	1.0	1.0	0.0	0
1150	20514	1.0	1.0	0.0	0
1151	20530	1.0	1.0	0.0	0
1152	20547	1.0	1.0	0.0	0
1153	20564	1.0	1.0	0.0	0
1154	20580	1.0	1.0	0.0	0
1155	20598	1.0	1.0	0.0	0
1156	20614	1.0	1.0	0.0	0
1157	20631	1.0	1.0	0.0	0
1158	20648	1.0	1.0	0.0	0
1159	20664	1.0	1.0	0.0	0
1160	20681	1.0	1.0	0.0	0
1161	20698	1.0	1.0	0.0	0
1162	20714	1.0	1.0	0.0	0
1163	20731	1.0	1.0	0.0	0
1164	20748	1.0	1.0	0.0	0
1165	20764	1.0	1.0	0.0	0
1166	20780	1.0	1.0	0.0	0
1167	20797	1.0	1.0	0.0	0
1168	20814	1.0	1.0	0.0	0
1169	20831	1.0	1.0	0.0	0
1170	20848	1.0	1.0	0.0	0
1171	20864	1.0	1.0	0.0	0
1172	20881	1.0	1.0	0.0	0
1173	20898	1.0	1.0	0.0	0
1174	20913	1.0	1.0	0.0	0
1175	20930	1.0	1.0	0.0	0
1176	20947	1.0	1.0	0.0	0
1177	20964	1.0	1.0	0.0	0
1178	20979	1.0	1.0	0.0	0
1179	20996	1.0	1.0	0.0	0
1180	21014	1.0	1.0	0.0	0
1181	21030	1.0	1.0	0.0	0
1182	21048	1.0	1.0	0.0	0
1183	21063	1.0	1.0	0.0	0
1184	21080	1.0	1.0	0.0	0
1185	21098	1.0	1.0	0.0	0
1186	21113	1.0	1.0	0.0	0
1187	21130	1.0	1.0	0.0	0
1188	21147	1.0	1.0	0.0	0
1189	21164	1.0	1.0	0.0	0
1190	21181	1.0	1.0	0.0	0
1191	21197	1.0	1.0	0.0	0
1192	21213	1.0	1.0	0.0	0
1193	21230	1.0	1.0	0.0	0
1194	21248	1.0	1.0	0.0	0
1195	21264	1.0	1.0	0.0	0
1196	21281	1.0	1.0	0.0	0
1197	21297	1.0	1.0	0.0	0
1198	21313	1.0	1.0	0.0	0
1199	21330	1.0	1.0	0.0	0
1200	21347	1.0	1.0	0.0	0
1201	21364	1.0	1.0	0.0	0
1202	21381	1.0	1.0	0.0	0
1203	21397	1.0	1.0	0.0	0
1204	21414	1.0	1.0	0.0	0
1205	21431	1.0	1.0	0.0	0
1206	21448	1.0	1.0	0.0	0
1207	21464	1.0	1.0	0.0	0
1208	21480	1.0	1.0	0.0	0
1209	21497	1.0	1.0	0.0	0
1210	21514	1.0	1.0	0.0	0
1211	21531	1.0	1.0	0.0	0
1212	21547	1.0	1.0	0.0	0
1213	21563	1.0	1.0	0.0	0
1214	21580	1.0	1.0	0.0	0
1215	21597	1.0	1.0	0.0	0
1216	21614	1.0	1.0	0.0	0
1217	21631	1.0	1.0	0.0	0
1218	21647	1.0	1.0	0.0	0
1219	21663	1.0	1.0	0.0	0
1220	21680	1.0	1.0	0.0	0
1221	21697	1.0	1.0	0.0	0
1222	21714	1.0	1.0	0.0	0
1223	21730	1.0	1.0	0.0	0
1224	21747	1.0	1.0	0.0	0
1225	21763	1.0	1.0	0.0	0
1226	21780	1.0	1.0	0.0	0
1227	21797	1.0	1.0	0.0	0
1228	21813	1.0	1.0	0.0	0
1229	21831	1.0	1.0	0.0	0
1230	21849	1.0	1.0	0.0	0
1231	21864	1.0	1.0	0.0	0
1232	21880	1.0	1.0	0.0	0
1233	21897	1.0	1.0	0.0	0
1234	21914	1.0	1.0	0.0	0
1235	21930	1.0	1.0	0.0	0
1236	21947	1.0	1.0	0.0	0
1237	21964	1.0	1.0	0.0	0
1238	21981	1.0	1.0	0.0	0
1239	21998	1.0	1.0	0.0	0
1240	22014	1.0	1.0	0.0	0
1241	22030	1.0	1.0	0.0	0
1242	22047	1.0	1.0	0.0	0
1243	22064	1.0	1.0	0.0	0
1244	22081	1.0	1.0	0.0	0
1245	22098	1.0	1.0	0.0	0
1246	22114	1.0	1.0	0.0	0
1247	22131	1.0	1.0	0.0	0
1248	22147	1.0	1.0	0.0	0
1249	22164	1.0	1.0	0.0	0
1250	22181	1.0	1.0	0.0	0
1251	22197	1.0	1.0	0.0	0
1252	22213	1.0	1.0	0.0	0
1253	22230	1.0	1.0	0.0	0
1254	22247	1.0	1.0	0.0	0
1255	22264	1.0	1.0	0.0	0
1256	22281	1.0	1.0	0.0	0
1257	22297	1.0	1.0	0.0	0
1258	22314	1.0	1.0	0.0	0
1259	22330	1.0	1.0	0.0	0
1260	22347	1.0	1.0	0.0	0
1261	22363	1.0	1.0	0.0	0
1262	22381	1.0	1.0	0.0	0
1263	22397	1.0	1.0	0.0	0
1264	22414	1.0	1.0	0.0	0
1265	22430	1.0	1.0	0.0	0
1266	22447	1.0	1.0	0.0	0
1267	22464	1.0	1.0	0.0	0
1268	22481	1.0	1.0	0.0	0
1269	22496	1.0	1.0	0.0	0
1270	22514	1.0	1.0	0.0	0
1271	22529	1.0	1.0	0.0	0
1272	22546	1.0	1.0	0.0	0
1273	22563	1.0	1.0	0.0	0
1274	22580	1.0	1.0	0.0	0
1275	22597	1.0	1.0	0.0	0
1276	22614	1.0	1.0	0.0	0
1277	22631	1.0	1.0	0.0	0
1278	22646	1.0	1.0	0.0	0
1279	22663	1.0	1.0	0.0	0
1280	22680	1.0	1.0	0.0	0
1281	22697	1.0	1.0	0.0	0
1282	22714	1.0	1.0	0.0	0
1283	22730	1.0	1.0	0.0	0
1284	22747	1.0	1.0	0.0	0
1285	22764	1.0	1.0	0.0	0
1286	22781	1.0	1.0	0.0	0
1287	22798	1.0	1.0	0.0	0
1288	22814	1.0	1.0	0.0	0
1289	22830	1.0	1.0	0.0	0
1290	22847	1.0	1.0	0.0	0
1291	22864	1.0	1.0	0.0	0
1292	22880	1.0	1.0	0.0	0
1293	22897	1.0	1.0	0.0	0
1294	22914	1.0	1.0	0.0	0
1295	22930	1.0	1.0	0.0	0
1296	22948	1.0	1.0	0.0	0
1297	22964	1.0	1.0	0.0	0
1298	22981	1.0	1.0	0.0	0
1299	22998	1.0	1.0	0.0	0
1300	23014	1.0	1.0	0.0	0
1301	23031	1.0	1.0	0.0	0
1302	23047	1.0	1.0	0.0	0
1303	23063	1.0	1.0	0.0	0
1304	23080	1.0	1.0	0.0	0
1305	23097	1.0	1.0	0.0	0
1306	23113	1.0	1.0	0.0	0
1307	23131	1.0	1.0	0.0	0
1308	23148	1.0	1.0	0.0	0
1309	23164	1.0	1.0	0.0	0
1310	23180	1.0	1.0	0.0	0
1311	23198	1.0	1.0	0.0	0
1312	23214	1.0	1.0	0.0	0
1313	23230	1.0	1.0	0.0	0
1314	23249	1.0	1.0	0.0	0
1315	23265	1.0	1.0	0.0	0
1316	23280	1.0	1.0	0.0	0
1317	23297	1.0	1.0	0.0	0
1318	23314	1.0	1.0	0.0	0
1319	23330	1.0	1.0	0.0	0
1320	23347	1.0	1.0	0.0	0
1321	23364	1.0	1.0	0.0	0
1322	23381	1.0	1.0	0.0	0
1323	23397	1.0	1.0	0.0	0
1324	23413	1.0	1.0	0.0	0
1325	23430	1.0	1.0	0.0	0
1326	23448	1.0	1.0	0.0	0
1327	23464	1.0	1.0	0.0	0
1328	23480	1.0	1.0	0.0	0
1329	23497	1.0	1.0	0.0	0
1330	23514	1.0	1.0	0.0	0
1331	23531	1.0	1.0	0.0	0
1332	23547	1.0	1.0	0.0	0
1333	23564	1.0	1.0	0.0	0
1334	23581	1.0	1.0	0.0	0
1335	23597	1.0	1.0	0.0	0
1336	23615	1.0	1.0	0.0	0
1337	23630	1.0	1.0	0.0	0
1338	23649	1.0	1.0	0.0	0
1339	23664	1.0	1.0	0.0	0
1340	23681	1.0	1.0	0.0	0
1341	23698	1.0	1.0	0.0	0
1342	23715	1.0	1.0	0.0	0
1343	23730	1.0	1.0	0.0	0
1344	23748	1.0	1.0	0.0	0
1345	23764	1.0	1.0	0.0	0
1346	23780	1.0	1.0	0.0	0
1347	23796	1.0	1.0	0.0	0
1348	23815	1.0	1.0	0.0	0
1349	23830	1.0	1.0	0.0	0
1350	23848	1.0	1.0	0.0	0
1351	23864	1.0	1.0	0.0	0
1352	23881	1.0	1.0	0.0	0
1353	23896	1.0	1.0	0.0	0
1354	23914	1.0	1.0	0.0	0
1355	23931	1.0	1.0	0.0	0
1356	23948	1.0	1.0	0.0	0
1357	23964	1.0	1.0	0.0	0
1358	23980	1.0	1.0	0.0	0
1359	23997	1.0	1.0	0.0	0
1360	24014	1.0	1.0	0.0	0
1361	24030	1.0	1.0	0.0	0
1362	24046	1.0	1.0	0.0	0
1363	24063	1.0	1.0	0.0	0
1364	24080	1.0	1.0	0.0	0
1365	24097	1.0	1.0	0.0	0
1366	24113	1.0	1.0	0.0	0
1367	24130	1.0	1.0	0.0	0
1368	24146	1.0	1.0	0.0	0
1369	24165	1.0	1.0	0.0	0
1370	24180	1.0	1.0	0.0	0
1371	24196	1.0	1.0	0.0	0
1372	24213	1.0	1.0	0.0	0
1373	24230	1.0	1.0	0.0	0
1374	24247	1.0	1.0	0.0	0
1375	24264	1.0	1.0	0.0	0
1376	24281	1.0	1.0	0.0	0
1377	24297	1.0	1.0	0.0	0
1378	24313	1.0	1.0	0.0	0
1379	24331	1.0	1.0	0.0	0
1380	24347	1.0	1.0	0.0	0
1381	24363	1.0	1.0	0.0	0
1382	24381	1.0	1.0	0.0	0
1383	24396	1.0	1.0	0.0	0
1384	24413	1.0	1.0	0.0	0
1385	24431	1.0	1.0	0.0	0
1386	24448	1.0	1.0	0.0	0
1387	24464	1.0	1.0	0.0	0
1388	24481	1.0	1.0	0.0	0
1389	24498	1.0	1.0	0.0	0
1390	24514	1.0	1.0	0.0	0
1391	24530	1.0	1.0	0.0	0
1392	24547	1.0	1.0	0.0	0
1393	24565	1.0	1.0	0.0	0
1394	24581	1.0	1.0	0.0	0
1395	24597	1.0	1.0	0.0	0
1396	24613	1.0	1.0	0.0	0
1397	24630	1.0	1.0	0.0	0
1398	24647	1.0	1.0	0.0	0
1399	24663	1.0	1.0	0.0	0
1400	24679	1.0	1.0	0.0	0
1401	24697	1.0	1.0	0.0	0
1402	24714	1.0	1.0	0.0	0
1403	24730	1.0	1.0	0.0	0
1404	24747	1.0	1.0	0.0	0
1405	24763	1.0	1.0	0.0	0
1406	24780	1.0	1.0	0.0	0
1407	24797	1.0	1.0	0.0	0
1408	24814	1.0	1.0	0.0	0
1409	24830	1.0	1.0	0.0	0
1410	24848	1.0	1.0	0.0	0
1411	24863	1.0	1.0	0.0	0
1412	24880	1.0	1.0	0.0	0
1413	24896	1.0	1.0	0.0	0
1414	24914	1.0	1.0	0.0	0
1415	24931	1.0	1.0	0.0	0
1416	24948	1.0	1.0	0.0	0
1417	24963	1.0	1.0	0.0	0
1418	24980	1.0	1.0	0.0	0
1419	24997	1.0	1.0	0.0	0
1420	25014	1.0	1.0	0.0	0
1421	25030	1.0	1.0	0.0	0
1422	25047	1.0	1.0	0.0	0
1423	25064	1.0	1.0	0.0	0
1424	25080	1.0	1.0	0.0	0
1425	25097	1.0	1.0	0.0	0
1426	25114	1.0	1.0	0.0	0
1427	25130	1.0	1.0	0.0	0
1428	25147	1.0	1.0	0.0	0
1429	25164	1.0	1.0	0.0	0
1430	25181	1.0	1.0	0.0	0
1431	25198	1.0	1.0	0.0	0
1432	25214	1.0	1.0	0.0	0
1433	25231	1.0	1.0	0.0	0
1434	25248	1.0	1.0	0.0	0
1435	25264	1.0	1.0	0.0	0
1436	25280	1.0	1.0	0.0	0
1437	25298	1.0	1.0	0.0	0
1438	25314	1.0	1.0	0.0	0
1439	25330	1.0	1.0	0.0	0
1440	25346	1.0	1.0	0.0	0
1441	25364	1.0	1.0	0.0	0
1442	25380	1.0	1.0	0.0	0
1443	25397	1.0	1.0	0.0	0
1444	25414	1.0	1.0	0.0	0
1445	25430	1.0	1.0	0.0	0
1446	25448	1.0	1.0	0.0	0
1447	25464	1.0	1.0	0.0	0
1448	25480	1.0	1.0	0.0	0
1449	25498	1.0	1.0	0.0	0
1450	25514	1.0	1.0	0.0	0
1451	25531	1.0	1.0	0.0	0
1452	25547	1.0	1.0	0.0	0
1453	25564	1.0	1.0	0.0	0
1454	25581	1.0	1.0	0.0	0
1455	25598	1.0	1.0	0.0	0
1456	25613	1.0	1.0	0.0	0
1457	25630	1.0	1.0	0.0	0
1458	25648	1.0	1.0	0.0	0
1459	25664	1.0	1.0	0.0	0
1460	25681	1.0	1.0	0.0	0
1461	25696	1.0	1.0	0.0	0
1462	25714	1.0	1.0	0.0	0
1463	25731	1.0	1.0	0.0	0
1464	25747	1.0	1.0	0.0	0
1465	25764	1.0	1.0	0.0	0
1466	25780	1.0	1.0	0.0	0
1467	25797	1.0	1.0	0.0	0
1468	25814	1.0	1.0	0.0	0
1469	25830	1.0	1.0	0.0	0
1470	25847	1.0	1.0	0.0	0
1471	25864	1.0	1.0	0.0	0
1472	25880	1.0	1.0	0.0	0
1473	25897	1.0	1.0	0.0	0
1474	25914	1.0	1.0	0.0	0
1475	25931	1.0	1.0	0.0	0
1476	25947	1.0	1.0	0.0	0
1477	25964	1.0	1.0	0.0	0
1478	25981	1.0	1.0	0.0	0
1479	25999	1.0	1.0	0.0	0
1480	26014	1.0	1.0	0.0	0
1481	26031	1.0	1.0	0.0	0
1482	26048	1.0	1.0	0.0	0
1483	26064	1.0	1.0	0.0	0
1484	26080	1.0	1.0	0.0	0
1485	26097	1.0	1.0	0.0	0
1486	26115	1.0	1.0	0.0	0
1487	26130	1.0	1.0	0.0	0
1488	26147	1.0	1.0	0.0	0
1489	26165	1.0	1.0	0.0	0
1490	26181	1.0	1.0	0.0	0
1491	26196	1.0	1.0	0.0	0
1492	26214	1.0	1.0	0.0	0
1493	26230	1.0	1.0	0.0	0
1494	26247	1.0	1.0	0.0	0
1495	26264	1.0	1.0	0.0	0
1496	26281	1.0	1.0	0.0	0
1497	26297	1.0	1.0	0.0	0
1498	26314	1.0	1.0	0.0	0
1499	26331	1.0	1.0	0.0	0
1500	26347	1.0	1.0	0.0	0
1501	26364	1.0	1.0	0.0	0
1502	26380	1.0	1.0	0.0	0
1503	26398	1.0	1.0	0.0	0
1504	26414	1.0	1.0	0.0	0
1505	26431	1.0	1.0	0.0	0
1506	26446	1.0	1.0	0.0	0
1507	26463	1.0	1.0	0.0	0
1508	26480	1.0	1.0	0.0	0
1509	26497	1.0	1.0	0.0	0
1510	26514	1.0	1.0	0.0	0
1511	26531	1.0	1.0	0.0	0
1512	26547	1.0	1.0	0.0	0
1513	26563	1.0	1.0	0.0	0
1514	26582	1.0	1.0	0.0	0
1515	26598	1.0	1.0	0.0	0
1516	26614	1.0	1.0	0.0	0
1517	26630	1.0	1.0	0.0	0
1518	26647	1.0	1.0	0.0	0
1519	26664	1.0	1.0	0.0	0
1520	26680	1.0	1.0	0.0	0
1521	26698	1.0	1.0	0.0	0
1522	26714	1.0	1.0	0.0	0
1523	26732	1.0	1.0	0.0	0
1524	26747	1.0	1.0	0.0	0
1525	26765	1.0	1.0	0.0	0
1526	26781	1.0	1.0	0.0	0
1527	26797	1.0	1.0	0.0	0
1528	26814	1.0	1.0	0.0	0
1529	26832	1.0	1.0	0.0	0
1530	26848	1.0	1.0	0.0	0
1531	26863	1.0	1.0	0.0	0
1532	26880	1.0	1.0	0.0	0
1533	26897	1.0	1.0	0.0	0
1534	26913	1.0	1.0	0.0	0
1535	26931	1.0	1.0	0.0	0
1536	26946	1.0	1.0	0.0	0
1537	26964	1.0	1.0	0.0	0
1538	26981	1.0	1.0	0.0	0
1539	26997	1.0	1.0	0.0	0
1540	27014	1.0	1.0	0.0	0
1541	27031	1.0	1.0	0.0	0
1542	27048	1.0	1.0	0.0	0
1543	27064	1.0	1.0	0.0	0
1544	27081	1.0	1.0	0.0	0
1545	27097	1.0	1.0	0.0	0
1546	27114	1.0	1.0	0.0	0
1547	27132	1.0	1.0	0.0	0
1548	27148	1.0	1.0	0.0	0
1549	27164	1.0	1.0	0.0	0
1550	27181	1.0	1.0	0.0	0
1551	27198	1.0	1.0	0.0	0
1552	27213	1.0	1.0	0.0	0
1553	27231	1.0	1.0	0.0	0
1554	27247	1.0	1.0	0.0	0
1555	27264	1.0	1.0	0.0	0
1556	27281	1.0	1.0	0.0	0
1557	27297	1.0	1.0	0.0	0
1558	27315	1.0	1.0	0.0	0
1559	27331	1.0	1.0	0.0	0
1560	27347	1.0	1.0	0.0	0
1561	27364	1.0	1.0	0.0	0
1562	27380	1.0	1.0	0.0	0
1563	27398	1.0	1.0	0.0	0
1564	27414	1.0	1.0	0.0	0
1565	27430	1.0	1.0	0.0	0
1566	27448	1.0	1.0	0.0	0
1567	27464	1.0	1.0	0.0	0
1568	27481	1.0	1.0	0.0	0
1569	27499	1.0	1.0	0.0	0
1570	27514	1.0	1.0	0.0	0
1571	27531	1.0	1.0	0.0	0
1572	27547	1.0	1.0	0.0	0
1573	27564	1.0	1.0	0.0	0
1574	27580	1.0	1.0	0.0	0
1575	27598	1.0	1.0	0.0	0
1576	27614	1.0	1.0	0.0	0
1577	27631	1.0	1.0	0.0	0
1578	27647	1.0	1.0	0.0	0
1579	27664	1.0	1.0	0.0	0
1580	27680	1.0	1.0	0.0	0
1581	27698	1.0	1.0	0.0	0
1582	27714	1.0	1.0	0.0	0
1583	27730	1.0	1.0	0.0	0
1584	27748	1.0	1.0	0.0	0
1585	27764	1.0	1.0	0.0	0
1586	27780	1.0	1.0	0.0	0
1587	27797	1.0	1.0	0.0	0
1588	27815	1.0	1.0	0.0	0
1589	27832	1.0	1.0	0.0	0
1590	27848	1.0	1.0	0.0	0
1591	27864	1.0	1.0	0.0	0
1592	27881	1.0	1.0	0.0	0
1593	27898	1.0	1.0	0.0	0
1594	27913	1.0	1.0	0.0	0
1595	27931	1.0	1.0	0.0	0
1596	27948	1.0	1.0	0.0	0
1597	27964	1.0	1.0	0.0	0
1598	27981	1.0	1.0	0.0	0
1599	27999	1.0	1.0	0.0	0
1600	28015	1.0	1.0	0.0	0
1601	28032	1.0	1.0	0.0	0
1602	28048	1.0	1.0	0.0	0
1603	28064	1.0	1.0	0.0	0
1604	28081	1.0	1.0	0.0	0
1605	28098	1.0	1.0	0.0	0
1606	28114	1.0	1.0	0.0	0
1607	28132	1.0	1.0	0.0	0
1608	28147	1.0	1.0	0.0	0
1609	28164	1.0	1.0	0.0	0
1610	28180	1.0	1.0	0.0	0
1611	28198	1.0	1.0	0.0	0
1612	28214	1.0	1.0	0.0	0
1613	28231	1.0	1.0	0.0	0
1614	28247	1.0	1.0	0.0	0
1615	28264	1.0	1.0	0.0	0
1616	28280	1.0	1.0	0.0	0
1617	28297	1.0	1.0	0.0	0
1618	28314	1.0	1.0	0.0	0
1619	28330	1.0	1.0	0.0	0
1620	28348	1.0	1.0	0.0	0
1621	28364	1.0	1.0	0.0	0
1622	28381	1.0	1.0	0.0	0
1623	28399	1.0	1.0	0.0	0
1624	28414	1.0	1.0	0.0	0
1625	28432	1.0	1.0	0.0	0
1626	28448	1.0	1.0	0.0	0
1627	28464	1.0	1.0	0.0	0
1628	28480	1.0	1.0	0.0	0
1629	28497	1.0	1.0	0.0	0
1630	28514	1.0	1.0	0.0	0
1631	28530	1.0	1.0	0.0	0
1632	28547	1.0	1.0	0.0	0
1633	28564	1.0	1.0	0.0	0
1634	28581	1.0	1.0	0.0	0
1635	28597	1.0	1.0	0.0	0
1636	28613	1.0	1.0	0.0	0
1637	28630	1.0	1.0	0.0	0
1638	28648	1.0	1.0	0.0	0
1639	28664	1.0	1.0	0.0	0
1640	28681	1.0	1.0	0.0	0
1641	28697	1.0	1.0	0.0	0
1642	28714	1.0	1.0	0.0	0
1643	28732	1.0	1.0	0.0	0
1644	28747	1.0	1.0	0.0	0
1645	28763	1.0	1.0	0.0	0
1646	28780	1.0	1.0	0.0	0
1647	28797	1.0	1.0	0.0	0
1648	28814	1.0	1.0	0.0	0
1649	28831	1.0	1.0	0.0	0
1650	28847	1.0	1.0	0.0	0
1651	28865	1.0	1.0	0.0	0
1652	28881	1.0	1.0	0.0	0
1653	28898	1.0	1.0	0.0	0
1654	28913	1.0	1.0	0.0	0
1655	28930	1.0	1.0	0.0	0
1656	28947	1.0	1.0	0.0	0
1657	28965	1.0	1.0	0.0	0
1658	28980	1.0	1.0	0.0	0
1659	28997	1.0	1.0	0.0	0
1660	29014	1.0	1.0	0.0	0
1661	29031	1.0	1.0	0.0	0
1662	29047	1.0	1.0	0.0	0
1663	29063	1.0	1.0	0.0	0
1664	29081	1.0	1.0	0.0	0
1665	29097	1.0	1.0	0.0	0
1666	29113	1.0	1.0	0.0	0
1667	29130	1.0	1.0	0.0	0
1668	29147	1.0	1.0	0.0	0
1669	29165	1.0	1.0	0.0	0
1670	29182	1.0	1.0	0.0	0
1671	29197	1.0	1.0	0.0	0
1672	29215	1.0	1.0	0.0	0
1673	29230	1.0	1.0	0.0	0
1674	29248	1.0	1.0	0.0	0
1675	29265	1.0	1.0	0.0	0
1676	29281	1.0	1.0	0.0	0
1677	29298	1.0	1.0	0.0	0
1678	29315	1.0	1.0	0.0	0
1679	29331	1.0	1.0	0.0	0
1680	29347	1.0	1.0	0.0	0
1681	29364	1.0	1.0	0.0	0
1682	29382	1.0	1.0	0.0	0
1683	29397	1.0	1.0	0.0	0
1684	29414	1.0	1.0	0.0	0
1685	29430	1.0	1.0	0.0	0
1686	29448	1.0	1.0	0.0	0
1687	29464	1.0	1.0	0.0	0
1688	29481	1.0	1.0	0.0	0
1689	29498	1.0	1.0	0.0	0
1690	29514	1.0	1.0	0.0	0
1691	29531	1.0	1.0	0.0	0
1692	29547	1.0	1.0	0.0	0
1693	29563	1.0	1.0	0.0	0
1694	29581	1.0	1.0	0.0	0
1695	29597	1.0	1.0	0.0	0
1696	29614	1.0	1.0	0.0	0
1697	29632	1.0	1.0	0.0	0
1698	29648	1.0	1.0	0.0	0
1699	29664	1.0	1.0	0.0	0
1700	29681	1.0	1.0	0.0	0
1701	29697	1.0	1.0	0.0	0
1702	29714	1.0	1.0	0.0	0
1703	29731	1.0	1.0	0.0	0
1704	29747	1.0	1.0	0.0	0
1705	29764	1.0	1.0	0.0	0
1706	29781	1.0	1.0	0.0	0
1707	29797	1.0	1.0	0.0	0
1708	29814	1.0	1.0	0.0	0
1709	29830	1.0	1.0	0.0	0
1710	29848	1.0	1.0	0.0	0
1711	29864	1.0	1.0	0.0	0
1712	29881	1.0	1.0	0.0	0
1713	29897	1.0	1.0	0.0	0
1714	29915	1.0	1.0	0.0	0
1715	29931	1.0	1.0	0.0	0
1716	29948	1.0	1.0	0.0	0
1717	29965	1.0	1.0	0.0	0
1718	29981	1.0	1.0	0.0	0
1719	29998	1.0	1.0	0.0	0
1720	30014	1.0	1.0	0.0	0
1721	30031	1.0	1.0	0.0	0
1722	30048	1.0	1.0	0.0	0
1723	30064	1.0	1.0	0.0	0
1724	30080	1.0	1.0	0.0	0
1725	30097	1.0	1.0	0.0	0
1726	30113	1.0	1.0	0.0	0
1727	30131	1.0	1.0	0.0	0
1728	30147	1.0	1.0	0.0	0
1729	30165	1.0	1.0	0.0	0
1730	30181	1.0	1.0	0.0	0
1731	30196	1.0	1.0	0.0	0
1732	30213	1.0	1.0	0.0	0
1733	30231	1.0	1.0	0.0	0
1734	30248	1.0	1.0	0.0	0
1735	30265	1.0	1.0	0.0	0
1736	30281	1.0	1.0	0.0	0
1737	30297	1.0	1.0	0.0	0
1738	30314	1.0	1.0	0.0	0
1739	30331	1.0	1.0	0.0	0
1740	30347	1.0	1.0	0.0	0
1741	30363	1.0	1.0	0.0	0
1742	30381	1.0	1.0	0.0	0
1743	30397	1.0	1.0	0.0	0
1744	30414	1.0	1.0	0.0	0
1745	30431	1.0	1.0	0.0	0
1746	30447	1.0	1.0	0.0	0
1747	30463	1.0	1.0	0.0	0
1748	30480	1.0	1.0	0.0	0
1749	30496	1.0	1.0	0.0	0
1750	30514	1.0	1.0	0.0	0
1751	30531	1.0	1.0	0.0	0
1752	30549	1.0	1.0	0.0	0
1753	30564	1.0	1.0	0.0	0
1754	30581	1.0	1.0	0.0	0
1755	30597	1.0	1.0	0.0	0
1756	30614	1.0	1.0	0.0	0
1757	30631	1.0	1.0	0.0	0
1758	30648	1.0	1.0	0.0	0
1759	30664	1.0	1.0	0.0	0
1760	30681	1.0	1.0	0.0	0
1761	30699	1.0	1.0	0.0	0
1762	30714	1.0	1.0	0.0	0
1763	30731	1.0	1.0	0.0	0
1764	30748	1.0	1.0	0.0	0
1765	30764	1.0	1.0	0.0	0
1766	30780	1.0	1.0	0.0	0
1767	30797	1.0	1.0	0.0	0
1768	30814	1.0	1.0	0.0	0
1769	30830	1.0	1.0	0.0	0
1770	30847	1.0	1.0	0.0	0
1771	30863	1.0	1.0	0.0	0
1772	30880	1.0	1.0	0.0	0
1773	30896	1.0	1.0	0.0	0
1774	30914	1.0	1.0	0.0	0
1775	30931	1.0	1.0	0.0	0
1776	30947	1.0	1.0	0.0	0
1777	30963	1.0	1.0	0.0	0
1778	30981	1.0	1.0	0.0	0
1779	30998	1.0	1.0	0.0	0
1780	31015	1.0	1.0	0.0	0
1781	31031	1.0	1.0	0.0	0
1782	31047	1.0	1.0	0.0	0
1783	31064	1.0	1.0	0.0	0
1784	31081	1.0	1.0	0.0	0
1785	31096	1.0	1.0	0.0	0
1786	31113	1.0	1.0	0.0	0
1787	31131	1.0	1.0	0.0	0
1788	31147	1.0	1.0	0.0	0
1789	31164	1.0	1.0	0.0	0
1790	31180	1.0	1.0	0.0	0
1791	31198	1.0	1.0	0.0	0
1792	31213	1.0	1.0	0.0	0
1793	31231	1.0	1.0	0.0	0
1794	31248	1.0	1.0	0.0	0
1795	31263	1.0	1.0	0.0	0
1796	31280	1.0	1.0	0.0	0
1797	31297	1.0	1.0	0.0	0
1798	31315	1.0	1.0	0.0	0
1799	31330	1.0	1.0	0.0	0
1800	31348	1.0	1.0	0.0	0
1801	31365	1.0	1.0	0.0	0
1802	31381	1.0	1.0	0.0	0
1803	31397	1.0	1.0	0.0	0
1804	31415	1.0	1.0	0.0	0
1805	31431	1.0	1.0	0.0	0
1806	31448	1.0	1.0	0.0	0
1807	31464	1.0	1.0	0.0	0
1808	31480	1.0	1.0	0.0	0
1809	31498	1.0	1.0	0.0	0
1810	31515	1.0	1.0	0.0	0
1811	31532	1.0	1.0	0.0	0
1812	31548	1.0	1.0	0.0	0
1813	31564	1.0	1.0	0.0	0
1814	31581	1.0	1.0	0.0	0
1815	31597	1.0	1.0	0.0	0
1816	31614	1.0	1.0	0.0	0
1817	31631	1.0	1.0	0.0	0
1818	31647	1.0	1.0	0.0	0
1819	31664	1.0	1.0	0.0	0
1820	31681	1.0	1.0	0.0	0
1821	31697	1.0	1.0	0.0	0
1822	31713	1.0	1.0	0.0	0
1823	31731	1.0	1.0	0.0	0
1824	31748	1.0	1.0	0.0	0
1825	31764	1.0	1.0	0.0	0
1826	31781	1.0	1.0	0.0	0
1827	31798	1.0	1.0	0.0	0
1828	31814	1.0	1.0	0.0	0
1829	31830	1.0	1.0	0.0	0
1830	31847	1.0	1.0	0.0	0
1831	31864	1.0	1.0	0.0	0
1832	31881	1.0	1.0	0.0	0
1833	31897	1.0	1.0	0.0	0
1834	31914	1.0	1.0	0.0	0
1835	31931	1.0	1.0	0.0	0
1836	31947	1.0	1.0	0.0	0
1837	31964	1.0	1.0	0.0	0
1838	31980	1.0	1.0	0.0	0
1839	31998	1.0	1.0	0.0	0
1840	32014	1.0	1.0	0.0	0
1841	32031	1.0	1.0	0.0	0
1842	32047	1.0	1.0	0.0	0
1843	32063	1.0	1.0	0.0	0
1844	32081	1.0	1.0	0.0	0
1845	32098	1.0	1.0	0.0	0
1846	32114	1.0	1.0	0.0	0
1847	32131	1.0	1.0	0.0	0
1848	32147	1.0	1.0	0.0	0
1849	32164	1.0	1.0	0.0	0
1850	32180	1.0	1.0	0.0	0
1851	32198	1.0	1.0	0.0	0
1852	32215	1.0	1.0	0.0	0
1853	32231	1.0	1.0	0.0	0
1854	32247	1.0	1.0	0.0	0
1855	32264	1.0	1.0	0.0	0
1856	32281	1.0	1.0	0.0	0
1857	32298	1.0	1.0	0.0	0
1858	32314	1.0	1.0	0.0	0
1859	32331	1.0	1.0	0.0	0
1860	32348	1.0	1.0	0.0	0
1861	32364	1.0	1.0	0.0	0
1862	32380	1.0	1.0	0.0	0
1863	32398	1.0	1.0	0.0	0
1864	32414	1.0	1.0	0.0	0
1865	32432	1.0	1.0	0.0	0
1866	32448	1.0	1.0	0.0	0
1867	32465	1.0	1.0	0.0	0
1868	32482	1.0	1.0	0.0	0
1869	32498	1.0	1.0	0.0	0
1870	32514	1.0	1.0	0.0	0
1871	32530	1.0	1.0	0.0	0
1872	32548	1.0	1.0	0.0	0
1873	32564	1.0	1.0	0.0	0
1874	32580	1.0	1.0	0.0	0
1875	32597	1.0	1.0	0.0	0
1876	32614	1.0	1.0	0.0	0
1877	32630	1.0	1.0	0.0	0
1878	32647	1.0	1.0	0.0	0
1879	32664	1.0	1.0	0.0	0
1880	32681	1.0	1.0	0.0	0
1881	32698	1.0	1.0	0.0	0
1882	32714	1.0	1.0	0.0	0
1883	32730	1.0	1.0	0.0	0
1884	32748	1.0	1.0	0.0	0
1885	32765	1.0	1.0	0.0	0
1886	32780	1.0	1.0	0.0	0
1887	32797	1.0	1.0	0.0	0
1888	32815	1.0	1.0	0.0	0
1889	32830	1.0	1.0	0.0	0
1890	32847	1.0	1.0	0.0	0
1891	32865	1.0	1.0	0.0	0
1892	32881	1.0	1.0	0.0	0
1893	32898	1.0	1.0	0.0	0
1894	32913	1.0	1.0	0.0	0
1895	32931	1.0	1.0	0.0	0
1896	32947	1.0	1.0	0.0	0
1897	32964	1.0	1.0	0.0	0
1898	32981	1.0	1.0	0.0	0
1899	32997	1.0	1.0	0.0	0
1900	33014	1.0	1.0	0.0	0
1901	33031	1.0	1.0	0.0	0
1902	33047	1.0	1.0	0.0	0
1903	33064	1.0	1.0	0.0	0
1904	33080	1.0	1.0	0.0	0
1905	33097	1.0	1.0	0.0	0
1906	33114	1.0	1.0	0.0	0
1907	33132	1.0	1.0	0.0	0
1908	33147	1.0	1.0	0.0	0
1909	33164	1.0	1.0	0.0	0
1910	33181	1.0	1.0	0.0	0
1911	33197	1.0	1.0	0.0	0
1912	33214	1.0	1.0	0.0	0
1913	33231	1.0	1.0	0.0	0
1914	33247	1.0	1.0	0.0	0
1915	33264	1.0	1.0	0.0	0
1916	33280	1.0	1.0	0.0	0
1917	33297	1.0	1.0	0.0	0
1918	33315	1.0	1.0	0.0	0
1919	33331	1.0	1.0	0.0	0
1920	33346	1.0	1.0	0.0	0
1921	33363	1.0	1.0	0.0	0
1922	33381	1.0	1.0	0.0	0
1923	33398	1.0	1.0	0.0	0
1924	33414	1.0	1.0	0.0	0
1925	33431	1.0	1.0	0.0	0
1926	33448	1.0	1.0	0.0	0
1927	33465	1.0	1.0	0.0	0
1928	33481	1.0	1.0	0.0	0
1929	33498	1.0	1.0	0.0	0
1930	33514	1.0	1.0	0.0	0
1931	33530	1.0	1.0	0.0	0
1932	33548	1.0	1.0	0.0	0
1933	33565	1.0	1.0	0.0	0
1934	33581	1.0	1.0	0.0	0
1935	33598	1.0	1.0	0.0	0
1936	33615	1.0	1.0	0.0	0
1937	33631	1.0	1.0	0.0	0
1938	33647	1.0	1.0	0.0	0
1939	33664	1.0	1.0	0.0	0
1940	33681	1.0	1.0	0.0	0
1941	33697	1.0	1.0	0.0	0
1942	33714	1.0	1.0	0.0	0
1943	33731	1.0	1.0	0.0	0
1944	33747	1.0	1.0	0.0	0
1945	33764	1.0	1.0	0.0	0
1946	33781	1.0	1.0	0.0	0
1947	33798	1.0	1.0	0.0	0
1948	33814	1.0	1.0	0.0	0
1949	33831	1.0	1.0	0.0	0
1950	33848	1.0	1.0	0.0	0
1951	33865	1.0	1.0	0.0	0
1952	33881	1.0	1.0	0.0	0
1953	33897	1.0	1.0	0.0	0
1954	33914	1.0	1.0	0.0	0
1955	33931	1.0	1.0	0.0	0
1956	33947	1.0	1.0	0.0	0
1957	33964	1.0	1.0	0.0	0
1958	33980	1.0	1.0	0.0	0
1959	33997	1.0	1.0	0.0	0
1960	34015	1.0	1.0	0.0	0
1961	34030	1.0	1.0	0.0	0
1962	34048	1.0	1.0	0.0	0
1963	34065	1.0	1.0	0.0	0
1964	34080	1.0	1.0	0.0	0
1965	34097	1.0	1.0	0.0	0
1966	34115	1.0	1.0	0.0	0
1967	34131	1.0	1.0	0.0	0
1968	34147	1.0	1.0	0.0	0
1969	34165	1.0	1.0	0.0	0
1970	34181	1.0	1.0	0.0	0
1971	34197	1.0	1.0	0.0	0
1972	34214	1.0	1.0	0.0	0
1973	34231	1.0	1.0	0.0	0
1974	34247	1.0	1.0	0.0	0
1975	34263	1.0	1.0	0.0	0
1976	34280	1.0	1.0	0.0	0
1977	34297	1.0	1.0	0.0	0
1978	34313	1.0	1.0	0.0	0
1979	34331	1.0	1.0	0.0	0
1980	34348	1.0	1.0	0.0	0
1981	34364	1.0	1.0	0.0	0
1982	34380	1.0	1.0	0.0	0
1983	34397	1.0	1.0	0.0	0
1984	34414	1.0	1.0	0.0	0
1985	34430	1.0	1.0	0.0	0
1986	34447	1.0	1.0	0.0	0
1987	34464	1.0	1.0	0.0	0
1988	34481	1.0	1.0	0.0	0
1989	34497	1.0	1.0	0.0	0
1990	34514	1.0	1.0	0.0	0
1991	34530	1.0	1.0	0.0	0
1992	34547	1.0	1.0	0.0	0
1993	34564	1.0	1.0	0.0	0
1994	34581	1.0	1.0	0.0	0
1995	34596	1.0	1.0	0.0	0
1996	34615	1.0	1.0	0.0	0
1997	34632	1.0	1.0	0.0	0
1998	34648	1.0	1.0	0.0	0
1999	34665	1.0	1.0	0.0	0
2000	34681	1.0	1.0	0.0	0
2001	34697	1.0	1.0	0.0	0
2002	34714	1.0	1.0	0.0	0
2003	34731	1.0	1.0	0.0	0
2004	34747	1.0	1.0	0.0	0
2005	34764	1.0	1.0	0.0	0
2006	34780	1.0	1.0	0.0	0
2007	34798	1.0	1.0	0.0	0
2008	34814	1.0	1.0	0.0	0
2009	34830	1.0	1.0	0.0	0
2010	34848	1.0	1.0	0.0	0
2011	34864	1.0	1.0	0.0	0
2012	34881	1.0	1.0	0.0	0
2013	34897	1.0	1.0	0.0	0
2014	34913	1.0	1.0	0.0	0
2015	34931	1.0	1.0	0.0	0
2016	34948	1.0	1.0	0.0	0
2017	34964	1.0	1.0	0.0	0
2018	34982	1.0	1.0	0.0	0
2019	34997	1.0	1.0	0.0	0
2020	35014	1.0	1.0	0.0	0
2021	35030	1.0	1.0	0.0	0
2022	35048	1.0	1.0	0.0	0
2023	35064	1.0	1.0	0.0	0
2024	35080	1.0	1.0	0.0	0
2025	35097	1.0	1.0	0.0	0
2026	35113	1.0	1.0	0.0	0
2027	35130	1.0	1.0	0.0	0
2028	35148	1.0	1.0	0.0	0
2029	35164	1.0	1.0	0.0	0
2030	35180	1.0	1.0	0.0	0
2031	35198	1.0	1.0	0.0	0
2032	35213	1.0	1.0	0.0	0
2033	35231	1.0	1.0	0.0	0
2034	35247	1.0	1.0	0.0	0
2035	35263	1.0	1.0	0.0	0
2036	35280	1.0	1.0	0.0	0
2037	35298	1.0	1.0	0.0	0
2038	35315	1.0	1.0	0.0	0
2039	35332	1.0	1.0	0.0	0
2040	35348	1.0	1.0	0.0	0
2041	35363	1.0	1.0	0.0	0
2042	35382	1.0	1.0	0.0	0
2043	35398	1.0	1.0	0.0	0
2044	35414	1.0	1.0	0.0	0
2045	35431	1.0	1.0	0.0	0
2046	35448	1.0	1.0	0.0	0
2047	35466	1.0	1.0	0.0	0
2048	35480	1.0	1.0	0.0	0
2049	35498	1.0	1.0	0.0	0
2050	35515	1.0	1.0	0.0	0
2051	35530	1.0	1.0	0.0	0
2052	35548	1.0	1.0	0.0	0
2053	35564	1.0	1.0	0.0	0
2054	35581	1.0	1.0	0.0	0
2055	35597	1.0	1.0	0.0	0
2056	35614	1.0	1.0	0.0	0
2057	35631	1.0	1.0	0.0	0
2058	35647	1.0	1.0	0.0	0
2059	35665	1.0	1.0	0.0	0
2060	35680	1.0	1.0	0.0	0
2061	35697	1.0	1.0	0.0	0
2062	35713	1.0	1.0	0.0	0
2063	35731	1.0	1.0	0.0	0
2064	35747	1.0	1.0	0.0	0
2065	35764	1.0	1.0	0.0	0
2066	35780	1.0	1.0	0.0	0
2067	35797	1.0	1.0	0.0	0
2068	35814	1.0	1.0	0.0	0
2069	35832	1.0	1.0	0.0	0
2070	35847	1.0	1.0	0.0	0
2071	35865	1.0	1.0	0.0	0
2072	35881	1.0	1.0	0.0	0
2073	35897	1.0	1.0	0.0	0
2074	35914	1.0	1.0	0.0	0
2075	35931	1.0	1.0	0.0	0
2076	35947	1.0	1.0	0.0	0
2077	35964	1.0	1.0	0.0	0
2078	35981	1.0	1.0	0.0	0
2079	35997	1.0	1.0	0.0	0
2080	36014	1.0	1.0	0.0	0
2081	36031	1.0	1.0	0.0	0
2082	36047	1.0	1.0	0.0	0
2083	36064	1.0	1.0	0.0	0
2084	36082	1.0	1.0	0.0	0
2085	36098	1.0	1.0	0.0	0
2086	36114	1.0	1.0	0.0	0
2087	36131	1.0	1.0	0.0	0
2088	36147	1.0	1.0	0.0	0
2089	36164	1.0	1.0	0.0	0
2090	36181	1.0	1.0	0.0	0
2091	36198	1.0	1.0	0.0	0
2092	36214	1.0	1.0	0.0	0
2093	36230	1.0	1.0	0.0	0
2094	36248	1.0	1.0	0.0	0
2095	36265	1.0	1.0	0.0	0
2096	36282	1.0	1.0	0.0	0
2097	36298	1.0	1.0	0.0	0
2098	36314	1.0	1.0	0.0	0
2099	36331	1.0	1.0	0.0	0
2100	36347	1.0	1.0	0.0	0
2101	36363	1.0	1.0	0.0	0
2102	36380	1.0	1.0	0.0	0
2103	36397	1.0	1.0	0.0	0
2104	36413	1.0	1.0	0.0	0
2105	36430	1.0	1.0	0.0	0
2106	36447	1.0	1.0	0.0	0
2107	36464	1.0	1.0	0.0	0
2108	36481	1.0	1.0	0.0	0
2109	36497	1.0	1.0	0.0	0
2110	36514	1.0	1.0	0.0	0
2111	36530	1.0	1.0	0.0	0
2112	36548	1.0	1.0	0.0	0
2113	36564	1.0	1.0	0.0	0
2114	36580	1.0	1.0	0.0	0
2115	36598	1.0	1.0	0.0	0
2116	36615	1.0	1.0	0.0	0
2117	36630	1.0	1.0	0.0	0
2118	36647	1.0	1.0	0.0	0
2119	36664	1.0	1.0	0.0	0
2120	36680	1.0	1.0	0.0	0
2121	36697	1.0	1.0	0.0	0
2122	36714	1.0	1.0	0.0	0
2123	36731	1.0	1.0	0.0	0
2124	36747	1.0	1.0	0.0	0
2125	36764	1.0	1.0	0.0	0
2126	36781	1.0	1.0	0.0	0
2127	36797	1.0	1.0	0.0	0
2128	36813	1.0	1.0	0.0	0
2129	36831	1.0	1.0	0.0	0
2130	36848	1.0	1.0	0.0	0
2131	36864	1.0	1.0	0.0	0
2132	36882	1.0	1.0	0.0	0
2133	36899	1.0	1.0	0.0	0
2134	36914	1.0	1.0	0.0	0
2135	36932	1.0	1.0	0.0	0
2136	36947	1.0	1.0	0.0	0
2137	36965	1.0	1.0	0.0	0
2138	36981	1.0	1.0	0.0	0
2139	36997	1.0	1.0	0.0	0
2140	37013	1.0	1.0	0.0	0
2141	37032	1.0	1.0	0.0	0
2142	37047	1.0	1.0	0.0	0
2143	37064	1.0	1.0	0.0	0
2144	37082	1.0	1.0	0.0	0
2145	37098	1.0	1.0	0.0	0
2146	37115	1.0	1.0	0.0	0
2147	37131	1.0	1.0	0.0	0
2148	37147	1.0	1.0	0.0	0
2149	37165	1.0	1.0	0.0	0
2150	37181	1.0	1.0	0.0	0
2151	37198	1.0	1.0	0.0	0
2152	37214	1.0	1.0	0.0	0
2153	37232	1.0	1.0	0.0	0
2154	37247	1.0	1.0	0.0	0
2155	37265	1.0	1.0	0.0	0
2156	37281	1.0	1.0	0.0	0
2157	37298	1.0	1.0	0.0	0
2158	37314	1.0	1.0	0.0	0
2159	37331	1.0	1.0	0.0	0
2160	37348	1.0	1.0	0.0	0
2161	37364	1.0	1.0	0.0	0
2162	37380	1.0	1.0	0.0	0
2163	37398	1.0	1.0	0.0	0
2164	37415	1.0	1.0	0.0	0
2165	37431	1.0	1.0	0.0	0
2166	37447	1.0	1.0	0.0	0
2167	37463	1.0	1.0	0.0	0
2168	37482	1.0	1.0	0.0	0
2169	37498	1.0	1.0	0.0	0
2170	37514	1.0	1.0	0.0	0
2171	37531	1.0	1.0	0.0	0
2172	37548	1.0	1.0	0.0	0
2173	37564	1.0	1.0	0.0	0
2174	37581	1.0	1.0	0.0	0
2175	37598	1.0	1.0	0.0	0
2176	37614	1.0	1.0	0.0	0
2177	37631	1.0	1.0	0.0	0
2178	37647	1.0	1.0	0.0	0
2179	37664	1.0	1.0	0.0	0
2180	37680	1.0	1.0	0.0	0
2181	37698	1.0	1.0	0.0	0
2182	37715	1.0	1.0	0.0	0
2183	37731	1.0	1.0	0.0	0
2184	37748	1.0	1.0	0.0	0
2185	37764	1.0	1.0	0.0	0
2186	37780	1.0	1.0	0.0	0
2187	37798	1.0	1.0	0.0	0
2188	37814	1.0	1.0	0.0	0
2189	37831	1.0	1.0	0.0	0
2190	37848	1.0	1.0	0.0	0
2191	37864	1.0	1.0	0.0	0
2192	37882	1.0	1.0	0.0	0
2193	37897	1.0	1.0	0.0	0
2194	37914	1.0	1.0	0.0	0
2195	37931	1.0	1.0	0.0	0
2196	37948	1.0	1.0	0.0	0
2197	37964	1.0	1.0	0.0	0
2198	37981	1.0	1.0	0.0	0
2199	37997	1.0	1.0	0.0	0
2200	38014	1.0	1.0	0.0	0
2201	38031	1.0	1.0	0.0	0
2202	38046	1.0	1.0	0.0	0
2203	38064	1.0	1.0	0.0	0
2204	38081	1.0	1.0	0.0	0
2205	38098	1.0	1.0	0.0	0
2206	38114	1.0	1.0	0.0	0
2207	38131	1.0	1.0	0.0	0
2208	38148	1.0	1.0	0.0	0
2209	38164	1.0	1.0	0.0	0
2210	38180	1.0	1.0	0.0	0
2211	38198	1.0	1.0	0.0	0
2212	38214	1.0	1.0	0.0	0
2213	38232	1.0	1.0	0.0	0
2214	38247	1.0	1.0	0.0	0
2215	38264	1.0	1.0	0.0	0
2216	38282	1.0	1.0	0.0	0
2217	38298	1.0	1.0	0.0	0
2218	38314	1.0	1.0	0.0	0
2219	38331	1.0	1.0	0.0	0
2220	38347	1.0	1.0	0.0	0
2221	38364	1.0	1.0	0.0	0
2222	38381	1.0	1.0	0.0	0
2223	38397	1.0	1.0	0.0	0
2224	38414	1.0	1.0	0.0	0
2225	38430	1.0	1.0	0.0	0
2226	38447	1.0	1.0	0.0	0
2227	38463	1.0	1.0	0.0	0
2228	38481	1.0	1.0	0.0	0
2229	38498	1.0	1.0	0.0	0
2230	38513	1.0	1.0	0.0	0
2231	38531	1.0	1.0	0.0	0
2232	38547	1.0	1.0	0.0	0
2233	38565	1.0	1.0	0.0	0
2234	38582	1.0	1.0	0.0	0
2235	38597	1.0	1.0	0.0	0
2236	38614	1.0	1.0	0.0	0
2237	38633	1.0	1.0	0.0	0
2238	38647	1.0	1.0	0.0	0
2239	38665	1.0	1.0	0.0	0
2240	38682	1.0	1.0	0.0	0
2241	38698	1.0	1.0	0.0	0
2242	38715	1.0	1.0	0.0	0
2243	38731	1.0	1.0	0.0	0
2244	38747	1.0	1.0	0.0	0
2245	38765	1.0	1.0	0.0	0
2246	38781	1.0	1.0	0.0	0
2247	38797	1.0	1.0	0.0	0
2248	38814	1.0	1.0	0.0	0
2249	38831	1.0	1.0	0.0	0
2250	38848	1.0	1.0	0.0	0
2251	38864	1.0	1.0	0.0	0
2252	38881	1.0	1.0	0.0	0
2253	38897	1.0	1.0	0.0	0
2254	38915	1.0	1.0	0.0	0
2255	38931	1.0	1.0	0.0	0
2256	38948	1.0	1.0	0.0	0
2257	38964	1.0	1.0	0.0	0
2258	38980	1.0	1.0	0.0	0
2259	38997	1.0	1.0	0.0	0
2260	39013	1.0	1.0	0.0	0
2261	39030	1.0	1.0	0.0	0
2262	39047	1.0	1.0	0.0	0
2263	39063	1.0	1.0	0.0	0
2264	39081	1.0	1.0	0.0	0
2265	39097	1.0	1.0	0.0	0
2266	39114	1.0	1.0	0.0	0
2267	39130	1.0	1.0	0.0	0
2268	39147	1.0	1.0	0.0	0
2269	39163	1.0	1.0	0.0	0
2270	39181	1.0	1.0	0.0	0
2271	39198	1.0	1.0	0.0	0
2272	39214	1.0	1.0	0.0	0
2273	39230	1.0	1.0	0.0	0
2274	39248	1.0	1.0	0.0	0
2275	39264	1.0	1.0	0.0	0
2276	39280	1.0	1.0	0.0	0
2277	39297	1.0	1.0	0.0	0
2278	39313	1.0	1.0	0.0	0
2279	39331	1.0	1.0	0.0	0
2280	39348	1.0	1.0	0.0	0
2281	39364	1.0	1.0	0.0	0
2282	39381	1.0	1.0	0.0	0
2283	39398	1.0	1.0	0.0	0
2284	39414	1.0	1.0	0.0	0
2285	39430	1.0	1.0	0.0	0
2286	39447	1.0	1.0	0.0	0
2287	39463	1.0	1.0	0.0	0
2288	39481	1.0	1.0	0.0	0
2289	39498	1.0	1.0	0.0	0
2290	39514	1.0	1.0	0.0	0
2291	39531	1.0	1.0	0.0	0
2292	39547	1.0	1.0	0.0	0
2293	39564	1.0	1.0	0.0	0
2294	39581	1.0	1.0	0.0	0
2295	39598	1.0	1.0	0.0	0
2296	39615	1.0	1.0	0.0	0
2297	39631	1.0	1.0	0.0	0
2298	39648	1.0	1.0	0.0	0
2299	39664	1.0	1.0	0.0	0
2300	39680	1.0	1.0	0.0	0
2301	39698	1.0	1.0	0.0	0
2302	39714	1.0	1.0	0.0	0
2303	39731	1.0	1.0	0.0	0
2304	39747	1.0	1.0	0.0	0
2305	39764	1.0	1.0	0.0	0
2306	39780	1.0	1.0	0.0	0
2307	39798	1.0	1.0	0.0	0
2308	39814	1.0	1.0	0.0	0
2309	39830	1.0	1.0	0.0	0
2310	39848	1.0	1.0	0.0	0
2311	39864	1.0	1.0	0.0	0
2312	39881	1.0	1.0	0.0	0
2313	39897	1.0	1.0	0.0	0
2314	39913	1.0	1.0	0.0	0
2315	39931	1.0	1.0	0.0	0
2316	39948	1.0	1.0	0.0	0
2317	39964	1.0	1.0	0.0	0
2318	39980	1.0	1.0	0.0	0
2319	39998	1.0	1.0	0.0	0
2320	40014	1.0	1.0	0.0	0
2321	40030	1.0	1.0	0.0	0
2322	40047	1.0	1.0	0.0	0
2323	40063	1.0	1.0	0.0	0
2324	40080	1.0	1.0	0.0	0
2325	40098	1.0	1.0	0.0	0
2326	40114	1.0	1.0	0.0	0
2327	40131	1.0	1.0	0.0	0
2328	40148	1.0	1.0	0.0	0
2329	40164	1.0	1.0	0.0	0
2330	40181	1.0	1.0	0.0	0
2331	40198	1.0	1.0	0.0	0
2332	40214	1.0	1.0	0.0	0
2333	40231	1.0	1.0	0.0	0
2334	40248	1.0	1.0	0.0	0
2335	40265	1.0	1.0	0.0	0
2336	40282	1.0	1.0	0.0	0
2337	40297	1.0	1.0	0.0	0
2338	40315	1.0	1.0	0.0	0
2339	40332	1.0	1.0	0.0	0
2340	40348	1.0	1.0	0.0	0
2341	40365	1.0	1.0	0.0	0
2342	40381	1.0	1.0	0.0	0
2343	40397	1.0	1.0	0.0	0
2344	40415	1.0	1.0	0.0	0
2345	40430	1.0	1.0	0.0	0
2346	40448	1.0	1.0	0.0	0
2347	40464	1.0	1.0	0.0	0
2348	40481	1.0	1.0	0.0	0
2349	40497	1.0	1.0	0.0	0
2350	40515	1.0	1.0	0.0	0
2351	40531	1.0	1.0	0.0	0
2352	40547	1.0	1.0	0.0	0
2353	40565	1.0	1.0	0.0	0
2354	40580	1.0	1.0	0.0	0
2355	40597	1.0	1.0	0.0	0
2356	40613	1.0	1.0	0.0	0
2357	40631	1.0	1.0	0.0	0
2358	40648	1.0	1.0	0.0	0
2359	40665	1.0	1.0	0.0	0
2360	40682	1.0	1.0	0.0	0
2361	40697	1.0	1.0	0.0	0
2362	40715	1.0	1.0	0.0	0
2363	40731	1.0	1.0	0.0	0
2364	40748	1.0	1.0	0.0	0
2365	40764	1.0	1.0	0.0	0
2366	40781	1.0	1.0	0.0	0
2367	40798	1.0	1.0	0.0	0
2368	40816	1.0	1.0	0.0	0
2369	40831	1.0	1.0	0.0	0
2370	40847	1.0	1.0	0.0	0
2371	40864	1.0	1.0	0.0	0
2372	40882	1.0	1.0	0.0	0
2373	40898	1.0	1.0	0.0	0
2374	40915	1.0	1.0	0.0	0
2375	40932	1.0	1.0	0.0	0
2376	40948	1.0	1.0	0.0	0
2377	40964	1.0	1.0	0.0	0
2378	40981	1.0	1.0	0.0	0
2379	40999	1.0	1.0	0.0	0
2380	41014	1.0	1.0	0.0	0
2381	41031	1.0	1.0	0.0	0
2382	41048	1.0	1.0	0.0	0
2383	41065	1.0	1.0	0.0	0
2384	41081	1.0	1.0	0.0	0
2385	41097	1.0	1.0	0.0	0
2386	41114	1.0	1.0	0.0	0
2387	41131	1.0	1.0	0.0	0
2388	41148	1.0	1.0	0.0	0
2389	41164	1.0	1.0	0.0	0
2390	41181	1.0	1.0	0.0	0
2391	41197	1.0	1.0	0.0	0
2392	41215	1.0	1.0	0.0	0
2393	41231	1.0	1.0	0.0	0
2394	41248	1.0	1.0	0.0	0
2395	41264	1.0	1.0	0.0	0
2396	41281	1.0	1.0	0.0	0
2397	41298	1.0	1.0	0.0	0
2398	41315	1.0	1.0	0.0	0
2399	41331	1.0	1.0	0.0	0
2400	41348	1.0	1.0	0.0	0
2401	41363	1.0	1.0	0.0	0
2402	41381	1.0	1.0	0.0	0
2403	41398	1.0	1.0	0.0	0
2404	41414	1.0	1.0	0.0	0
2405	41430	1.0	1.0	0.0	0
2406	41447	1.0	1.0	0.0	0
2407	41465	1.0	1.0	0.0	0
2408	41481	1.0	1.0	0.0	0
2409	41498	1.0	1.0	0.0	0
2410	41514	1.0	1.0	0.0	0
2411	41531	1.0	1.0	0.0	0
2412	41548	1.0	1.0	0.0	0
2413	41565	1.0	1.0	0.0	0
2414	41581	1.0	1.0	0.0	0
2415	41597	1.0	1.0	0.0	0
2416	41614	1.0	1.0	0.0	0
2417	41630	1.0	1.0	0.0	0
2418	41648	1.0	1.0	0.0	0
2419	41665	1.0	1.0	0.0	0
2420	41680	1.0	1.0	0.0	0
2421	41697	1.0	1.0	0.0	0
2422	41714	1.0	1.0	0.0	0
2423	41731	1.0	1.0	0.0	0
2424	41748	1.0	1.0	0.0	0
2425	41764	1.0	1.0	0.0	0
2426	41781	1.0	1.0	0.0	0
2427	41798	1.0	1.0	0.0	0
2428	41814	1.0	1.0	0.0	0
2429	41831	1.0	1.0	0.0	0
2430	41847	1.0	1.0	0.0	0
2431	41864	1.0	1.0	0.0	0
2432	41881	1.0	1.0	0.0	0
2433	41897	1.0	1.0	0.0	0
2434	41914	1.0	1.0	0.0	0
2435	41931	1.0	1.0	0.0	0
2436	41948	1.0	1.0	0.0	0
2437	41963	1.0	1.0	0.0	0
2438	41980	1.0	1.0	0.0	0
2439	41998	1.0	1.0	0.0	0
2440	42014	1.0	1.0	0.0	0
2441	42031	1.0	1.0	0.0	0
2442	42047	1.0	1.0	0.0	0
2443	42064	1.0	1.0	0.0	0
2444	42080	1.0	1.0	0.0	0
2445	42097	1.0	1.0	0.0	0
2446	42114	1.0	1.0	0.0	0
2447	42130	1.0	1.0	0.0	0
2448	42148	1.0	1.0	0.0	0
2449	42164	1.0	1.0	0.0	0
2450	42182	1.0	1.0	0.0	0
2451	42198	1.0	1.0	0.0	0
2452	42214	1.0	1.0	0.0	0
2453	42231	1.0	1.0	0.0	0
2454	42247	1.0	1.0	0.0	0
2455	42264	1.0	1.0	0.0	0
2456	42280	1.0	1.0	0.0	0
2457	42298	1.0	1.0	0.0	0
2458	42314	1.0	1.0	0.0	0
2459	42331	1.0	1.0	0.0	0
2460	42348	1.0	1.0	0.0	0
2461	42365	1.0	1.0	0.0	0
2462	42382	1.0	1.0	0.0	0
2463	42398	1.0	1.0	0.0	0
2464	42415	1.0	1.0	0.0	0
2465	42431	1.0	1.0	0.0	0
2466	42448	1.0	1.0	0.0	0
2467	42465	1.0	1.0	0.0	0
2468	42481	1.0	1.0	0.0	0
2469	42497	1.0	1.0	0.0	0
2470	42515	1.0	1.0	0.0	0
2471	42531	1.0	1.0	0.0	0
2472	42548	1.0	1.0	0.0	0
2473	42565	1.0	1.0	0.0	0
2474	42582	1.0	1.0	0.0	0
2475	42598	1.0	1.0	0.0	0
2476	42614	1.0	1.0	0.0	0
2477	42630	1.0	1.0	0.0	0
2478	42647	1.0	1.0	0.0	0
2479	42663	1.0	1.0	0.0	0
2480	42680	1.0	1.0	0.0	0
2481	42698	1.0	1.0	0.0	0
2482	42714	1.0	1.0	0.0	0
2483	42731	1.0	1.0	0.0	0
2484	42747	1.0	1.0	0.0	0
2485	42765	1.0	1.0	0.0	0
2486	42781	1.0	1.0	0.0	0
2487	42797	1.0	1.0	0.0	0
2488	42814	1.0	1.0	0.0	0
2489	42831	1.0	1.0	0.0	0
2490	42847	1.0	1.0	0.0	0
2491	42864	1.0	1.0	0.0	0
2492	42880	1.0	1.0	0.0	0
2493	42897	1.0	1.0	0.0	0
2494	42913	1.0	1.0	0.0	0
2495	42931	1.0	1.0	0.0	0
2496	42947	1.0	1.0	0.0	0
2497	42963	1.0	1.0	0.0	0
2498	42980	1.0	1.0	0.0	0
2499	42998	1.0	1.0	0.0	0
2500	43014	1.0	1.0	0.0	0
2501	43030	1.0	1.0	0.0	0
2502	43048	1.0	1.0	0.0	0
2503	43064	1.0	1.0	0.0	0
2504	43080	1.0	1.0	0.0	0
2505	43097	1.0	1.0	0.0	0
2506	43114	1.0	1.0	0.0	0
2507	43131	1.0	1.0	0.0	0
2508	43147	1.0	1.0	0.0	0
2509	43163	1.0	1.0	0.0	0
2510	43182	1.0	1.0	0.0	0
2511	43198	1.0	1.0	0.0	0
2512	43214	1.0	1.0	0.0	0
2513	43231	1.0	1.0	0.0	0
2514	43248	1.0	1.0	0.0	0
2515	43264	1.0	1.0	0.0	0
2516	43281	1.0	1.0	0.0	0
2517	43298	1.0	1.0	0.0	0
2518	43315	1.0	1.0	0.0	0
2519	43331	1.0	1.0	0.0	0
2520	43348	1.0	1.0	0.0	0
2521	43364	1.0	1.0	0.0	0
2522	43380	1.0	1.0	0.0	0
2523	43399	1.0	1.0	0.0	0
2524	43414	1.0	1.0	0.0	0
2525	43432	1.0	1.0	0.0	0
2526	43448	1.0	1.0	0.0	0
2527	43465	1.0	1.0	0.0	0
2528	43481	1.0	1.0	0.0	0
2529	43498	1.0	1.0	0.0	0
2530	43514	1.0	1.0	0.0	0
2531	43531	1.0	1.0	0.0	0
2532	43547	1.0	1.0	0.0	0
2533	43564	1.0	1.0	0.0	0
2534	43581	1.0	1.0	0.0	0
2535	43598	1.0	1.0	0.0	0
2536	43615	1.0	1.0	0.0	0
2537	43632	1.0	1.0	0.0	0
2538	43647	1.0	1.0	0.0	0
2539	43664	1.0	1.0	0.0	0
2540	43681	1.0	1.0	0.0	0
2541	43697	1.0	1.0	0.0	0
2542	43714	1.0	1.0	0.0	0
2543	43731	1.0	1.0	0.0	0
2544	43748	1.0	1.0	0.0	0
2545	43764	1.0	1.0	0.0	0
2546	43781	1.0	1.0	0.0	0
2547	43797	1.0	1.0	0.0	0
2548	43814	1.0	1.0	0.0	0
2549	43832	1.0	1.0	0.0	0
2550	43847	1.0	1.0	0.0	0
2551	43863	1.0	1.0	0.0	0
2552	43880	1.0	1.0	0.0	0
2553	43898	1.0	1.0	0.0	0
2554	43914	1.0	1.0	0.0	0
2555	43931	1.0	1.0	0.0	0
2556	43947	1.0	1.0	0.0	0
2557	43965	1.0	1.0	0.0	0
2558	43981	1.0	1.0	0.0	0
2559	43997	1.0	1.0	0.0	0
2560	44014	1.0	1.0	0.0	0
2561	44031	1.0	1.0	0.0	0
2562	44047	1.0	1.0	0.0	0
2563	44065	1.0	1.0	0.0	0
2564	44081	1.0	1.0	0.0	0
2565	44098	1.0	1.0	0.0	0
2566	44115	1.0	1.0	0.0	0
2567	44131	1.0	1.0	0.0	0
2568	44148	1.0	1.0	0.0	0
2569	44164	1.0	1.0	0.0	0
2570	44182	1.0	1.0	0.0	0
2571	44199	1.0	1.0	0.0	0
2572	44215	1.0	1.0	0.0	0
2573	44232	1.0	1.0	0.0	0
2574	44248	1.0	1.0	0.0	0
2575	44265	1.0	1.0	0.0	0
2576	44281	1.0	1.0	0.0	0
2577	44297	1.0	1.0	0.0	0
2578	44314	1.0	1.0	0.0	0
2579	44331	1.0	1.0	0.0	0
2580	44347	1.0	1.0	0.0	0
2581	44364	1.0	1.0	0.0	0
2582	44381	1.0	1.0	0.0	0
2583	44399	1.0	1.0	0.0	0
2584	44416	1.0	1.0	0.0	0
2585	44431	1.0	1.0	0.0	0
2586	44447	1.0	1.0	0.0	0
2587	44465	1.0	1.0	0.0	0
2588	44481	1.0	1.0	0.0	0
2589	44498	1.0	1.0	0.0	0
2590	44515	1.0	1.0	0.0	0
2591	44532	1.0	1.0	0.0	0
2592	44548	1.0	1.0	0.0	0
2593	44565	1.0	1.0	0.0	0
2594	44581	1.0	1.0	0.0	0
2595	44599	1.0	1.0	0.0	0
2596	44615	1.0	1.0	0.0	0
2597	44632	1.0	1.0	0.0	0
2598	44648	1.0	1.0	0.0	0
2599	44664	1.0	1.0	0.0	0
2600	44681	1.0	1.0	0.0	0
2601	44697	1.0	1.0	0.0	0
2602	44715	1.0	1.0	0.0	0
2603	44732	1.0	1.0	0.0	0
2604	44748	1.0	1.0	0.0	0
2605	44764	1.0	1.0	0.0	0
2606	44781	1.0	1.0	0.0	0
2607	44798	1.0	1.0	0.0	0
2608	44815	1.0	1.0	0.0	0
2609	44831	1.0	1.0	0.0	0
2610	44849	1.0	1.0	0.0	0
2611	44864	1.0	1.0	0.0	0
2612	44881	1.0	1.0	0.0	0
2613	44898	1.0	1.0	0.0	0
2614	44914	1.0	1.0	0.0	0
2615	44931	1.0	1.0	0.0	0
2616	44947	1.0	1.0	0.0	0
2617	44964	1.0	1.0	0.0	0
2618	44980	1.0	1.0	0.0	0
2619	44997	1.0	1.0	0.0	0
2620	45014	1.0	1.0	0.0	0
2621	45031	1.0	1.0	0.0	0
2622	45048	1.0	1.0	0.0	0
2623	45065	1.0	1.0	0.0	0
2624	45082	1.0	1.0	0.0	0
2625	45098	1.0	1.0	0.0	0
2626	45114	1.0	1.0	0.0	0
2627	45131	1.0	1.0	0.0	0
2628	45147	1.0	1.0	0.0	0
2629	45164	1.0	1.0	0.0	0
2630	45181	1.0	1.0	0.0	0
2631	45197	1.0	1.0	0.0	0
2632	45214	1.0	1.0	0.0	0
2633	45231	1.0	1.0	0.0	0
2634	45248	1.0	1.0	0.0	0
2635	45265	1.0	1.0	0.0	0
2636	45281	1.0	1.0	0.0	0
2637	45298	1.0	1.0	0.0	0
2638	45313	1.0	1.0	0.0	0
2639	45331	1.0	1.0	0.0	0
2640	45347	1.0	1.0	0.0	0
2641	45364	1.0	1.0	0.0	0
2642	45381	1.0	1.0	0.0	0
2643	45397	1.0	1.0	0.0	0
2644	45413	1.0	1.0	0.0	0
2645	45431	1.0	1.0	0.0	0
2646	45448	1.0	1.0	0.0	0
2647	45464	1.0	1.0	0.0	0
2648	45481	1.0	1.0	0.0	0
2649	45497	1.0	1.0	0.0	0
2650	45514	1.0	1.0	0.0	0
2651	45531	1.0	1.0	0.0	0
2652	45548	1.0	1.0	0.0	0
2653	45565	1.0	1.0	0.0	0
2654	45581	1.0	1.0	0.0	0
2655	45598	1.0	1.0	0.0	0
2656	45614	1.0	1.0	0.0	0
2657	45631	1.0	1.0	0.0	0
2658	45647	1.0	1.0	0.0	0
2659	45665	1.0	1.0	0.0	0
2660	45680	1.0	1.0	0.0	0
2661	45698	1.0	1.0	0.0	0
2662	45715	1.0	1.0	0.0	0
2663	45732	1.0	1.0	0.0	0
2664	45748	1.0	1.0	0.0	0
2665	45765	1.0	1.0	0.0	0
2666	45781	1.0	1.0	0.0	0
2667	45797	1.0	1.0	0.0	0
2668	45815	1.0	1.0	0.0	0
2669	45830	1.0	1.0	0.0	0
2670	45847	1.0	1.0	0.0	0
2671	45864	1.0	1.0	0.0	0
2672	45881	1.0	1.0	0.0	0
2673	45898	1.0	1.0	0.0	0
2674	45915	1.0	1.0	0.0	0
2675	45931	1.0	1.0	0.0	0
2676	45947	1.0	1.0	0.0	0
2677	45964	1.0	1.0	0.0	0
2678	45981	1.0	1.0	0.0	0
2679	45998	1.0	1.0	0.0	0
2680	46014	1.0	1.0	0.0	0
2681	46032	1.0	1.0	0.0	0
2682	46047	1.0	1.0	0.0	0
2683	46064	1.0	1.0	0.0	0
2684	46080	1.0	1.0	0.0	0
2685	46097	1.0	1.0	0.0	0
2686	46114	1.0	1.0	0.0	0
2687	46130	1.0	1.0	0.0	0
2688	46148	1.0	1.0	0.0	0
2689	46165	1.0	1.0	0.0	0
2690	46181	1.0	1.0	0.0	0
2691	46197	1.0	1.0	0.0	0
2692	46214	1.0	1.0	0.0	0
2693	46232	1.0	1.0	0.0	0
2694	46247	1.0	1.0	0.0	0
2695	46265	1.0	1.0	0.0	0
2696	46282	1.0	1.0	0.0	0
2697	46298	1.0	1.0	0.0	0
2698	46314	1.0	1.0	0.0	0
2699	46331	1.0	1.0	0.0	0
2700	46347	1.0	1.0	0.0	0
2701	46364	1.0	1.0	0.0	0
2702	46381	1.0	1.0	0.0	0
2703	46397	1.0	1.0	0.0	0
2704	46414	1.0	1.0	0.0	0
2705	46432	1.0	1.0	0.0	0
2706	46448	1.0	1.0	0.0	0
2707	46465	1.0	1.0	0.0	0
2708	46481	1.0	1.0	0.0	0
2709	46498	1.0	1.0	0.0	0
2710	46515	1.0	1.0	0.0	0
2711	46531	1.0	1.0	0.0	0
2712	46548	1.0	1.0	0.0	0
2713	46564	1.0	1.0	0.0	0
2714	46581	1.0	1.0	0.0	0
2715	46597	1.0	1.0	0.0	0
2716	46614	1.0	1.0	0.0	0
2717	46632	1.0	1.0	0.0	0
2718	46647	1.0	1.0	0.0	0
2719	46663	1.0	1.0	0.0	0
2720	46681	1.0	1.0	0.0	0
2721	46697	1.0	1.0	0.0	0
2722	46714	1.0	1.0	0.0	0
2723	46731	1.0	1.0	0.0	0
2724	46748	1.0	1.0	0.0	0
2725	46764	1.0	1.0	0.0	0
2726	46781	1.0	1.0	0.0	0
2727	46798	1.0	1.0	0.0	0
2728	46815	1.0	1.0	0.0	0
2729	46831	1.0	1.0	0.0	0
2730	46848	1.0	1.0	0.0	0
2731	46864	1.0	1.0	0.0	0
2732	46881	1.0	1.0	0.0	0
2733	46898	1.0	1.0	0.0	0
2734	46915	1.0	1.0	0.0	0
2735	46930	1.0	1.0	0.0	0
2736	46948	1.0	1.0	0.0	0
2737	46964	1.0	1.0	0.0	0
2738	46981	1.0	1.0	0.0	0
2739	46997	1.0	1.0	0.0	0
2740	47014	1.0	1.0	0.0	0
2741	47031	1.0	1.0	0.0	0
2742	47048	1.0	1.0	0.0	0
2743	47065	1.0	1.0	0.0	0
2744	47081	1.0	1.0	0.0	0
2745	47098	1.0	1.0	0.0	0
2746	47114	1.0	1.0	0.0	0
2747	47131	1.0	1.0	0.0	0
2748	47148	1.0	1.0	0.0	0
2749	47165	1.0	1.0	0.0	0
2750	47180	1.0	1.0	0.0	0
2751	47198	1.0	1.0	0.0	0
2752	47215	1.0	1.0	0.0	0
2753	47231	1.0	1.0	0.0	0
2754	47247	1.0	1.0	0.0	0
2755	47264	1.0	1.0	0.0	0
2756	47281	1.0	1.0	0.0	0
2757	47297	1.0	1.0	0.0	0
2758	47314	1.0	1.0	0.0	0
2759	47332	1.0	1.0	0.0	0
2760	47348	1.0	1.0	0.0	0
2761	47364	1.0	1.0	0.0	0
2762	47382	1.0	1.0	0.0	0
2763	47398	1.0	1.0	0.0	0
2764	47415	1.0	1.0	0.0	0
2765	47431	1.0	1.0	0.0	0
2766	47448	1.0	1.0	0.0	0
2767	47465	1.0	1.0	0.0	0
2768	47481	1.0	1.0	0.0	0
2769	47498	1.0	1.0	0.0	0
2770	47514	1.0	1.0	0.0	0
2771	47531	1.0	1.0	0.0	0
2772	47548	1.0	1.0	0.0	0
2773	47564	1.0	1.0	0.0	0
2774	47581	1.0	1.0	0.0	0
2775	47598	1.0	1.0	0.0	0
2776	47615	1.0	1.0	0.0	0
2777	47632	1.0	1.0	0.0	0
2778	47648	1.0	1.0	0.0	0
2779	47664	1.0	1.0	0.0	0
2780	47682	1.0	1.0	0.0	0
2781	47698	1.0	1.0	0.0	0
2782	47715	1.0	1.0	0.0	0
2783	47732	1.0	1.0	0.0	0
2784	47747	1.0	1.0	0.0	0
2785	47764	1.0	1.0	0.0	0
2786	47780	1.0	1.0	0.0	0
2787	47798	1.0	1.0	0.0	0
2788	47814	1.0	1.0	0.0	0
2789	47830	1.0	1.0	0.0	0
2790	47847	1.0	1.0	0.0	0
2791	47864	1.0	1.0	0.0	0
2792	47881	1.0	1.0	0.0	0
2793	47897	1.0	1.0	0.0	0
2794	47913	1.0	1.0	0.0	0
2795	47930	1.0	1.0	0.0	0
2796	47949	1.0	1.0	0.0	0
2797	47964	1.0	1.0	0.0	0
2798	47981	1.0	1.0	0.0	0
2799	47998	1.0	1.0	0.0	0
2800	48014	1.0	1.0	0.0	0
2801	48031	1.0	1.0	0.0	0
2802	48048	1.0	1.0	0.0	0
2803	48064	1.0	1.0	0.0	0
2804	48080	1.0	1.0	0.0	0
2805	48098	1.0	1.0	0.0	0
2806	48115	1.0	1.0	0.0	0
2807	48131	1.0	1.0	0.0	0
2808	48147	1.0	1.0	0.0	0
2809	48163	1.0	1.0	0.0	0
2810	48180	1.0	1.0	0.0	0
2811	48197	1.0	1.0	0.0	0
2812	48213	1.0	1.0	0.0	0
2813	48230	1.0	1.0	0.0	0
2814	48248	1.0	1.0	0.0	0
2815	48264	1.0	1.0	0.0	0
2816	48280	1.0	1.0	0.0	0
2817	48297	1.0	1.0	0.0	0
2818	48314	1.0	1.0	0.0	0
2819	48330	1.0	1.0	0.0	0
2820	48347	1.0	1.0	0.0	0
2821	48365	1.0	1.0	0.0	0
2822	48382	1.0	1.0	0.0	0
2823	48397	1.0	1.0	0.0	0
2824	48414	1.0	1.0	0.0	0
2825	48431	1.0	1.0	0.0	0
2826	48449	1.0	1.0	0.0	0
2827	48466	1.0	1.0	0.0	0
2828	48481	1.0	1.0	0.0	0
2829	48497	1.0	1.0	0.0	0
2830	48514	1.0	1.0	0.0	0
2831	48531	1.0	1.0	0.0	0
2832	48548	1.0	1.0	0.0	0
2833	48565	1.0	1.0	0.0	0
2834	48581	1.0	1.0	0.0	0
2835	48598	1.0	1.0	0.0	0
2836	48614	1.0	1.0	0.0	0
2837	48632	1.0	1.0	0.0	0
2838	48647	1.0	1.0	0.0	0
2839	48664	1.0	1.0	0.0	0
2840	48681	1.0	1.0	0.0	0
2841	48698	1.0	1.0	0.0	0
2842	48714	1.0	1.0	0.0	0
2843	48731	1.0	1.0	0.0	0
2844	48747	1.0	1.0	0.0	0
2845	48764	1.0	1.0	0.0	0
2846	48780	1.0	1.0	0.0	0
2847	48798	1.0	1.0	0.0	0
2848	48814	1.0	1.0	0.0	0
2849	48832	1.0	1.0	0.0	0
2850	48848	1.0	1.0	0.0	0
2851	48864	1.0	1.0	0.0	0
2852	48881	1.0	1.0	0.0	0
2853	48898	1.0	1.0	0.0	0
2854	48914	1.0	1.0	0.0	0
2855	48932	1.0	1.0	0.0	0
2856	48948	1.0	1.0	0.0	0
2857	48965	1.0	1.0	0.0	0
2858	48981	1.0	1.0	0.0	0
2859	48998	1.0	1.0	0.0	0
2860	49015	1.0	1.0	0.0	0
2861	49032	1.0	1.0	0.0	0
2862	49048	1.0	1.0	0.0	0
2863	49064	1.0	1.0	0.0	0
2864	49081	1.0	1.0	0.0	0
2865	49099	1.0	1.0	0.0	0
2866	49114	1.0	1.0	0.0	0
2867	49130	1.0	1.0	0.0	0
2868	49147	1.0	1.0	0.0	0
2869	49164	1.0	1.0	0.0	0
2870	49180	1.0	1.0	0.0	0
2871	49197	1.0	1.0	0.0	0
2872	49214	1.0	1.0	0.0	0
2873	49230	1.0	1.0	0.0	0
2874	49248	1.0	1.0	0.0	0
2875	49265	1.0	1.0	0.0	0
2876	49281	1.0	1.0	0.0	0
2877	49298	1.0	1.0	0.0	0
2878	49315	1.0	1.0	0.0	0
2879	49331	1.0	1.0	0.0	0
2880	49348	1.0	1.0	0.0	0
2881	49365	1.0	1.0	0.0	0
2882	49381	1.0	1.0	0.0	0
2883	49397	1.0	1.0	0.0	0
2884	49414	1.0	1.0	0.0	0
2885	49432	1.0	1.0	0.0	0
2886	49447	1.0	1.0	0.0	0
2887	49464	1.0	1.0	0.0	0
2888	49481	1.0	1.0	0.0	0
2889	49498	1.0	1.0	0.0	0
2890	49515	1.0	1.0	0.0	0
2891	49531	1.0	1.0	0.0	0
2892	49548	1.0	1.0	0.0	0
2893	49564	1.0	1.0	0.0	0
2894	49581	1.0	1.0	0.0	0
2895	49598	1.0	1.0	0.0	0
2896	49615	1.0	1.0	0.0	0
2897	49631	1.0	1.0	0.0	0
2898	49647	1.0	1.0	0.0	0
2899	49664	1.0	1.0	0.0	0
2900	49681	1.0	1.0	0.0	0
2901	49698	1.0	1.0	0.0	0
2902	49715	1.0	1.0	0.0	0
2903	49731	1.0	1.0	0.0	0
2904	49748	1.0	1.0	0.0	0
2905	49763	1.0	1.0	0.0	0
2906	49782	1.0	1.0	0.0	0
2907	49798	1.0	1.0	0.0	0
2908	49815	1.0	1.0	0.0	0
2909	49832	1.0	1.0	0.0	0
2910	49848	1.0	1.0	0.0	0
2911	49864	1.0	1.0	0.0	0
2912	49881	1.0	1.0	0.0	0
2913	49897	1.0	1.0	0.0	0
2914	49915	1.0	1.0	0.0	0
2915	49931	1.0	1.0	0.0	0
2916	49948	1.0	1.0	0.0	0
2917	49965	1.0	1.0	0.0	0
2918	49981	1.0	1.0	0.0	0
2919	49998	1.0	1.0	0.0	0
2920	50015	1.0	1.0	0.0	0
2921	50031	1.0	1.0	0.0	0
2922	50047	1.0	1.0	0.0	0
2923	50064	1.0	1.0	0.0	0
2924	50081	1.0	1.0	0.0	0
2925	50097	1.0	1.0	0.0	0
2926	50114	1.0	1.0	0.0	0
2927	50132	1.0	1.0	0.0	0
2928	50147	1.0	1.0	0.0	0
2929	50164	1.0	1.0	0.0	0
2930	50180	1.0	1.0	0.0	0
2931	50198	1.0	1.0	0.0	0
2932	50214	1.0	1.0	0.0	0
2933	50230	1.0	1.0	0.0	0
2934	50248	1.0	1.0	0.0	0
2935	50264	1.0	1.0	0.0	0
2936	50281	1.0	1.0	0.0	0
2937	50297	1.0	1.0	0.0	0
2938	50314	1.0	1.0	0.0	0
2939	50330	1.0	1.0	0.0	0
2940	50347	1.0	1.0	0.0	0
2941	50364	1.0	1.0	0.0	0
2942	50380	1.0	1.0	0.0	0
2943	50398	1.0	1.0	0.0	0
2944	50415	1.0	1.0	0.0	0
2945	50431	1.0	1.0	0.0	0
2946	50449	1.0	1.0	0.0	0
2947	50465	1.0	1.0	0.0	0
2948	50481	1.0	1.0	0.0	0
2949	50497	1.0	1.0	0.0	0
2950	50514	1.0	1.0	0.0	0
2951	50530	1.0	1.0	0.0	0
2952	50547	1.0	1.0	0.0	0
2953	50564	1.0	1.0	0.0	0
2954	50581	1.0	1.0	0.0	0
2955	50598	1.0	1.0	0.0	0
2956	50613	1.0	1.0	0.0	0
2957	50631	1.0	1.0	0.0	0
2958	50648	1.0	1.0	0.0	0
2959	50664	1.0	1.0	0.0	0
2960	50681	1.0	1.0	0.0	0
2961	50698	1.0	1.0	0.0	0
2962	50715	1.0	1.0	0.0	0
2963	50732	1.0	1.0	0.0	0
2964	50748	1.0	1.0	0.0	0
2965	50765	1.0	1.0	0.0	0
2966	50782	1.0	1.0	0.0	0
2967	50798	1.0	1.0	0.0	0
2968	50816	1.0	1.0	0.0	0
2969	50832	1.0	1.0	0.0	0
2970	50848	1.0	1.0	0.0	0
2971	50864	1.0	1.0	0.0	0
2972	50881	1.0	1.0	0.0	0
2973	50898	1.0	1.0	0.0	0
2974	50914	1.0	1.0	0.0	0
2975	50931	1.0	1.0	0.0	0
2976	50948	1.0	1.0	0.0	0
2977	50964	1.0	1.0	0.0	0
2978	50981	1.0	1.0	0.0	0
2979	50998	1.0	1.0	0.0	0
2980	51014	1.0	1.0	0.0	0
2981	51031	1.0	1.0	0.0	0
2982	51048	1.0	1.0	0.0	0
2983	51064	1.0	1.0	0.0	0
2984	51081	1.0	1.0	0.0	0
2985	51097	1.0	1.0	0.0	0
2986	51114	1.0	1.0	0.0	0
2987	51132	1.0	1.0	0.0	0
2988	51149	1.0	1.0	0.0	0
2989	51164	1.0	1.0	0.0	0
2990	51180	1.0	1.0	0.0	0
2991	51198	1.0	1.0	0.0	0
2992	51213	1.0	1.0	0.0	0
2993	51231	1.0	1.0	0.0	0
2994	51248	1.0	1.0	0.0	0
2995	51265	1.0	1.0	0.0	0
2996	51281	1.0	1.0	0.0	0
2997	51298	1.0	1.0	0.0	0
2998	51315	1.0	1.0	0.0	0
2999	51331	1.0	1.0	0.0	0
3000	51347	1.0	1.0	0.0	0
3001	51364	1.0	1.0	0.0	0
3002	51380	1.0	1.0	0.0	0
3003	51399	1.0	1.0	0.0	0
3004	51415	1.0	1.0	0.0	0
3005	51431	1.0	1.0	0.0	0
3006	51448	1.0	1.0	0.0	0
3007	51464	1.0	1.0	0.0	0
3008	51480	1.0	1.0	0.0	0
3009	51498	1.0	1.0	0.0	0
3010	51515	1.0	1.0	0.0	0
3011	51530	1.0	1.0	0.0	0
3012	51548	1.0	1.0	0.0	0
3013	51565	1.0	1.0	0.0	0
3014	51581	1.0	1.0	0.0	0
3015	51599	1.0	1.0	0.0	0
3016	51615	1.0	1.0	0.0	0
3017	51631	1.0	1.0	0.0	0
3018	51648	1.0	1.0	0.0	0
3019	51665	1.0	1.0	0.0	0
3020	51681	1.0	1.0	0.0	0
3021	51698	1.0	1.0	0.0	0
3022	51715	1.0	1.0	0.0	0
3023	51731	1.0	1.0	0.0	0
3024	51749	1.0	1.0	0.0	0
3025	51763	1.0	1.0	0.0	0
3026	51780	1.0	1.0	0.0	0
3027	51798	1.0	1.0	0.0	0
3028	51816	1.0	1.0	0.0	0
3029	51832	1.0	1.0	0.0	0
3030	51848	1.0	1.0	0.0	0
3031	51865	1.0	1.0	0.0	0
3032	51881	1.0	1.0	0.0	0
3033	51898	1.0	1.0	0.0	0
3034	51915	1.0	1.0	0.0	0
3035	51931	1.0	1.0	0.0	0
3036	51948	1.0	1.0	0.0	0
3037	51964	1.0	1.0	0.0	0
3038	51981	1.0	1.0	0.0	0
3039	51998	1.0	1.0	0.0	0
3040	52014	1.0	1.0	0.0	0
3041	52032	1.0	1.0	0.0	0
3042	52048	1.0	1.0	0.0	0
3043	52065	1.0	1.0	0.0	0
3044	52081	1.0	1.0	0.0	0
3045	52097	1.0	1.0	0.0	0
3046	52114	1.0	1.0	0.0	0
3047	52132	1.0	1.0	0.0	0
3048	52147	1.0	1.0	0.0	0
3049	52164	1.0	1.0	0.0	0
3050	52181	1.0	1.0	0.0	0
3051	52198	1.0	1.0	0.0	0
3052	52214	1.0	1.0	0.0	0
3053	52231	1.0	1.0	0.0	0
3054	52249	1.0	1.0	0.0	0
3055	52264	1.0	1.0	0.0	0
3056	52280	1.0	1.0	0.0	0
3057	52299	1.0	1.0	0.0	0
3058	52314	1.0	1.0	0.0	0
3059	52332	1.0	1.0	0.0	0
3060	52348	1.0	1.0	0.0	0
3061	52364	1.0	1.0	0.0	0
3062	52382	1.0	1.0	0.0	0
3063	52397	1.0	1.0	0.0	0
3064	52415	1.0	1.0	0.0	0
3065	52430	1.0	1.0	0.0	0
3066	52448	1.0	1.0	0.0	0
3067	52464	1.0	1.0	0.0	0
3068	52481	1.0	1.0	0.0	0
3069	52498	1.0	1.0	0.0	0
3070	52514	1.0	1.0	0.0	0
3071	52532	1.0	1.0	0.0	0
3072	52548	1.0	1.0	0.0	0
3073	52564	1.0	1.0	0.0	0
3074	52581	1.0	1.0	0.0	0
3075	52597	1.0	1.0	0.0	0
3076	52614	1.0	1.0	0.0	0
3077	52632	1.0	1.0	0.0	0
3078	52647	1.0	1.0	0.0	0
3079	52665	1.0	1.0	0.0	0
3080	52681	1.0	1.0	0.0	0
3081	52697	1.0	1.0	0.0	0
3082	52714	1.0	1.0	0.0	0
3083	52731	1.0	1.0	0.0	0
3084	52748	1.0	1.0	0.0	0
3085	52765	1.0	1.0	0.0	0
3086	52781	1.0	1.0	0.0	0
3087	52799	1.0	1.0	0.0	0
3088	52815	1.0	1.0	0.0	0
3089	52831	1.0	1.0	0.0	0
3090	52847	1.0	1.0	0.0	0
3091	52864	1.0	1.0	0.0	0
3092	52881	1.0	1.0	0.0	0
3093	52897	1.0	1.0	0.0	0
3094	52915	1.0	1.0	0.0	0
3095	52931	1.0	1.0	0.0	0
3096	52948	1.0	1.0	0.0	0
3097	52965	1.0	1.0	0.0	0
3098	52982	1.0	1.0	0.0	0
3099	52998	1.0	1.0	0.0	0
3100	53014	1.0	1.0	0.0	0
3101	53031	1.0	1.0	0.0	0
3102	53048	1.0	1.0	0.0	0
3103	53064	1.0	1.0	0.0	0
3104	53082	1.0	1.0	0.0	0
3105	53098	1.0	1.0	0.0	0
3106	53115	1.0	1.0	0.0	0
3107	53132	1.0	1.0	0.0	0
3108	53148	1.0	1.0	0.0	0
3109	53165	1.0	1.0	0.0	0
3110	53181	1.0	1.0	0.0	0
3111	53198	1.0	1.0	0.0	0
3112	53214	1.0	1.0	0.0	0
3113	53232	1.0	1.0	0.0	0
3114	53247	1.0	1.0	0.0	0
3115	53264	1.0	1.0	0.0	0
3116	53281	1.0	1.0	0.0	0
3117	53297	1.0	1.0	0.0	0
3118	53314	1.0	1.0	0.0	0
3119	53331	1.0	1.0	0.0	0
3120	53348	1.0	1.0	0.0	0
3121	53365	1.0	1.0	0.0	0
3122	53382	1.0	1.0	0.0	0
3123	53399	1.0	1.0	0.0	0
3124	53415	1.0	1.0	0.0	0
3125	53431	1.0	1.0	0.0	0
3126	53448	1.0	1.0	0.0	0
3127	53464	1.0	1.0	0.0	0
3128	53481	1.0	1.0	0.0	0
3129	53498	1.0	1.0	0.0	0
3130	53515	1.0	1.0	0.0	0
3131	53531	1.0	1.0	0.0	0
3132	53548	1.0	1.0	0.0	0
3133	53565	1.0	1.0	0.0	0
3134	53581	1.0	1.0	0.0	0
3135	53598	1.0	1.0	0.0	0
3136	53614	1.0	1.0	0.0	0
3137	53631	1.0	1.0	0.0	0
3138	53648	1.0	1.0	0.0	0
3139	53664	1.0	1.0	0.0	0
3140	53681	1.0	1.0	0.0	0
3141	53698	1.0	1.0	0.0	0
3142	53714	1.0	1.0	0.0	0
3143	53730	1.0	1.0	0.0	0
3144	53748	1.0	1.0	0.0	0
3145	53764	1.0	1.0	0.0	0
3146	53781	1.0	1.0	0.0	0
3147	53798	1.0	1.0	0.0	0
3148	53815	1.0	1.0	0.0	0
3149	53831	1.0	1.0	0.0	0
3150	53848	1.0	1.0	0.0	0
3151	53864	1.0	1.0	0.0	0
3152	53881	1.0	1.0	0.0	0
3153	53898	1.0	1.0	0.0	0
3154	53915	1.0	1.0	0.0	0
3155	53932	1.0	1.0	0.0	0
3156	53948	1.0	1.0	0.0	0
3157	53965	1.0	1.0	0.0	0
3158	53982	1.0	1.0	0.0	0
3159	53998	1.0	1.0	0.0	0
3160	54015	1.0	1.0	0.0	0
3161	54031	1.0	1.0	0.0	0
3162	54048	1.0	1.0	0.0	0
3163	54065	1.0	1.0	0.0	0
3164	54081	1.0	1.0	0.0	0
3165	54098	1.0	1.0	0.0	0
3166	54114	1.0	1.0	0.0	0
3167	54131	1.0	1.0	0.0	0
3168	54148	1.0	1.0	0.0	0
3169	54164	1.0	1.0	0.0	0
3170	54181	1.0	1.0	0.0	0
3171	54198	1.0	1.0	0.0	0
3172	54216	1.0	1.0	0.0	0
3173	54231	1.0	1.0	0.0	0
3174	54248	1.0	1.0	0.0	0
3175	54264	1.0	1.0	0.0	0
3176	54282	1.0	1.0	0.0	0
3177	54298	1.0	1.0	0.0	0
3178	54315	1.0	1.0	0.0	0
3179	54332	1.0	1.0	0.0	0
3180	54349	1.0	1.0	0.0	0
3181	54365	1.0	1.0	0.0	0
3182	54381	1.0	1.0	0.0	0
3183	54398	1.0	1.0	0.0	0
3184	54415	1.0	1.0	0.0	0
3185	54431	1.0	1.0	0.0	0
3186	54448	1.0	1.0	0.0	0
3187	54464	1.0	1.0	0.0	0
3188	54482	1.0	1.0	0.0	0
3189	54499	1.0	1.0	0.0	0
3190	54514	1.0	1.0	0.0	0
3191	54531	1.0	1.0	0.0	0
3192	54548	1.0	1.0	0.0	0
3193	54565	1.0	1.0	0.0	0
3194	54582	1.0	1.0	0.0	0
3195	54598	1.0	1.0	0.0	0
3196	54615	1.0	1.0	0.0	0
3197	54631	1.0	1.0	0.0	0
3198	54648	1.0	1.0	0.0	0
3199	54664	1.0	1.0	0.0	0
3200	54682	1.0	1.0	0.0	0
3201	54697	1.0	1.0	0.0	0
3202	54714	1.0	1.0	0.0	0
3203	54730	1.0	1.0	0.0	0
3204	54748	1.0	1.0	0.0	0
3205	54765	1.0	1.0	0.0	0
3206	54781	1.0	1.0	0.0	0
3207	54799	1.0	1.0	0.0	0
3208	54815	1.0	1.0	0.0	0
3209	54832	1.0	1.0	0.0	0
3210	54848	1.0	1.0	0.0	0
3211	54865	1.0	1.0	0.0	0
3212	54881	1.0	1.0	0.0	0
3213	54897	1.0	1.0	0.0	0
3214	549