1	1337	1.0	1.0	0.0	0
2	1388	1.0	1.0	0.0	0
3	1419	1.0	1.0	0.0	0
4	1448	1.0	1.0	0.0	0
5	1480	1.0	1.0	0.0	0
6	1510	1.0	1.0	0.0	0
7	1542	1.0	1.0	0.0	0
8	1572	1.0	1.0	0.0	0
9	1603	1.0	1.0	0.0	0
10	1633	1.0	1.0	0.0	0
11	1666	1.0	1.0	0.0	0
12	1699	1.0	1.0	0.0	0
13	1729	1.0	1.0	0.0	0
14	1759	1.0	1.0	0.0	0
15	1789	1.0	1.0	0.0	0
16	1819	1.0	1.0	0.0	0
17	1848	1.0	1.0	0.0	0
18	1878	1.0	1.0	0.0	0
19	1908	1.0	1.0	0.0	0
20	1938	1.0	1.0	0.0	0
21	1968	1.0	1.0	0.0	0
22	1998	1.0	1.0	0.0	0
23	2027	1.0	1.0	0.0	0
24	2058	1.0	1.0	0.0	0
25	2088	1.0	1.0	0.0	0
26	2118	1.0	1.0	0.0	0
27	2148	1.0	1.0	0.0	0
28	2177	1.0	1.0	0.0	0
29	2208	1.0	1.0	0.0	0
30	2237	1.0	1.0	0.0	0
31	2267	1.0	1.0	0.0	0
32	2296	1.0	1.0	0.0	0
33	2326	1.0	1.0	0.0	0
34	2357	1.0	1.0	0.0	0
35	2387	1.0	1.0	0.0	0
36	2416	1.0	1.0	0.0	0
37	2447	1.0	1.0	0.0	0
38	2476	1.0	1.0	0.0	0
39	2506	1.0	1.0	0.0	0
40	2535	1.0	1.0	0.0	0
41	2564	1.0	1.0	0.0	0
42	2595	1.0	1.0	0.0	0
43	2624	1.0	1.0	0.0	0
44	2654	1.0	1.0	0.0	0
45	2683	1.0	1.0	0.0	0
46	2714	1.0	1.0	0.0	0
47	2744	1.0	1.0	0.0	0
48	2774	1.0	1.0	0.0	0
49	2804	1.0	1.0	0.0	0
50	2834	1.0	1.0	0.0	0
51	2863	1.0	1.0	0.0	0
52	2893	1.0	1.0	0.0	0
53	2922	1.0	1.0	0.0	0
54	2952	1.0	1.0	0.0	0
55	2984	1.0	1.0	0.0	0
56	3014	1.0	1.0	0.0	0
57	3043	1.0	1.0	0.0	0
58	3073	1.0	1.0	0.0	0
59	3103	1.0	1.0	0.0	0
60	3132	1.0	1.0	0.0	0
61	3162	1.0	1.0	0.0	0
62	3192	1.0	1.0	0.0	0
63	3222	1.0	1.0	0.0	0
64	3250	1.0	1.0	0.0	0
65	3280	1.0	1.0	0.0	0
66	3310	1.0	1.0	0.0	0
67	3339	1.0	1.0	0.0	0
68	3369	1.0	1.0	0.0	0
69	3399	1.0	1.0	0.0	0
70	3429	1.0	1.0	0.0	0
71	3459	1.0	1.0	0.0	0
72	3489	1.0	1.0	0.0	0
73	3519	1.0	1.0	0.0	0
74	3552	1.0	1.0	0.0	0
75	3582	1.0	1.0	0.0	0
76	3612	1.0	1.0	0.0	0
77	3643	1.0	1.0	0.0	0
78	3673	1.0	1.0	0.0	0
79	3703	1.0	1.0	0.0	0
80	3732	1.0	1.0	0.0	0
81	3762	1.0	1.0	0.0	0
82	3792	1.0	1.0	0.0	0
83	3822	1.0	1.0	0.0	0
84	3851	1.0	1.0	0.0	0
85	3880	1.0	1.0	0.0	0
86	3910	1.0	1.0	0.0	0
87	3941	1.0	1.0	0.0	0
88	3970	1.0	1.0	0.0	0
89	4000	1.0	1.0	0.0	0
90	4030	1.0	1.0	0.0	0
91	4059	1.0	1.0	0.0	0
92	4090	1.0	1.0	0.0	0
93	4120	1.0	1.0	0.0	0
94	4149	1.0	1.0	0.0	0
95	4179	1.0	1.0	0.0	0
96	4208	1.0	1.0	0.0	0
97	4238	1.0	1.0	0.0	0
98	4268	1.0	1.0	0.0	0
99	4297	1.0	1.0	0.0	0
100	4327	1.0	1.0	0.0	0
101	4356	1.0	1.0	0.0	0
102	4386	1.0	1.0	0.0	0
103	4415	1.0	1.0	0.0	0
104	4445	1.0	1.0	0.0	0
105	4475	1.0	1.0	0.0	0
106	4505	1.0	1.0	0.0	0
107	4534	1.0	1.0	0.0	0
108	4564	1.0	1.0	0.0	0
109	4593	1.0	1.0	0.0	0
110	4623	1.0	1.0	0.0	0
111	4653	1.0	1.0	0.0	0
112	4683	1.0	1.0	0.0	0
113	4713	1.0	1.0	0.0	0
114	4742	1.0	1.0	0.0	0
115	4772	1.0	1.0	0.0	0
116	4801	1.0	1.0	0.0	0
117	4830	1.0	1.0	0.0	0
118	4860	1.0	1.0	0.0	0
119	4889	1.0	1.0	0.0	0
120	4918	1.0	1.0	0.0	0
121	4947	1.0	1.0	0.0	0
122	4978	1.0	1.0	0.0	0
123	5008	1.0	1.0	0.0	0
124	5038	1.0	1.0	0.0	0
125	5068	1.0	1.0	0.0	0
126	5097	1.0	1.0	0.0	0
127	5126	1.0	1.0	0.0	0
128	5156	1.0	1.0	0.0	0
129	5185	1.0	1.0	0.0	0
130	5215	1.0	1.0	0.0	0
131	5245	1.0	1.0	0.0	0
132	5275	1.0	1.0	0.0	0
133	5304	1.0	1.0	0.0	0
134	5334	1.0	1.0	0.0	0
135	5364	1.0	1.0	0.0	0
136	5393	1.0	1.0	0.0	0
137	5423	1.0	1.0	0.0	0
138	5452	1.0	1.0	0.0	0
139	5481	1.0	1.0	0.0	0
140	5512	1.0	1.0	0.0	0
141	5543	1.0	1.0	0.0	0
142	5572	1.0	1.0	0.0	0
143	5601	1.0	1.0	0.0	0
144	5632	1.0	1.0	0.0	0
145	5662	1.0	1.0	0.0	0
146	5693	1.0	1.0	0.0	0
147	5723	1.0	1.0	0.0	0
148	5751	1.0	1.0	0.0	0
149	5782	1.0	1.0	0.0	0
150	5812	1.0	1.0	0.0	0
151	5842	1.0	1.0	0.0	0
152	5872	1.0	1.0	0.0	0
153	5900	1.0	1.0	0.0	0
154	5930	1.0	1.0	0.0	0
155	5960	1.0	1.0	0.0	0
156	5989	1.0	1.0	0.0	0
157	6019	1.0	1.0	0.0	0
158	6050	1.0	1.0	0.0	0
159	6079	1.0	1.0	0.0	0
160	6109	1.0	1.0	0.0	0
161	6138	1.0	1.0	0.0	0
162	6168	1.0	1.0	0.0	0
163	6197	1.0	1.0	0.0	0
164	6229	1.0	1.0	0.0	0
165	6259	1.0	1.0	0.0	0
166	6289	1.0	1.0	0.0	0
167	6319	1.0	1.0	0.0	0
168	6348	1.0	1.0	0.0	0
169	6377	1.0	1.0	0.0	0
170	6407	1.0	1.0	0.0	0
171	6437	1.0	1.0	0.0	0
172	6466	1.0	1.0	0.0	0
173	6497	1.0	1.0	0.0	0
174	6526	1.0	1.0	0.0	0
175	6555	1.0	1.0	0.0	0
176	6585	1.0	1.0	0.0	0
177	6615	1.0	1.0	0.0	0
178	6644	1.0	1.0	0.0	0
179	6674	1.0	1.0	0.0	0
180	6704	1.0	1.0	0.0	0
181	6733	1.0	1.0	0.0	0
182	6764	1.0	1.0	0.0	0
183	6793	1.0	1.0	0.0	0
184	6824	1.0	1.0	0.0	0
185	6852	1.0	1.0	0.0	0
186	6883	1.0	1.0	0.0	0
187	6913	1.0	1.0	0.0	0
188	6942	1.0	1.0	0.0	0
189	6972	1.0	1.0	0.0	0
190	7002	1.0	1.0	0.0	0
191	7032	1.0	1.0	0.0	0
192	7062	1.0	1.0	0.0	0
193	7090	1.0	1.0	0.0	0
194	7119	1.0	1.0	0.0	0
195	7148	1.0	1.0	0.0	0
196	7178	1.0	1.0	0.0	0
197	7208	1.0	1.0	0.0	0
198	7239	1.0	1.0	0.0	0
199	7269	1.0	1.0	0.0	0
200	7298	1.0	1.0	0.0	0
201	7329	1.0	1.0	0.0	0
202	7357	1.0	1.0	0.0	0
203	7387	1.0	1.0	0.0	0
204	7417	1.0	1.0	0.0	0
205	7447	1.0	1.0	0.0	0
206	7477	1.0	1.0	0.0	0
207	7507	1.0	1.0	0.0	0
208	7537	1.0	1.0	0.0	0
209	7567	1.0	1.0	0.0	0
210	7596	1.0	1.0	0.0	0
211	7626	1.0	1.0	0.0	0
212	7655	1.0	1.0	0.0	0
213	7684	1.0	1.0	0.0	0
214	7714	1.0	1.0	0.0	0
215	7744	1.0	1.0	0.0	0
216	7773	1.0	1.0	0.0	0
217	7803	1.0	1.0	0.0	0
218	7831	1.0	1.0	0.0	0
219	7861	1.0	1.0	0.0	0
220	7891	1.0	1.0	0.0	0
221	7921	1.0	1.0	0.0	0
222	7950	1.0	1.0	0.0	0
223	7982	1.0	1.0	0.0	0
224	8012	1.0	1.0	0.0	0
225	8041	1.0	1.0	0.0	0
226	8070	1.0	1.0	0.0	0
227	8099	1.0	1.0	0.0	0
228	8128	1.0	1.0	0.0	0
229	8157	1.0	1.0	0.0	0
230	8186	1.0	1.0	0.0	0
231	8215	1.0	1.0	0.0	0
232	8244	1.0	1.0	0.0	0
233	8273	1.0	1.0	0.0	0
234	8302	1.0	1.0	0.0	0
235	8331	1.0	1.0	0.0	0
236	8361	1.0	1.0	0.0	0
237	8391	1.0	1.0	0.0	0
238	8420	1.0	1.0	0.0	0
239	8450	1.0	1.0	0.0	0
240	8479	1.0	1.0	0.0	0
241	8508	1.0	1.0	0.0	0
242	8537	1.0	1.0	0.0	0
243	8568	1.0	1.0	0.0	0
244	8597	1.0	1.0	0.0	0
245	8626	1.0	1.0	0.0	0
246	8656	1.0	1.0	0.0	0
247	8685	1.0	1.0	0.0	0
248	8714	1.0	1.0	0.0	0
249	8744	1.0	1.0	0.0	0
250	8773	1.0	1.0	0.0	0
251	8803	1.0	1.0	0.0	0
252	8832	1.0	1.0	0.0	0
253	8861	1.0	1.0	0.0	0
254	8891	1.0	1.0	0.0	0
255	8920	1.0	1.0	0.0	0
256	8949	1.0	1.0	0.0	0
257	8979	1.0	1.0	0.0	0
258	9009	1.0	1.0	0.0	0
259	9037	1.0	1.0	0.0	0
260	9068	1.0	1.0	0.0	0
261	9097	1.0	1.0	0.0	0
262	9127	1.0	1.0	0.0	0
263	9156	1.0	1.0	0.0	0
264	9185	1.0	1.0	0.0	0
265	9214	1.0	1.0	0.0	0
266	9244	1.0	1.0	0.0	0
267	9274	1.0	1.0	0.0	0
268	9302	1.0	1.0	0.0	0
269	9332	1.0	1.0	0.0	0
270	9362	1.0	1.0	0.0	0
271	9391	1.0	1.0	0.0	0
272	9421	1.0	1.0	0.0	0
273	9450	1.0	1.0	0.0	0
274	9478	1.0	1.0	0.0	0
275	9508	1.0	1.0	0.0	0
276	9537	1.0	1.0	0.0	0
277	9566	1.0	1.0	0.0	0
278	9596	1.0	1.0	0.0	0
279	9625	1.0	1.0	0.0	0
280	9654	1.0	1.0	0.0	0
281	9684	1.0	1.0	0.0	0
282	9712	1.0	1.0	0.0	0
283	9742	1.0	1.0	0.0	0
284	9770	1.0	1.0	0.0	0
285	9800	1.0	1.0	0.0	0
286	9829	1.0	1.0	0.0	0
287	9858	1.0	1.0	0.0	0
288	9887	1.0	1.0	0.0	0
289	9917	1.0	1.0	0.0	0
290	9946	1.0	1.0	0.0	0
291	9975	1.0	1.0	0.0	0
292	10004	1.0	1.0	0.0	0
293	10035	1.0	1.0	0.0	0
294	10064	1.0	1.0	0.0	0
295	10093	1.0	1.0	0.0	0
296	10123	1.0	1.0	0.0	0
297	10151	1.0	1.0	0.0	0
298	10180	1.0	1.0	0.0	0
299	10210	1.0	1.0	0.0	0
300	10239	1.0	1.0	0.0	0
301	10269	1.0	1.0	0.0	0
302	10298	1.0	1.0	0.0	0
303	10327	1.0	1.0	0.0	0
304	10356	1.0	1.0	0.0	0
305	10386	1.0	1.0	0.0	0
306	10415	1.0	1.0	0.0	0
307	10444	1.0	1.0	0.0	0
308	10474	1.0	1.0	0.0	0
309	10503	1.0	1.0	0.0	0
310	10532	1.0	1.0	0.0	0
311	10563	1.0	1.0	0.0	0
312	10593	1.0	1.0	0.0	0
313	10623	1.0	1.0	0.0	0
314	10653	1.0	1.0	0.0	0
315	10682	1.0	1.0	0.0	0
316	10712	1.0	1.0	0.0	0
317	10742	1.0	1.0	0.0	0
318	10771	1.0	1.0	0.0	0
319	10801	1.0	1.0	0.0	0
320	10831	1.0	1.0	0.0	0
321	10860	1.0	1.0	0.0	0
322	10890	1.0	1.0	0.0	0
323	10919	1.0	1.0	0.0	0
324	10949	1.0	1.0	0.0	0
325	10978	1.0	1.0	0.0	0
326	11007	1.0	1.0	0.0	0
327	11037	1.0	1.0	0.0	0
328	11069	1.0	1.0	0.0	0
329	11098	1.0	1.0	0.0	0
330	11127	1.0	1.0	0.0	0
331	11158	1.0	1.0	0.0	0
332	11187	1.0	1.0	0.0	0
333	11217	1.0	1.0	0.0	0
334	11247	1.0	1.0	0.0	0
335	11277	1.0	1.0	0.0	0
336	11306	1.0	1.0	0.0	0
337	11336	1.0	1.0	0.0	0
338	11367	1.0	1.0	0.0	0
339	11397	1.0	1.0	0.0	0
340	11426	1.0	1.0	0.0	0
341	11455	1.0	1.0	0.0	0
342	11484	1.0	1.0	0.0	0
343	11515	1.0	1.0	0.0	0
344	11545	1.0	1.0	0.0	0
345	11577	1.0	1.0	0.0	0
346	11606	1.0	1.0	0.0	0
347	11636	1.0	1.0	0.0	0
348	11666	1.0	1.0	0.0	0
349	11695	1.0	1.0	0.0	0
350	11725	1.0	1.0	0.0	0
351	11754	1.0	1.0	0.0	0
352	11783	1.0	1.0	0.0	0
353	11813	1.0	1.0	0.0	0
354	11844	1.0	1.0	0.0	0
355	11874	1.0	1.0	0.0	0
356	11903	1.0	1.0	0.0	0
357	11932	1.0	1.0	0.0	0
358	11962	1.0	1.0	0.0	0
359	11993	1.0	1.0	0.0	0
360	12023	1.0	1.0	0.0	0
361	12052	1.0	1.0	0.0	0
362	12082	1.0	1.0	0.0	0
363	12112	1.0	1.0	0.0	0
364	12142	1.0	1.0	0.0	0
365	12172	1.0	1.0	0.0	0
366	12202	1.0	1.0	0.0	0
367	12231	1.0	1.0	0.0	0
368	12262	1.0	1.0	0.0	0
369	12291	1.0	1.0	0.0	0
370	12321	1.0	1.0	0.0	0
371	12350	1.0	1.0	0.0	0
372	12379	1.0	1.0	0.0	0
373	12409	1.0	1.0	0.0	0
374	12439	1.0	1.0	0.0	0
375	12467	1.0	1.0	0.0	0
376	12497	1.0	1.0	0.0	0
377	12527	1.0	1.0	0.0	0
378	12557	1.0	1.0	0.0	0
379	12587	1.0	1.0	0.0	0
380	12616	1.0	1.0	0.0	0
381	12647	1.0	1.0	0.0	0
382	12677	1.0	1.0	0.0	0
383	12706	1.0	1.0	0.0	0
384	12737	1.0	1.0	0.0	0
385	12767	1.0	1.0	0.0	0
386	12798	1.0	1.0	0.0	0
387	12827	1.0	1.0	0.0	0
388	12858	1.0	1.0	0.0	0
389	12887	1.0	1.0	0.0	0
390	12917	1.0	1.0	0.0	0
391	12947	1.0	1.0	0.0	0
392	12976	1.0	1.0	0.0	0
393	13007	1.0	1.0	0.0	0
394	13037	1.0	1.0	0.0	0
395	13066	1.0	1.0	0.0	0
396	13097	1.0	1.0	0.0	0
397	13127	1.0	1.0	0.0	0
398	13156	1.0	1.0	0.0	0
399	13186	1.0	1.0	0.0	0
400	13215	1.0	1.0	0.0	0
401	13245	1.0	1.0	0.0	0
402	13275	1.0	1.0	0.0	0
403	13305	1.0	1.0	0.0	0
404	13335	1.0	1.0	0.0	0
405	13365	1.0	1.0	0.0	0
406	13395	1.0	1.0	0.0	0
407	13424	1.0	1.0	0.0	0
408	13453	1.0	1.0	0.0	0
409	13483	1.0	1.0	0.0	0
410	13513	1.0	1.0	0.0	0
411	13542	1.0	1.0	0.0	0
412	13572	1.0	1.0	0.0	0
413	13601	1.0	1.0	0.0	0
414	13630	1.0	1.0	0.0	0
415	13661	1.0	1.0	0.0	0
416	13691	1.0	1.0	0.0	0
417	13720	1.0	1.0	0.0	0
418	13750	1.0	1.0	0.0	0
419	13779	1.0	1.0	0.0	0
420	13809	1.0	1.0	0.0	0
421	13838	1.0	1.0	0.0	0
422	13867	1.0	1.0	0.0	0
423	13896	1.0	1.0	0.0	0
424	13926	1.0	1.0	0.0	0
425	13956	1.0	1.0	0.0	0
426	13986	1.0	1.0	0.0	0
427	14016	1.0	1.0	0.0	0
428	14046	1.0	1.0	0.0	0
429	14076	1.0	1.0	0.0	0
430	14106	1.0	1.0	0.0	0
431	14135	1.0	1.0	0.0	0
432	14165	1.0	1.0	0.0	0
433	14195	1.0	1.0	0.0	0
434	14224	1.0	1.0	0.0	0
435	14253	1.0	1.0	0.0	0
436	14282	1.0	1.0	0.0	0
437	14312	1.0	1.0	0.0	0
438	14342	1.0	1.0	0.0	0
439	14371	1.0	1.0	0.0	0
440	14400	1.0	1.0	0.0	0
441	14430	1.0	1.0	0.0	0
442	14461	1.0	1.0	0.0	0
443	14491	1.0	1.0	0.0	0
444	14519	1.0	1.0	0.0	0
445	14549	1.0	1.0	0.0	0
446	14578	1.0	1.0	0.0	0
447	14608	1.0	1.0	0.0	0
448	14637	1.0	1.0	0.0	0
449	14666	1.0	1.0	0.0	0
450	14697	1.0	1.0	0.0	0
451	14726	1.0	1.0	0.0	0
452	14755	1.0	1.0	0.0	0
453	14784	1.0	1.0	0.0	0
454	14814	1.0	1.0	0.0	0
455	14845	1.0	1.0	0.0	0
456	14875	1.0	1.0	0.0	0
457	14905	1.0	1.0	0.0	0
458	14934	1.0	1.0	0.0	0
459	14964	1.0	1.0	0.0	0
460	14994	1.0	1.0	0.0	0
461	15024	1.0	1.0	0.0	0
462	15054	1.0	1.0	0.0	0
463	15084	1.0	1.0	0.0	0
464	15114	1.0	1.0	0.0	0
465	15145	1.0	1.0	0.0	0
466	15175	1.0	1.0	0.0	0
467	15204	1.0	1.0	0.0	0
468	15234	1.0	1.0	0.0	0
469	15264	1.0	1.0	0.0	0
470	15294	1.0	1.0	0.0	0
471	15324	1.0	1.0	0.0	0
472	15354	1.0	1.0	0.0	0
473	15383	1.0	1.0	0.0	0
474	15413	1.0	1.0	0.0	0
475	15443	1.0	1.0	0.0	0
476	15473	1.0	1.0	0.0	0
477	15503	1.0	1.0	0.0	0
478	15532	1.0	1.0	0.0	0
479	15561	1.0	1.0	0.0	0
480	15593	1.0	1.0	0.0	0
481	15623	1.0	1.0	0.0	0
482	15653	1.0	1.0	0.0	0
483	15682	1.0	1.0	0.0	0
484	15710	1.0	1.0	0.0	0
485	15740	1.0	1.0	0.0	0
486	15770	1.0	1.0	0.0	0
487	15801	1.0	1.0	0.0	0
488	15830	1.0	1.0	0.0	0
489	15860	1.0	1.0	0.0	0
490	15891	1.0	1.0	0.0	0
491	15920	1.0	1.0	0.0	0
492	15949	1.0	1.0	0.0	0
493	15980	1.0	1.0	0.0	0
494	16008	1.0	1.0	0.0	0
495	16038	1.0	1.0	0.0	0
496	16069	1.0	1.0	0.0	0
497	16099	1.0	1.0	0.0	0
498	16129	1.0	1.0	0.0	0
499	16158	1.0	1.0	0.0	0
500	16187	1.0	1.0	0.0	0
501	16217	1.0	1.0	0.0	0
502	16247	1.0	1.0	0.0	0
503	16276	1.0	1.0	0.0	0
504	16306	1.0	1.0	0.0	0
505	16335	1.0	1.0	0.0	0
506	16365	1.0	1.0	0.0	0
507	16395	1.0	1.0	0.0	0
508	16425	1.0	1.0	0.0	0
509	16455	1.0	1.0	0.0	0
510	16485	1.0	1.0	0.0	0
511	16515	1.0	1.0	0.0	0
512	16544	1.0	1.0	0.0	0
513	16574	1.0	1.0	0.0	0
514	16604	1.0	1.0	0.0	0
515	16633	1.0	1.0	0.0	0
516	16662	1.0	1.0	0.0	0
517	16692	1.0	1.0	0.0	0
518	16721	1.0	1.0	0.0	0
519	16750	1.0	1.0	0.0	0
520	16781	1.0	1.0	0.0	0
521	16811	1.0	1.0	0.0	1
522	16842	260.0	197.0	0.0	1
523	16871	260.0	197.0	0.0	1
524	16900	260.0	197.0	0.0	1
525	16931	260.0	197.0	0.0	1
526	16961	260.0	197.0	0.0	1
527	16992	260.0	197.0	0.0	1
528	17020	260.0	197.0	0.0	1
529	17052	260.0	197.0	0.0	1
530	17081	260.0	197.0	0.0	1
531	17111	260.0	197.0	0.0	1
532	17141	260.0	197.0	0.0	1
533	17170	260.0	197.0	0.0	1
534	17200	260.0	197.0	0.0	1
535	17229	260.0	197.0	0.0	1
536	17259	260.0	197.0	0.0	1
537	17289	260.0	197.0	0.0	1
538	17318	260.0	197.0	0.0	1
539	17348	260.0	197.0	0.0	1
540	17377	260.0	197.0	0.0	1
541	17407	260.0	197.0	0.0	1
542	17434	260.0	197.0	0.0	1
543	17466	260.0	197.0	0.0	0
544	17495	260.0	197.0	0.0	0
545	17523	260.0	197.0	0.0	0
546	17552	260.0	197.0	0.0	0
547	17581	260.0	197.0	0.0	0
548	17610	260.0	197.0	0.0	0
549	17641	260.0	197.0	0.0	0
550	17669	260.0	197.0	0.0	0
551	17698	260.0	197.0	0.0	0
552	17727	260.0	197.0	0.0	0
553	17756	260.0	197.0	0.0	0
554	17785	260.0	197.0	0.0	0
555	17814	260.0	197.0	0.0	0
556	17844	260.0	197.0	0.0	0
557	17873	260.0	197.0	0.0	0
558	17902	260.0	197.0	0.0	0
559	17931	260.0	197.0	0.0	0
560	17960	260.0	197.0	0.0	0
561	17989	260.0	197.0	0.0	0
562	18018	260.0	197.0	0.0	0
563	18048	260.0	197.0	0.0	0
564	18076	260.0	197.0	0.0	0
565	18105	260.0	197.0	0.0	0
566	18134	260.0	197.0	0.0	0
567	18165	260.0	197.0	0.0	0
568	18194	260.0	197.0	0.0	0
569	18223	260.0	197.0	0.0	0
570	18251	260.0	197.0	0.0	0
571	18281	260.0	197.0	0.0	0
572	18309	260.0	197.0	0.0	0
573	18338	260.0	197.0	0.0	0
574	18367	260.0	197.0	0.0	0
575	18396	260.0	197.0	0.0	0
576	18425	260.0	197.0	0.0	0
577	18454	260.0	197.0	0.0	0
578	18483	260.0	197.0	0.0	0
579	18514	260.0	197.0	0.0	0
580	18543	260.0	197.0	0.0	0
581	18572	260.0	197.0	0.0	1
582	18601	260.0	197.0	0.0	1
583	18631	260.0	197.0	0.0	1
584	18660	260.0	197.0	0.0	1
585	18689	260.0	197.0	0.0	1
586	18718	260.0	197.0	0.0	1
587	18748	260.0	197.0	0.0	1
588	18777	260.0	197.0	0.0	1
589	18807	260.0	197.0	0.0	1
590	18839	260.0	197.0	0.0	1
591	18867	260.0	204.0	0.0	1
592	18898	258.0	210.0	0.0	1
593	18927	254.0	219.0	0.0	1
594	18956	253.0	225.0	0.0	1
595	18986	250.0	231.0	0.0	1
596	19017	247.0	236.0	0.0	1
597	19045	245.0	242.0	0.0	1
598	19075	242.0	249.0	0.0	1
599	19104	239.0	256.0	0.0	1
600	19134	237.0	262.0	0.0	1
601	19164	236.0	268.0	0.0	1
602	19194	236.0	277.0	0.0	1
603	19224	236.0	289.0	0.0	1
604	19254	236.0	295.0	0.0	1
605	19284	240.0	303.0	0.0	1
606	19313	245.0	311.0	0.0	1
607	19343	249.0	315.0	0.0	1
608	19373	251.0	316.0	0.0	1
609	19403	253.0	318.0	0.0	1
610	19432	255.0	319.0	0.0	1
611	19462	257.0	319.0	0.0	1
612	19492	258.0	319.0	0.0	1
613	19522	259.0	320.0	0.0	0
614	19551	259.0	320.0	0.0	0
615	19580	259.0	320.0	0.0	0
616	19668	259.0	320.0	0.0	0
617	19698	259.0	320.0	0.0	0
618	19727	259.0	320.0	0.0	0
619	19757	259.0	320.0	0.0	0
620	19786	259.0	320.0	0.0	0
621	19816	259.0	320.0	0.0	0
622	19846	259.0	320.0	0.0	0
623	19876	259.0	320.0	0.0	0
624	19904	259.0	320.0	0.0	0
625	19933	259.0	320.0	0.0	0
626	19963	259.0	320.0	0.0	0
627	19993	259.0	320.0	0.0	0
628	20023	259.0	320.0	0.0	0
629	20051	259.0	320.0	0.0	0
630	20080	259.0	320.0	0.0	0
631	20110	259.0	320.0	0.0	0
632	20141	259.0	320.0	0.0	0
633	20170	259.0	320.0	0.0	0
634	20199	259.0	320.0	0.0	0
635	20229	259.0	320.0	0.0	0
636	20259	259.0	320.0	0.0	0
637	20288	259.0	320.0	0.0	0
638	20318	259.0	320.0	0.0	1
639	20348	259.0	320.0	0.0	1
640	20377	259.0	320.0	0.0	1
641	20408	259.0	320.0	0.0	1
642	20436	259.0	320.0	0.0	1
643	20465	259.0	320.0	0.0	1
644	20495	259.0	320.0	0.0	1
645	20525	259.0	320.0	0.0	1
646	20553	259.0	320.0	0.0	1
647	20584	259.0	320.0	0.0	1
648	20615	259.0	319.0	0.0	1
649	20646	258.0	313.0	0.0	1
650	20676	257.0	308.0	0.0	1
651	20706	257.0	303.0	0.0	1
652	20735	257.0	302.0	0.0	1
653	20764	257.0	300.0	0.0	1
654	20794	257.0	299.0	0.0	1
655	20824	257.0	299.0	0.0	1
656	20853	257.0	299.0	0.0	1
657	20883	257.0	298.0	0.0	1
658	20913	257.0	298.0	0.0	1
659	20943	257.0	298.0	0.0	1
660	20973	257.0	298.0	0.0	0
661	21002	257.0	298.0	0.0	0
662	21031	257.0	298.0	0.0	0
663	21061	257.0	298.0	0.0	0
664	21091	257.0	298.0	0.0	0
665	21119	257.0	298.0	0.0	0
666	21150	257.0	298.0	0.0	0
667	21179	257.0	298.0	0.0	0
668	21208	257.0	298.0	0.0	0
669	21238	257.0	298.0	0.0	0
670	21267	257.0	298.0	0.0	0
671	21297	257.0	298.0	0.0	0
672	21326	257.0	298.0	0.0	0
673	21356	257.0	298.0	0.0	0
674	21385	257.0	298.0	0.0	0
675	21415	257.0	298.0	0.0	0
676	21444	257.0	298.0	0.0	0
677	21473	257.0	298.0	0.0	0
678	21502	257.0	298.0	0.0	0
679	21531	257.0	298.0	0.0	0
680	21561	257.0	298.0	0.0	0
681	21590	257.0	298.0	0.0	0
682	21619	257.0	298.0	0.0	0
683	21649	257.0	298.0	0.0	0
684	21678	257.0	298.0	0.0	0
685	21707	257.0	298.0	0.0	0
686	21735	257.0	298.0	0.0	0
687	21765	257.0	298.0	0.0	0
688	21795	257.0	298.0	0.0	0
689	21824	257.0	298.0	0.0	0
690	21852	257.0	298.0	0.0	0
691	21881	257.0	298.0	0.0	0
692	21911	257.0	298.0	0.0	0
693	21940	257.0	298.0	0.0	0
694	21969	257.0	298.0	0.0	0
695	21999	257.0	298.0	0.0	0
696	22028	257.0	298.0	0.0	0
697	22057	257.0	298.0	0.0	0
698	22086	257.0	298.0	0.0	0
699	22116	257.0	298.0	0.0	0
700	22145	257.0	298.0	0.0	0
701	22174	257.0	298.0	0.0	0
702	22202	257.0	298.0	0.0	0
703	22231	257.0	298.0	0.0	0
704	22260	257.0	298.0	0.0	0
705	22290	257.0	298.0	0.0	0
706	22319	257.0	298.0	0.0	0
707	22348	257.0	298.0	0.0	0
708	22378	257.0	298.0	0.0	0
709	22407	257.0	298.0	0.0	0
710	22436	257.0	298.0	0.0	0
711	22467	257.0	298.0	0.0	0
712	22497	257.0	298.0	0.0	0
713	22526	257.0	298.0	0.0	0
714	22555	257.0	298.0	0.0	0
715	22584	257.0	298.0	0.0	0
716	22613	257.0	298.0	0.0	0
717	22643	257.0	298.0	0.0	0
718	22673	257.0	298.0	0.0	0
719	22701	257.0	298.0	0.0	0
720	22732	257.0	298.0	0.0	0
721	22762	257.0	298.0	0.0	0
722	22792	257.0	298.0	0.0	0
723	22821	257.0	298.0	0.0	0
724	22850	257.0	298.0	0.0	0
725	22880	257.0	298.0	0.0	0
726	22910	257.0	298.0	0.0	0
727	22940	257.0	298.0	0.0	0
728	22969	257.0	298.0	0.0	0
729	23002	257.0	298.0	0.0	0
730	23032	257.0	298.0	0.0	0
731	23061	257.0	298.0	0.0	0
732	23092	257.0	298.0	0.0	0
733	23120	257.0	298.0	0.0	0
734	23150	257.0	298.0	0.0	0
735	23180	257.0	298.0	0.0	0
736	23210	257.0	298.0	0.0	0
737	23239	257.0	298.0	0.0	0
738	23269	257.0	298.0	0.0	0
739	23299	257.0	298.0	0.0	0
740	23329	257.0	298.0	0.0	0
741	23359	257.0	298.0	0.0	0
742	23389	257.0	298.0	0.0	0
743	23419	257.0	298.0	0.0	0
744	23449	257.0	298.0	0.0	0
745	23478	257.0	298.0	0.0	0
746	23509	257.0	298.0	0.0	0
747	23538	257.0	298.0	0.0	0
748	23567	257.0	298.0	0.0	0
749	23597	257.0	298.0	0.0	0
750	23626	257.0	298.0	0.0	0
751	23657	257.0	298.0	0.0	0
752	23687	257.0	298.0	0.0	0
753	23719	257.0	298.0	0.0	0
754	23749	257.0	298.0	0.0	0
755	23779	257.0	298.0	0.0	0
756	23810	257.0	298.0	0.0	0
757	23839	257.0	298.0	0.0	0
758	23869	257.0	298.0	0.0	0
759	23899	257.0	298.0	0.0	0
760	23929	257.0	298.0	0.0	0
761	23958	257.0	298.0	0.0	0
762	23986	257.0	298.0	0.0	0
763	24016	257.0	298.0	0.0	0
764	24047	257.0	298.0	0.0	0
765	24077	257.0	298.0	0.0	0
766	24106	257.0	298.0	0.0	0
767	24135	257.0	298.0	0.0	0
768	24165	257.0	298.0	0.0	0
769	24194	257.0	298.0	0.0	0
770	24224	257.0	298.0	0.0	0
771	24253	257.0	298.0	0.0	0
772	24282	257.0	298.0	0.0	0
773	24312	257.0	298.0	0.0	0
774	24341	257.0	298.0	0.0	0
775	24371	257.0	298.0	0.0	0
776	24400	257.0	298.0	0.0	0
777	24430	257.0	298.0	0.0	0
778	24459	257.0	298.0	0.0	0
779	24488	257.0	298.0	0.0	0
780	24518	257.0	298.0	0.0	0
781	24547	257.0	298.0	0.0	0
782	24576	257.0	298.0	0.0	0
783	24606	257.0	298.0	0.0	0
784	24635	257.0	298.0	0.0	0
785	24665	257.0	298.0	0.0	0
786	24695	257.0	298.0	0.0	0
787	24725	257.0	298.0	0.0	0
788	24753	257.0	298.0	0.0	0
789	24783	257.0	298.0	0.0	0
790	24812	257.0	298.0	0.0	0
791	24842	257.0	298.0	0.0	0
792	24873	257.0	298.0	0.0	0
793	24902	257.0	298.0	0.0	0
794	24932	257.0	298.0	0.0	0
795	24962	257.0	298.0	0.0	0
796	24992	257.0	298.0	0.0	0
797	25022	257.0	298.0	0.0	0
798	25052	257.0	298.0	0.0	0
799	25081	257.0	298.0	0.0	0
800	25111	257.0	298.0	0.0	0
801	25141	257.0	298.0	0.0	0
802	25171	257.0	298.0	0.0	0
803	25200	257.0	298.0	0.0	0
804	25230	257.0	298.0	0.0	0
805	25261	257.0	298.0	0.0	0
806	25291	257.0	298.0	0.0	0
807	25320	257.0	298.0	0.0	0
808	25350	257.0	298.0	0.0	0
809	25380	257.0	298.0	0.0	0
810	25411	257.0	298.0	0.0	0
811	25440	257.0	298.0	0.0	0
812	25471	257.0	298.0	0.0	0
813	25500	257.0	298.0	0.0	0
814	25529	257.0	298.0	0.0	0
815	25559	257.0	298.0	0.0	0
816	25589	257.0	298.0	0.0	0
817	25619	257.0	298.0	0.0	0
818	25648	257.0	298.0	0.0	0
819	25679	257.0	298.0	0.0	0
820	25708	257.0	298.0	0.0	0
821	25737	257.0	298.0	0.0	0
822	25767	257.0	298.0	0.0	0
823	25798	257.0	298.0	0.0	0
824	25828	257.0	298.0	0.0	0
825	25857	257.0	298.0	0.0	0
826	25886	257.0	298.0	0.0	0
827	25917	257.0	298.0	0.0	0
828	25946	257.0	298.0	0.0	0
829	25977	257.0	298.0	0.0	0
830	26006	257.0	298.0	0.0	0
831	26037	257.0	298.0	0.0	0
832	26066	257.0	298.0	0.0	0
833	26097	257.0	298.0	0.0	0
834	26127	257.0	298.0	0.0	0
835	26157	257.0	298.0	0.0	0
836	26186	257.0	298.0	0.0	0
837	26216	257.0	298.0	0.0	0
838	26246	257.0	298.0	0.0	0
839	26276	257.0	298.0	0.0	0
840	26305	257.0	298.0	0.0	0
841	26334	257.0	298.0	0.0	0
842	26363	257.0	298.0	0.0	0
843	26393	257.0	298.0	0.0	0
844	26423	257.0	298.0	0.0	0
845	26452	257.0	298.0	0.0	1
846	26482	359.0	44.0	0.0	1
847	26513	359.0	44.0	0.0	1
848	26542	359.0	44.0	0.0	1
849	26571	359.0	44.0	0.0	1
850	26602	359.0	44.0	0.0	1
851	26631	359.0	44.0	0.0	1
852	26661	359.0	44.0	0.0	1
853	26690	359.0	44.0	0.0	1
854	26720	359.0	44.0	0.0	1
855	26750	359.0	44.0	0.0	1
856	26779	359.0	44.0	0.0	1
857	26809	359.0	44.0	0.0	1
858	26840	359.0	44.0	0.0	1
859	26871	359.0	44.0	0.0	1
860	26900	359.0	44.0	0.0	1
861	26931	359.0	44.0	0.0	1
862	26960	359.0	44.0	0.0	1
863	26990	359.0	44.0	0.0	1
864	27019	359.0	44.0	0.0	1
865	27051	359.0	44.0	0.0	0
866	27080	359.0	44.0	0.0	0
867	27109	359.0	44.0	0.0	0
868	27139	359.0	44.0	0.0	0
869	27169	359.0	44.0	0.0	0
870	27198	359.0	44.0	0.0	0
871	27231	359.0	44.0	0.0	0
872	27260	359.0	44.0	0.0	0
873	27290	359.0	44.0	0.0	0
874	27319	359.0	44.0	0.0	0
875	27350	359.0	44.0	0.0	0
876	27379	359.0	44.0	0.0	0
877	27409	359.0	44.0	0.0	0
878	27438	359.0	44.0	0.0	0
879	27468	359.0	44.0	0.0	1
880	27498	520.0	213.0	0.0	1
881	27527	520.0	221.0	0.0	1
882	27558	517.0	222.0	0.0	1
883	27588	516.0	225.0	0.0	1
884	27618	516.0	228.0	0.0	1
885	27647	515.0	231.0	0.0	1
886	27678	515.0	232.0	0.0	1
887	27707	516.0	233.0	0.0	1
888	27737	517.0	234.0	0.0	1
889	27766	519.0	235.0	0.0	1
890	27797	521.0	236.0	0.0	1
891	27827	521.0	237.0	0.0	1
892	27856	520.0	238.0	0.0	1
893	27885	521.0	239.0	0.0	1
894	27917	521.0	239.0	0.0	1
895	27948	522.0	240.0	0.0	1
896	27978	523.0	242.0	0.0	1
897	28009	524.0	243.0	0.0	1
898	28040	526.0	243.0	0.0	1
899	28070	526.0	246.0	0.0	1
900	28100	525.0	247.0	0.0	1
901	28130	525.0	246.0	0.0	1
902	28160	524.0	245.0	0.0	1
903	28189	523.0	245.0	0.0	1
904	28219	523.0	246.0	0.0	1
905	28249	522.0	247.0	0.0	1
906	28277	523.0	248.0	0.0	1
907	28307	523.0	247.0	0.0	1
908	28337	524.0	248.0	0.0	1
909	28366	523.0	249.0	0.0	1
910	28397	524.0	250.0	0.0	1
911	28427	525.0	252.0	0.0	1
912	28457	526.0	257.0	0.0	1
913	28486	526.0	264.0	0.0	1
914	28515	522.0	268.0	0.0	1
915	28545	519.0	271.0	0.0	1
916	28574	514.0	276.0	0.0	1
917	28604	510.0	279.0	0.0	1
918	28634	509.0	280.0	0.0	1
919	28663	508.0	281.0	0.0	1
920	28693	508.0	281.0	0.0	1
921	28723	508.0	281.0	0.0	1
922	28752	508.0	281.0	0.0	1
923	28783	508.0	281.0	0.0	1
924	28812	508.0	281.0	0.0	1
925	28842	508.0	281.0	0.0	1
926	28872	508.0	281.0	0.0	1
927	28901	508.0	281.0	0.0	1
928	28932	508.0	281.0	0.0	1
929	28962	508.0	281.0	0.0	1
930	28992	508.0	281.0	0.0	1
931	29021	508.0	281.0	0.0	1
932	29050	508.0	281.0	0.0	1
933	29080	508.0	281.0	0.0	1
934	29110	508.0	281.0	0.0	1
935	29140	508.0	281.0	0.0	1
936	29170	508.0	281.0	0.0	1
937	29200	508.0	281.0	0.0	1
938	29229	508.0	281.0	0.0	1
939	29260	508.0	281.0	0.0	1
940	29289	508.0	281.0	0.0	1
941	29318	508.0	281.0	0.0	1
942	29349	508.0	281.0	0.0	1
943	29379	508.0	281.0	0.0	1
944	29409	508.0	281.0	0.0	1
945	29438	508.0	281.0	0.0	1
946	29467	508.0	281.0	0.0	1
947	29497	508.0	281.0	0.0	1
948	29525	508.0	281.0	0.0	1
949	29555	508.0	281.0	0.0	0
950	29584	508.0	281.0	0.0	0
951	29614	508.0	281.0	0.0	0
952	29644	508.0	281.0	0.0	0
953	29674	508.0	281.0	0.0	0
954	29704	508.0	281.0	0.0	0
955	29734	508.0	281.0	0.0	0
956	29763	508.0	281.0	0.0	0
957	29793	508.0	281.0	0.0	0
958	29823	508.0	281.0	0.0	0
959	29852	508.0	281.0	0.0	0
960	29881	508.0	281.0	0.0	0
961	29912	508.0	281.0	0.0	0
962	29941	508.0	281.0	0.0	0
963	29970	508.0	281.0	0.0	0
964	30001	508.0	281.0	0.0	0
965	30031	508.0	281.0	0.0	0
966	30061	508.0	281.0	0.0	0
967	30090	508.0	281.0	0.0	0
968	30120	508.0	281.0	0.0	0
969	30148	508.0	281.0	0.0	0
970	30177	508.0	281.0	0.0	0
971	30208	508.0	281.0	0.0	0
972	30238	508.0	281.0	0.0	0
973	30268	508.0	281.0	0.0	0
974	30297	508.0	281.0	0.0	0
975	30327	508.0	281.0	0.0	0
976	30356	508.0	281.0	0.0	0
977	30385	508.0	281.0	0.0	0
978	30416	508.0	281.0	0.0	0
979	30445	508.0	281.0	0.0	0
980	30475	508.0	281.0	0.0	0
981	30504	508.0	281.0	0.0	0
982	30533	508.0	281.0	0.0	0
983	30564	508.0	281.0	0.0	0
984	30594	508.0	281.0	0.0	0
985	30625	508.0	281.0	0.0	0
986	30655	508.0	281.0	0.0	0
987	30685	508.0	281.0	0.0	0
988	30716	508.0	281.0	0.0	0
989	30746	508.0	281.0	0.0	0
990	30776	508.0	281.0	0.0	0
991	30806	508.0	281.0	0.0	0
992	30835	508.0	281.0	0.0	0
993	30865	508.0	281.0	0.0	0
994	30895	508.0	281.0	0.0	0
995	30924	508.0	281.0	0.0	0
996	30953	508.0	281.0	0.0	0
997	30983	508.0	281.0	0.0	0
998	31013	508.0	281.0	0.0	0
999	31043	508.0	281.0	0.0	0
1000	31072	508.0	281.0	0.0	0
1001	31102	508.0	281.0	0.0	0
1002	31133	508.0	281.0	0.0	0
1003	31162	508.0	281.0	0.0	0
1004	31193	508.0	281.0	0.0	0
1005	31222	508.0	281.0	0.0	0
1006	31252	508.0	281.0	0.0	1
1007	31283	574.0	301.0	0.0	1
1008	31314	574.0	301.0	0.0	1
1009	31344	574.0	301.0	0.0	1
1010	31373	574.0	301.0	0.0	1
1011	31403	574.0	301.0	0.0	1
1012	31432	574.0	301.0	0.0	1
1013	31462	574.0	301.0	0.0	1
1014	31491	574.0	301.0	0.0	1
1015	31521	574.0	301.0	0.0	1
1016	31551	574.0	301.0	0.0	1
1017	31580	574.0	301.0	0.0	1
1018	31610	574.0	301.0	0.0	1
1019	31643	574.0	301.0	0.0	1
1020	31671	574.0	301.0	0.0	1
1021	31701	574.0	301.0	0.0	1
1022	31731	574.0	301.0	0.0	1
1023	31760	574.0	301.0	0.0	1
1024	31789	574.0	301.0	0.0	1
1025	31818	574.0	301.0	0.0	1
1026	31848	574.0	301.0	0.0	1
1027	31877	574.0	301.0	0.0	1
1028	31907	574.0	301.0	0.0	1
1029	31936	574.0	301.0	0.0	1
1030	31966	574.0	301.0	0.0	1
1031	31995	574.0	301.0	0.0	1
1032	32025	574.0	301.0	0.0	1
1033	32055	574.0	301.0	0.0	1
1034	32084	574.0	301.0	0.0	1
1035	32114	574.0	301.0	0.0	1
1036	32143	574.0	301.0	0.0	1
1037	32173	574.0	301.0	0.0	1
1038	32203	574.0	301.0	0.0	1
1039	32233	574.0	301.0	0.0	1
1040	32264	574.0	301.0	0.0	0
1041	32293	574.0	301.0	0.0	0
1042	32323	574.0	301.0	0.0	0
1043	32352	574.0	301.0	0.0	0
1044	32382	574.0	301.0	0.0	0
1045	32413	574.0	301.0	0.0	0
1046	32442	574.0	301.0	0.0	0
1047	32473	574.0	301.0	0.0	0
1048	32502	574.0	301.0	0.0	0
1049	32533	574.0	301.0	0.0	0
1050	32564	574.0	301.0	0.0	0
1051	32593	574.0	301.0	0.0	0
1052	32621	574.0	301.0	0.0	0
1053	32652	574.0	301.0	0.0	0
1054	32682	574.0	301.0	0.0	0
1055	32712	574.0	301.0	0.0	0
1056	32742	574.0	301.0	0.0	0
1057	32771	574.0	301.0	0.0	0
1058	32800	574.0	301.0	0.0	0
1059	32830	574.0	301.0	0.0	0
1060	32860	574.0	301.0	0.0	0
1061	32888	574.0	301.0	0.0	0
1062	32917	574.0	301.0	0.0	0
1063	32945	574.0	301.0	0.0	0
1064	32975	574.0	301.0	0.0	0
1065	33004	574.0	301.0	0.0	0
1066	33033	574.0	301.0	0.0	0
1067	33063	574.0	301.0	0.0	0
1068	33092	574.0	301.0	0.0	0
1069	33121	574.0	301.0	0.0	0
1070	33150	574.0	301.0	0.0	0
1071	33179	574.0	301.0	0.0	0
1072	33208	574.0	301.0	0.0	0
1073	33237	574.0	301.0	0.0	0
1074	33267	574.0	301.0	0.0	0
1075	33296	574.0	301.0	0.0	0
1076	33325	574.0	301.0	0.0	0
1077	33354	574.0	301.0	0.0	0
1078	33383	574.0	301.0	0.0	0
1079	33412	574.0	301.0	0.0	0
1080	33442	574.0	301.0	0.0	0
1081	33470	574.0	301.0	0.0	0
1082	33501	574.0	301.0	0.0	0
1083	33531	574.0	301.0	0.0	0
1084	33560	574.0	301.0	0.0	0
1085	33589	574.0	301.0	0.0	0
1086	33618	574.0	301.0	0.0	0
1087	33648	574.0	301.0	0.0	0
1088	33677	574.0	301.0	0.0	0
1089	33707	574.0	301.0	0.0	0
1090	33736	574.0	301.0	0.0	0
1091	33767	574.0	301.0	0.0	0
1092	33797	574.0	301.0	0.0	0
1093	33827	574.0	301.0	0.0	0
1094	33857	574.0	301.0	0.0	0
1095	33886	574.0	301.0	0.0	0
1096	33916	574.0	301.0	0.0	0
1097	33946	574.0	301.0	0.0	0
1098	33976	574.0	301.0	0.0	0
1099	34007	574.0	301.0	0.0	0
1100	34036	574.0	301.0	0.0	0
1101	34066	574.0	301.0	0.0	0
1102	34096	574.0	301.0	0.0	0
1103	34126	574.0	301.0	0.0	0
1104	34156	574.0	301.0	0.0	0
1105	34185	574.0	301.0	0.0	0
1106	34215	574.0	301.0	0.0	0
1107	34245	574.0	301.0	0.0	0
1108	34275	574.0	301.0	0.0	0
1109	34303	574.0	301.0	0.0	0
1110	34333	574.0	301.0	0.0	0
1111	34362	574.0	301.0	0.0	0
1112	34392	574.0	301.0	0.0	0
1113	34420	574.0	301.0	0.0	0
1114	34450	574.0	301.0	0.0	0
1115	34480	574.0	301.0	0.0	0
1116	34509	574.0	301.0	0.0	0
1117	34538	574.0	301.0	0.0	0
1118	34568	574.0	301.0	0.0	0
1119	34598	574.0	301.0	0.0	0
1120	34628	574.0	301.0	0.0	0
1121	34657	574.0	301.0	0.0	0
1122	34686	574.0	301.0	0.0	0
1123	34717	574.0	301.0	0.0	0
1124	34746	574.0	301.0	0.0	0
1125	34776	574.0	301.0	0.0	0
1126	34806	574.0	301.0	0.0	0
1127	34836	574.0	301.0	0.0	0
1128	34866	574.0	301.0	0.0	0
1129	34896	574.0	301.0	0.0	0
1130	34926	574.0	301.0	0.0	0
1131	34955	574.0	301.0	0.0	0
1132	34984	574.0	301.0	0.0	0
1133	35014	574.0	301.0	0.0	0
1134	35044	574.0	301.0	0.0	0
1135	35074	574.0	301.0	0.0	0
1136	35103	574.0	301.0	0.0	0
1137	35134	574.0	301.0	0.0	0
1138	35162	574.0	301.0	0.0	0
1139	35192	574.0	301.0	0.0	0
1140	35222	574.0	301.0	0.0	0
1141	35251	574.0	301.0	0.0	0
1142	35281	574.0	301.0	0.0	0
1143	35310	574.0	301.0	0.0	0
1144	35340	574.0	301.0	0.0	0
1145	35370	574.0	301.0	0.0	0
1146	35399	574.0	301.0	0.0	0
1147	35429	574.0	301.0	0.0	0
1148	35458	574.0	301.0	0.0	0
1149	35487	574.0	301.0	0.0	0
1150	35517	574.0	301.0	0.0	0
1151	35547	574.0	301.0	0.0	0
1152	35576	574.0	301.0	0.0	0
1153	35605	574.0	301.0	0.0	0
1154	35635	574.0	301.0	0.0	0
1155	35665	574.0	301.0	0.0	0
1156	35694	574.0	301.0	0.0	0
1157	35725	574.0	301.0	0.0	0
1158	35755	574.0	301.0	0.0	0
1159	35784	574.0	301.0	0.0	0
1160	35814	574.0	301.0	0.0	0
1161	35844	574.0	301.0	0.0	0
1162	35874	574.0	301.0	0.0	0
1163	35903	574.0	301.0	0.0	0
1164	35933	574.0	301.0	0.0	0
1165	35962	574.0	301.0	0.0	0
1166	35993	574.0	301.0	0.0	0
1167	36021	574.0	301.0	0.0	0
1168	36051	574.0	301.0	0.0	0
1169	36080	574.0	301.0	0.0	0
1170	36110	574.0	301.0	0.0	0
1171	36140	574.0	301.0	0.0	0
1172	36169	574.0	301.0	0.0	0
1173	36199	574.0	301.0	0.0	0
1174	36229	574.0	301.0	0.0	0
1175	36259	574.0	301.0	0.0	0
1176	36288	574.0	301.0	0.0	0
1177	36318	574.0	301.0	0.0	0
1178	36347	574.0	301.0	0.0	0
1179	36376	574.0	301.0	0.0	0
1180	36405	574.0	301.0	0.0	0
1181	36435	574.0	301.0	0.0	0
1182	36465	574.0	301.0	0.0	0
1183	36495	574.0	301.0	0.0	0
1184	36525	574.0	301.0	0.0	0
1185	36553	574.0	301.0	0.0	0
1186	36583	574.0	301.0	0.0	0
1187	36613	574.0	301.0	0.0	0
1188	36644	574.0	301.0	0.0	0
1189	36674	574.0	301.0	0.0	0
1190	36704	574.0	301.0	0.0	0
1191	36734	574.0	301.0	0.0	0
1192	36765	574.0	301.0	0.0	0
1193	36794	574.0	301.0	0.0	0
1194	36824	574.0	301.0	0.0	0
1195	36854	574.0	301.0	0.0	0
1196	36884	574.0	301.0	0.0	0
1197	36915	574.0	301.0	0.0	0
1198	36946	574.0	301.0	0.0	0
1199	36975	574.0	301.0	0.0	0
1200	37004	574.0	301.0	0.0	0
1201	37035	574.0	301.0	0.0	0
1202	37064	574.0	301.0	0.0	0
1203	37094	574.0	301.0	0.0	0
1204	37124	574.0	301.0	0.0	0
1205	37153	574.0	301.0	0.0	0
1206	37182	574.0	301.0	0.0	0
1207	37211	574.0	301.0	0.0	0
1208	37240	574.0	301.0	0.0	0
1209	37269	574.0	301.0	0.0	0
1210	37300	574.0	301.0	0.0	0
1211	37328	574.0	301.0	0.0	0
1212	37358	574.0	301.0	0.0	0
1213	37387	574.0	301.0	0.0	0
1214	37417	574.0	301.0	0.0	0
1215	37446	574.0	301.0	0.0	0
1216	37476	574.0	301.0	0.0	0
1217	37506	574.0	301.0	0.0	0
1218	37535	574.0	301.0	0.0	0
1219	37565	574.0	301.0	0.0	0
1220	37594	574.0	301.0	0.0	0
1221	37623	574.0	301.0	0.0	0
1222	37653	574.0	301.0	0.0	0
1223	37683	574.0	301.0	0.0	0
1224	37713	574.0	301.0	0.0	0
1225	37742	574.0	301.0	0.0	0
1226	37773	574.0	301.0	0.0	0
1227	37804	574.0	301.0	0.0	0
1228	37833	574.0	301.0	0.0	0
1229	37864	574.0	301.0	0.0	0
1230	37894	574.0	301.0	0.0	0
1231	37922	574.0	301.0	0.0	0
1232	37951	574.0	301.0	0.0	0
1233	37981	574.0	301.0	0.0	0
1234	38011	574.0	301.0	0.0	0
1235	38042	574.0	301.0	0.0	0
1236	38072	574.0	301.0	0.0	0
1237	38101	574.0	301.0	0.0	0
1238	38130	574.0	301.0	0.0	0
1239	38160	574.0	301.0	0.0	0
1240	38190	574.0	301.0	0.0	0
1241	38219	574.0	301.0	0.0	0
1242	38248	574.0	301.0	0.0	0
1243	38279	574.0	301.0	0.0	0
1244	38308	574.0	301.0	0.0	0
1245	38338	574.0	301.0	0.0	0
1246	38367	574.0	301.0	0.0	0
1247	38398	574.0	301.0	0.0	0
1248	38428	574.0	301.0	0.0	0
1249	38458	574.0	301.0	0.0	0
1250	38488	574.0	301.0	0.0	0
1251	38518	574.0	301.0	0.0	0
1252	38547	574.0	301.0	0.0	0
1253	38577	574.0	301.0	0.0	0
1254	38607	574.0	301.0	0.0	0
1255	38635	574.0	301.0	0.0	0
1256	38665	574.0	301.0	0.0	0
1257	38696	574.0	301.0	0.0	0
1258	38726	574.0	301.0	0.0	0
1259	38756	574.0	301.0	0.0	0
1260	38784	574.0	301.0	0.0	0
1261	38815	574.0	301.0	0.0	0
1262	38845	574.0	301.0	0.0	0
1263	38874	574.0	301.0	0.0	0
1264	38903	574.0	301.0	0.0	0
1265	38935	574.0	301.0	0.0	0
1266	38965	574.0	301.0	0.0	0
1267	38994	574.0	301.0	0.0	0
1268	39024	574.0	301.0	0.0	0
1269	39053	574.0	301.0	0.0	0
1270	39084	574.0	301.0	0.0	0
1271	39113	574.0	301.0	0.0	0
1272	39143	574.0	301.0	0.0	0
1273	39173	574.0	301.0	0.0	0
1274	39202	574.0	301.0	0.0	0
1275	39232	574.0	301.0	0.0	0
1276	39262	574.0	301.0	0.0	0
1277	39293	574.0	301.0	0.0	0
1278	39322	574.0	301.0	0.0	0
1279	39351	574.0	301.0	0.0	0
1280	39381	574.0	301.0	0.0	0
1281	39410	574.0	301.0	0.0	0
1282	39439	574.0	301.0	0.0	0
1283	39469	574.0	301.0	0.0	0
1284	39499	574.0	301.0	0.0	0
1285	39527	574.0	301.0	0.0	0
1286	39557	574.0	301.0	0.0	0
1287	39587	574.0	301.0	0.0	0
1288	39616	574.0	301.0	0.0	0
1289	39646	574.0	301.0	0.0	0
1290	39674	574.0	301.0	0.0	0
1291	39704	574.0	301.0	0.0	0
1292	39733	574.0	301.0	0.0	0
1293	39762	574.0	301.0	0.0	0
1294	39791	574.0	301.0	0.0	0
1295	39820	574.0	301.0	0.0	0
1296	39850	574.0	301.0	0.0	0
1297	39879	574.0	301.0	0.0	0
1298	39909	574.0	301.0	0.0	0
1299	39939	574.0	301.0	0.0	0
1300	39968	574.0	301.0	0.0	0
1301	39998	574.0	301.0	0.0	0
1302	40027	574.0	301.0	0.0	0
1303	40057	574.0	301.0	0.0	0
1304	40085	574.0	301.0	0.0	0
1305	40115	574.0	301.0	0.0	0
1306	40145	574.0	301.0	0.0	0
1307	40174	574.0	301.0	0.0	0
1308	40203	574.0	301.0	0.0	0
1309	40232	574.0	301.0	0.0	0
1310	40262	574.0	301.0	0.0	0
1311	40292	574.0	301.0	0.0	0
1312	40322	574.0	301.0	0.0	0
1313	40350	574.0	301.0	0.0	0
1314	40380	574.0	301.0	0.0	0
1315	40410	574.0	301.0	0.0	0
1316	40438	574.0	301.0	0.0	0
1317	40467	574.0	301.0	0.0	0
1318	40497	574.0	301.0	0.0	0
1319	40527	574.0	301.0	0.0	0
1320	40556	574.0	301.0	0.0	0
1321	40585	574.0	301.0	0.0	0
1322	40615	574.0	301.0	0.0	0
1323	40644	574.0	301.0	0.0	0
1324	40675	574.0	301.0	0.0	0
1325	40705	574.0	301.0	0.0	0
1326	40735	574.0	301.0	0.0	0
1327	40764	574.0	301.0	0.0	0
1328	40794	574.0	301.0	0.0	0
1329	40822	574.0	301.0	0.0	0
1330	40852	574.0	301.0	0.0	0
1331	40881	574.0	301.0	0.0	0
1332	40911	574.0	301.0	0.0	0
1333	40941	574.0	301.0	0.0	0
1334	40970	574.0	301.0	0.0	0
1335	40999	574.0	301.0	0.0	0
1336	41029	574.0	301.0	0.0	0
1337	41057	574.0	301.0	0.0	0
1338	41086	574.0	301.0	0.0	0
1339	41116	574.0	301.0	0.0	0
1340	41146	574.0	301.0	0.0	0
1341	41177	574.0	301.0	0.0	0
1342	41205	574.0	301.0	0.0	0
1343	41234	574.0	301.0	0.0	0
1344	41264	574.0	301.0	0.0	0
1345	41295	574.0	301.0	0.0	0
1346	41324	574.0	301.0	0.0	0
1347	41353	574.0	301.0	0.0	0
1348	41383	574.0	301.0	0.0	0
1349	41414	574.0	301.0	0.0	0
1350	41444	574.0	301.0	0.0	0
1351	41473	574.0	301.0	0.0	0
1352	41503	574.0	301.0	0.0	0
1353	41532	574.0	301.0	0.0	0
1354	41562	574.0	301.0	0.0	0
1355	41592	574.0	301.0	0.0	0
1356	41621	574.0	301.0	0.0	0
1357	41652	574.0	301.0	0.0	0
1358	41681	574.0	301.0	0.0	0
1359	41709	574.0	301.0	0.0	0
1360	41739	574.0	301.0	0.0	0
1361	41768	574.0	301.0	0.0	0
1362	41799	574.0	301.0	0.0	0
1363	41829	574.0	301.0	0.0	0
1364	41858	574.0	301.0	0.0	0
1365	41887	574.0	301.0	0.0	0
1366	41916	574.0	301.0	0.0	0
1367	41945	574.0	301.0	0.0	0
1368	41974	574.0	301.0	0.0	0
1369	42004	574.0	301.0	0.0	0
1370	42034	574.0	301.0	0.0	0
1371	42064	574.0	301.0	0.0	0
1372	42094	574.0	301.0	0.0	0
1373	42122	574.0	301.0	0.0	0
1374	42152	574.0	301.0	0.0	0
1375	42182	574.0	301.0	0.0	0
1376	42210	574.0	301.0	0.0	0
1377	42240	574.0	301.0	0.0	0
1378	42269	574.0	301.0	0.0	0
1379	42299	574.0	301.0	0.0	0
1380	42329	574.0	301.0	0.0	0
1381	42358	574.0	301.0	0.0	0
1382	42387	574.0	301.0	0.0	0
1383	42417	574.0	301.0	0.0	0
1384	42446	574.0	301.0	0.0	0
1385	42475	574.0	301.0	0.0	0
1386	42505	574.0	301.0	0.0	0
1387	42534	574.0	301.0	0.0	0
1388	42564	574.0	301.0	0.0	0
1389	42594	574.0	301.0	0.0	0
1390	42623	574.0	301.0	0.0	0
1391	42652	574.0	301.0	0.0	0
1392	42681	574.0	301.0	0.0	0
1393	42710	574.0	301.0	0.0	0
1394	42740	574.0	301.0	0.0	0
1395	42769	574.0	301.0	0.0	0
1396	42798	574.0	301.0	0.0	0
1397	42828	574.0	301.0	0.0	0
1398	42856	574.0	301.0	0.0	0
1399	42886	574.0	301.0	0.0	0
1400	42915	574.0	301.0	0.0	0
1401	42944	574.0	301.0	0.0	0
1402	42974	574.0	301.0	0.0	0
1403	43002	574.0	301.0	0.0	0
1404	43032	574.0	301.0	0.0	0
1405	43061	574.0	301.0	0.0	0
1406	43091	574.0	301.0	0.0	0
1407	43121	574.0	301.0	0.0	0
1408	43151	574.0	301.0	0.0	0
1409	43181	574.0	301.0	0.0	0
1410	43210	574.0	301.0	0.0	0
1411	43240	574.0	301.0	0.0	0
1412	43269	574.0	301.0	0.0	0
1413	43299	574.0	301.0	0.0	0
1414	43328	574.0	301.0	0.0	0
1415	43358	574.0	301.0	0.0	0
1416	43386	574.0	301.0	0.0	0
1417	43416	574.0	301.0	0.0	0
1418	43446	574.0	301.0	0.0	0
1419	43475	574.0	301.0	0.0	0
1420	43505	574.0	301.0	0.0	0
1421	43534	574.0	301.0	0.0	0
1422	43564	574.0	301.0	0.0	0
1423	43593	574.0	301.0	0.0	0
1424	43622	574.0	301.0	0.0	0
1425	43651	574.0	301.0	0.0	0
1426	43680	574.0	301.0	0.0	0
1427	43710	574.0	301.0	0.0	0
1428	43739	574.0	301.0	0.0	0
1429	43768	574.0	301.0	0.0	0
1430	43798	574.0	301.0	0.0	0
1431	43828	574.0	301.0	0.0	0
1432	43856	574.0	301.0	0.0	0
1433	43885	574.0	301.0	0.0	0
1434	43916	574.0	301.0	0.0	0
1435	43945	574.0	301.0	0.0	0
1436	43974	574.0	301.0	0.0	0
1437	44003	574.0	301.0	0.0	0
1438	44033	574.0	301.0	0.0	0
1439	44063	574.0	301.0	0.0	0
1440	44092	574.0	301.0	0.0	0
1441	44122	574.0	301.0	0.0	0
1442	44153	574.0	301.0	0.0	0
1443	44182	574.0	301.0	0.0	0
1444	44211	574.0	301.0	0.0	0
1445	44242	574.0	301.0	0.0	0
1446	44272	574.0	301.0	0.0	0
1447	44301	574.0	301.0	0.0	0
1448	44332	574.0	301.0	0.0	0
1449	44362	574.0	301.0	0.0	0
1450	44392	574.0	301.0	0.0	0
1451	44422	574.0	301.0	0.0	0
1452	44452	574.0	301.0	0.0	0
1453	44480	574.0	301.0	0.0	0
1454	44512	574.0	301.0	0.0	0
1455	44541	574.0	301.0	0.0	0
1456	44570	574.0	301.0	0.0	0
1457	44600	574.0	301.0	0.0	0
1458	44630	574.0	301.0	0.0	0
1459	44659	574.0	301.0	0.0	0
1460	44685	574.0	301.0	0.0	0
1461	44719	574.0	301.0	0.0	0
1462	44749	574.0	301.0	0.0	0
1463	44779	574.0	301.0	0.0	0
1464	44807	574.0	301.0	0.0	0
1465	44836	574.0	301.0	0.0	0
1466	44866	574.0	301.0	0.0	0
1467	44895	574.0	301.0	0.0	0
1468	44924	574.0	301.0	0.0	0
1469	44954	574.0	301.0	0.0	0
1470	44985	574.0	301.0	0.0	0
1471	45014	574.0	301.0	0.0	0
1472	45044	574.0	301.0	0.0	0
1473	45073	574.0	301.0	0.0	0
1474	45102	574.0	301.0	0.0	0
1475	45132	574.0	301.0	0.0	0
1476	45163	574.0	301.0	0.0	0
1477	45192	574.0	301.0	0.0	0
1478	45222	574.0	301.0	0.0	0
1479	45251	574.0	301.0	0.0	0
1480	45280	574.0	301.0	0.0	0
1481	45309	574.0	301.0	0.0	0
1482	45339	574.0	301.0	0.0	0
1483	45369	574.0