1	1341	1.0	1.0	0.0	0
2	1362	1.0	1.0	0.0	0
3	1379	1.0	1.0	0.0	0
4	1395	1.0	1.0	0.0	0
5	1412	1.0	1.0	0.0	0
6	1429	1.0	1.0	0.0	0
7	1445	1.0	1.0	0.0	0
8	1462	1.0	1.0	0.0	0
9	1479	1.0	1.0	0.0	0
10	1496	1.0	1.0	0.0	0
11	1512	1.0	1.0	0.0	0
12	1530	1.0	1.0	0.0	0
13	1545	1.0	1.0	0.0	0
14	1563	1.0	1.0	0.0	0
15	1580	1.0	1.0	0.0	0
16	1597	1.0	1.0	0.0	0
17	1613	1.0	1.0	0.0	0
18	1629	1.0	1.0	0.0	0
19	1647	1.0	1.0	0.0	0
20	1662	1.0	1.0	0.0	0
21	1679	1.0	1.0	0.0	0
22	1695	1.0	1.0	0.0	0
23	1712	1.0	1.0	0.0	0
24	1729	1.0	1.0	0.0	0
25	1745	1.0	1.0	0.0	0
26	1762	1.0	1.0	0.0	0
27	1780	1.0	1.0	0.0	0
28	1796	1.0	1.0	0.0	0
29	1812	1.0	1.0	0.0	0
30	1829	1.0	1.0	0.0	0
31	1846	1.0	1.0	0.0	0
32	1862	1.0	1.0	0.0	0
33	1879	1.0	1.0	0.0	0
34	1896	1.0	1.0	0.0	0
35	1912	1.0	1.0	0.0	0
36	1928	1.0	1.0	0.0	0
37	1946	1.0	1.0	0.0	0
38	1962	1.0	1.0	0.0	0
39	1979	1.0	1.0	0.0	0
40	1997	1.0	1.0	0.0	0
41	2012	1.0	1.0	0.0	0
42	2030	1.0	1.0	0.0	0
43	2046	1.0	1.0	0.0	0
44	2062	1.0	1.0	0.0	0
45	2079	1.0	1.0	0.0	0
46	2096	1.0	1.0	0.0	0
47	2113	1.0	1.0	0.0	0
48	2130	1.0	1.0	0.0	0
49	2146	1.0	1.0	0.0	0
50	2163	1.0	1.0	0.0	0
51	2179	1.0	1.0	0.0	0
52	2196	1.0	1.0	0.0	0
53	2213	1.0	1.0	0.0	0
54	2229	1.0	1.0	0.0	0
55	2246	1.0	1.0	0.0	0
56	2262	1.0	1.0	0.0	0
57	2279	1.0	1.0	0.0	0
58	2295	1.0	1.0	0.0	0
59	2312	1.0	1.0	0.0	0
60	2329	1.0	1.0	0.0	0
61	2347	1.0	1.0	0.0	0
62	2363	1.0	1.0	0.0	0
63	2379	1.0	1.0	0.0	0
64	2396	1.0	1.0	0.0	0
65	2412	1.0	1.0	0.0	0
66	2429	1.0	1.0	0.0	0
67	2447	1.0	1.0	0.0	0
68	2463	1.0	1.0	0.0	0
69	2480	1.0	1.0	0.0	0
70	2496	1.0	1.0	0.0	0
71	2513	1.0	1.0	0.0	0
72	2531	1.0	1.0	0.0	0
73	2547	1.0	1.0	0.0	0
74	2563	1.0	1.0	0.0	0
75	2581	1.0	1.0	0.0	0
76	2596	1.0	1.0	0.0	0
77	2612	1.0	1.0	0.0	0
78	2630	1.0	1.0	0.0	0
79	2647	1.0	1.0	0.0	0
80	2662	1.0	1.0	0.0	0
81	2679	1.0	1.0	0.0	0
82	2696	1.0	1.0	0.0	0
83	2713	1.0	1.0	0.0	0
84	2730	1.0	1.0	0.0	0
85	2748	1.0	1.0	0.0	0
86	2762	1.0	1.0	0.0	0
87	2780	1.0	1.0	0.0	0
88	2796	1.0	1.0	0.0	0
89	2813	1.0	1.0	0.0	0
90	2829	1.0	1.0	0.0	0
91	2846	1.0	1.0	0.0	0
92	2863	1.0	1.0	0.0	0
93	2880	1.0	1.0	0.0	0
94	2897	1.0	1.0	0.0	0
95	2912	1.0	1.0	0.0	0
96	2930	1.0	1.0	0.0	0
97	2946	1.0	1.0	0.0	0
98	2963	1.0	1.0	0.0	0
99	2979	1.0	1.0	0.0	0
100	2997	1.0	1.0	0.0	0
101	3013	1.0	1.0	0.0	0
102	3031	1.0	1.0	0.0	0
103	3047	1.0	1.0	0.0	0
104	3063	1.0	1.0	0.0	0
105	3079	1.0	1.0	0.0	0
106	3096	1.0	1.0	0.0	0
107	3112	1.0	1.0	0.0	0
108	3130	1.0	1.0	0.0	0
109	3145	1.0	1.0	0.0	0
110	3162	1.0	1.0	0.0	0
111	3179	1.0	1.0	0.0	0
112	3196	1.0	1.0	0.0	0
113	3213	1.0	1.0	0.0	0
114	3230	1.0	1.0	0.0	0
115	3246	1.0	1.0	0.0	0
116	3262	1.0	1.0	0.0	0
117	3280	1.0	1.0	0.0	0
118	3295	1.0	1.0	0.0	0
119	3313	1.0	1.0	0.0	0
120	3329	1.0	1.0	0.0	0
121	3345	1.0	1.0	0.0	0
122	3363	1.0	1.0	0.0	0
123	3379	1.0	1.0	0.0	0
124	3395	1.0	1.0	0.0	0
125	3412	1.0	1.0	0.0	0
126	3429	1.0	1.0	0.0	0
127	3446	1.0	1.0	0.0	0
128	3462	1.0	1.0	0.0	0
129	3479	1.0	1.0	0.0	0
130	3496	1.0	1.0	0.0	0
131	3513	1.0	1.0	0.0	0
132	3530	1.0	1.0	0.0	0
133	3545	1.0	1.0	0.0	0
134	3563	1.0	1.0	0.0	0
135	3580	1.0	1.0	0.0	0
136	3596	1.0	1.0	0.0	0
137	3613	1.0	1.0	0.0	0
138	3629	1.0	1.0	0.0	0
139	3647	1.0	1.0	0.0	0
140	3663	1.0	1.0	0.0	0
141	3680	1.0	1.0	0.0	0
142	3695	1.0	1.0	0.0	0
143	3712	1.0	1.0	0.0	0
144	3729	1.0	1.0	0.0	0
145	3745	1.0	1.0	0.0	0
146	3764	1.0	1.0	0.0	0
147	3778	1.0	1.0	0.0	0
148	3795	1.0	1.0	0.0	0
149	3813	1.0	1.0	0.0	0
150	3829	1.0	1.0	0.0	0
151	3845	1.0	1.0	0.0	0
152	3863	1.0	1.0	0.0	0
153	3880	1.0	1.0	0.0	0
154	3895	1.0	1.0	0.0	0
155	3913	1.0	1.0	0.0	0
156	3929	1.0	1.0	0.0	0
157	3946	1.0	1.0	0.0	0
158	3962	1.0	1.0	0.0	0
159	3979	1.0	1.0	0.0	0
160	3996	1.0	1.0	0.0	0
161	4013	1.0	1.0	0.0	0
162	4030	1.0	1.0	0.0	0
163	4045	1.0	1.0	0.0	0
164	4062	1.0	1.0	0.0	0
165	4079	1.0	1.0	0.0	0
166	4095	1.0	1.0	0.0	0
167	4113	1.0	1.0	0.0	0
168	4129	1.0	1.0	0.0	0
169	4145	1.0	1.0	0.0	0
170	4162	1.0	1.0	0.0	0
171	4179	1.0	1.0	0.0	0
172	4195	1.0	1.0	0.0	0
173	4213	1.0	1.0	0.0	0
174	4229	1.0	1.0	0.0	0
175	4246	1.0	1.0	0.0	0
176	4263	1.0	1.0	0.0	0
177	4279	1.0	1.0	0.0	0
178	4295	1.0	1.0	0.0	0
179	4314	1.0	1.0	0.0	0
180	4328	1.0	1.0	0.0	0
181	4347	1.0	1.0	0.0	0
182	4363	1.0	1.0	0.0	0
183	4380	1.0	1.0	0.0	0
184	4397	1.0	1.0	0.0	0
185	4413	1.0	1.0	0.0	0
186	4430	1.0	1.0	0.0	0
187	4446	1.0	1.0	0.0	0
188	4462	1.0	1.0	0.0	0
189	4480	1.0	1.0	0.0	0
190	4496	1.0	1.0	0.0	0
191	4513	1.0	1.0	0.0	0
192	4529	1.0	1.0	0.0	0
193	4546	1.0	1.0	0.0	0
194	4562	1.0	1.0	0.0	0
195	4580	1.0	1.0	0.0	0
196	4596	1.0	1.0	0.0	0
197	4613	1.0	1.0	0.0	0
198	4630	1.0	1.0	0.0	0
199	4646	1.0	1.0	0.0	0
200	4663	1.0	1.0	0.0	0
201	4681	1.0	1.0	0.0	0
202	4696	1.0	1.0	0.0	0
203	4712	1.0	1.0	0.0	0
204	4729	1.0	1.0	0.0	0
205	4746	1.0	1.0	0.0	0
206	4762	1.0	1.0	0.0	0
207	4780	1.0	1.0	0.0	0
208	4797	1.0	1.0	0.0	0
209	4812	1.0	1.0	0.0	0
210	4830	1.0	1.0	0.0	0
211	4847	1.0	1.0	0.0	0
212	4862	1.0	1.0	0.0	0
213	4880	1.0	1.0	0.0	0
214	4897	1.0	1.0	0.0	0
215	4912	1.0	1.0	0.0	0
216	4929	1.0	1.0	0.0	0
217	4946	1.0	1.0	0.0	0
218	4962	1.0	1.0	0.0	0
219	4979	1.0	1.0	0.0	0
220	4996	1.0	1.0	0.0	0
221	5012	1.0	1.0	0.0	0
222	5030	1.0	1.0	0.0	0
223	5046	1.0	1.0	0.0	0
224	5062	1.0	1.0	0.0	0
225	5079	1.0	1.0	0.0	0
226	5096	1.0	1.0	0.0	0
227	5112	1.0	1.0	0.0	0
228	5129	1.0	1.0	0.0	0
229	5146	1.0	1.0	0.0	0
230	5164	1.0	1.0	0.0	0
231	5180	1.0	1.0	0.0	0
232	5196	1.0	1.0	0.0	0
233	5213	1.0	1.0	0.0	0
234	5230	1.0	1.0	0.0	0
235	5246	1.0	1.0	0.0	0
236	5263	1.0	1.0	0.0	0
237	5281	1.0	1.0	0.0	0
238	5297	1.0	1.0	0.0	0
239	5313	1.0	1.0	0.0	0
240	5329	1.0	1.0	0.0	0
241	5347	1.0	1.0	0.0	0
242	5363	1.0	1.0	0.0	0
243	5380	1.0	1.0	0.0	0
244	5396	1.0	1.0	0.0	0
245	5413	1.0	1.0	0.0	0
246	5429	1.0	1.0	0.0	0
247	5447	1.0	1.0	0.0	0
248	5463	1.0	1.0	0.0	0
249	5480	1.0	1.0	0.0	0
250	5497	1.0	1.0	0.0	0
251	5513	1.0	1.0	0.0	0
252	5531	1.0	1.0	0.0	0
253	5546	1.0	1.0	0.0	0
254	5563	1.0	1.0	0.0	0
255	5579	1.0	1.0	0.0	0
256	5596	1.0	1.0	0.0	0
257	5613	1.0	1.0	0.0	0
258	5631	1.0	1.0	0.0	0
259	5646	1.0	1.0	0.0	0
260	5663	1.0	1.0	0.0	0
261	5679	1.0	1.0	0.0	0
262	5696	1.0	1.0	0.0	0
263	5713	1.0	1.0	0.0	0
264	5729	1.0	1.0	0.0	0
265	5745	1.0	1.0	0.0	0
266	5762	1.0	1.0	0.0	0
267	5779	1.0	1.0	0.0	0
268	5796	1.0	1.0	0.0	0
269	5812	1.0	1.0	0.0	0
270	5829	1.0	1.0	0.0	0
271	5846	1.0	1.0	0.0	0
272	5862	1.0	1.0	0.0	0
273	5879	1.0	1.0	0.0	0
274	5897	1.0	1.0	0.0	0
275	5912	1.0	1.0	0.0	0
276	5930	1.0	1.0	0.0	0
277	5946	1.0	1.0	0.0	0
278	5962	1.0	1.0	0.0	0
279	5979	1.0	1.0	0.0	0
280	5995	1.0	1.0	0.0	0
281	6012	1.0	1.0	0.0	0
282	6031	1.0	1.0	0.0	0
283	6046	1.0	1.0	0.0	0
284	6062	1.0	1.0	0.0	0
285	6080	1.0	1.0	0.0	0
286	6096	1.0	1.0	0.0	0
287	6112	1.0	1.0	0.0	0
288	6130	1.0	1.0	0.0	0
289	6145	1.0	1.0	0.0	0
290	6163	1.0	1.0	0.0	0
291	6179	1.0	1.0	0.0	0
292	6196	1.0	1.0	0.0	0
293	6213	1.0	1.0	0.0	0
294	6229	1.0	1.0	0.0	0
295	6247	1.0	1.0	0.0	0
296	6263	1.0	1.0	0.0	0
297	6280	1.0	1.0	0.0	0
298	6296	1.0	1.0	0.0	0
299	6312	1.0	1.0	0.0	0
300	6329	1.0	1.0	0.0	0
301	6346	1.0	1.0	0.0	0
302	6362	1.0	1.0	0.0	0
303	6379	1.0	1.0	0.0	0
304	6396	1.0	1.0	0.0	0
305	6413	1.0	1.0	0.0	0
306	6429	1.0	1.0	0.0	0
307	6446	1.0	1.0	0.0	0
308	6463	1.0	1.0	0.0	0
309	6480	1.0	1.0	0.0	0
310	6497	1.0	1.0	0.0	0
311	6512	1.0	1.0	0.0	0
312	6530	1.0	1.0	0.0	0
313	6546	1.0	1.0	0.0	0
314	6562	1.0	1.0	0.0	0
315	6579	1.0	1.0	0.0	0
316	6596	1.0	1.0	0.0	0
317	6614	1.0	1.0	0.0	0
318	6630	1.0	1.0	0.0	0
319	6646	1.0	1.0	0.0	0
320	6663	1.0	1.0	0.0	0
321	6680	1.0	1.0	0.0	0
322	6697	1.0	1.0	0.0	0
323	6713	1.0	1.0	0.0	0
324	6729	1.0	1.0	0.0	0
325	6746	1.0	1.0	0.0	0
326	6762	1.0	1.0	0.0	0
327	6779	1.0	1.0	0.0	0
328	6797	1.0	1.0	0.0	0
329	6813	1.0	1.0	0.0	0
330	6829	1.0	1.0	0.0	0
331	6847	1.0	1.0	0.0	0
332	6863	1.0	1.0	0.0	0
333	6879	1.0	1.0	0.0	0
334	6897	1.0	1.0	0.0	0
335	6913	1.0	1.0	0.0	0
336	6929	1.0	1.0	0.0	0
337	6947	1.0	1.0	0.0	0
338	6963	1.0	1.0	0.0	0
339	6979	1.0	1.0	0.0	0
340	6995	1.0	1.0	0.0	0
341	7013	1.0	1.0	0.0	0
342	7029	1.0	1.0	0.0	0
343	7045	1.0	1.0	0.0	0
344	7062	1.0	1.0	0.0	0
345	7080	1.0	1.0	0.0	0
346	7097	1.0	1.0	0.0	0
347	7113	1.0	1.0	0.0	0
348	7130	1.0	1.0	0.0	0
349	7147	1.0	1.0	0.0	0
350	7163	1.0	1.0	0.0	0
351	7179	1.0	1.0	0.0	0
352	7196	1.0	1.0	0.0	0
353	7214	1.0	1.0	0.0	0
354	7230	1.0	1.0	0.0	0
355	7248	1.0	1.0	0.0	0
356	7263	1.0	1.0	0.0	0
357	7280	1.0	1.0	0.0	0
358	7296	1.0	1.0	0.0	0
359	7313	1.0	1.0	0.0	0
360	7329	1.0	1.0	0.0	0
361	7346	1.0	1.0	0.0	0
362	7363	1.0	1.0	0.0	0
363	7378	1.0	1.0	0.0	0
364	7396	1.0	1.0	0.0	0
365	7412	1.0	1.0	0.0	0
366	7429	1.0	1.0	0.0	0
367	7445	1.0	1.0	0.0	0
368	7463	1.0	1.0	0.0	0
369	7479	1.0	1.0	0.0	0
370	7496	1.0	1.0	0.0	0
371	7512	1.0	1.0	0.0	0
372	7530	1.0	1.0	0.0	0
373	7546	1.0	1.0	0.0	0
374	7563	1.0	1.0	0.0	0
375	7579	1.0	1.0	0.0	0
376	7596	1.0	1.0	0.0	0
377	7614	1.0	1.0	0.0	0
378	7629	1.0	1.0	0.0	0
379	7648	1.0	1.0	0.0	0
380	7663	1.0	1.0	0.0	0
381	7680	1.0	1.0	0.0	0
382	7696	1.0	1.0	0.0	0
383	7712	1.0	1.0	0.0	0
384	7731	1.0	1.0	0.0	0
385	7746	1.0	1.0	0.0	0
386	7763	1.0	1.0	0.0	0
387	7780	1.0	1.0	0.0	0
388	7796	1.0	1.0	0.0	0
389	7813	1.0	1.0	0.0	0
390	7829	1.0	1.0	0.0	0
391	7846	1.0	1.0	0.0	0
392	7862	1.0	1.0	0.0	0
393	7880	1.0	1.0	0.0	0
394	7895	1.0	1.0	0.0	0
395	7913	1.0	1.0	0.0	0
396	7929	1.0	1.0	0.0	0
397	7946	1.0	1.0	0.0	0
398	7963	1.0	1.0	0.0	0
399	7980	1.0	1.0	0.0	0
400	7996	1.0	1.0	0.0	0
401	8013	1.0	1.0	0.0	0
402	8029	1.0	1.0	0.0	0
403	8046	1.0	1.0	0.0	0
404	8063	1.0	1.0	0.0	0
405	8079	1.0	1.0	0.0	0
406	8096	1.0	1.0	0.0	0
407	8112	1.0	1.0	0.0	0
408	8129	1.0	1.0	0.0	0
409	8146	1.0	1.0	0.0	0
410	8163	1.0	1.0	0.0	0
411	8179	1.0	1.0	0.0	0
412	8195	1.0	1.0	0.0	0
413	8213	1.0	1.0	0.0	0
414	8230	1.0	1.0	0.0	0
415	8248	1.0	1.0	0.0	0
416	8263	1.0	1.0	0.0	0
417	8280	1.0	1.0	0.0	0
418	8297	1.0	1.0	0.0	0
419	8314	1.0	1.0	0.0	0
420	8329	1.0	1.0	0.0	0
421	8347	1.0	1.0	0.0	0
422	8363	1.0	1.0	0.0	0
423	8380	1.0	1.0	0.0	0
424	8396	1.0	1.0	0.0	0
425	8413	1.0	1.0	0.0	0
426	8430	1.0	1.0	0.0	0
427	8446	1.0	1.0	0.0	0
428	8463	1.0	1.0	0.0	0
429	8479	1.0	1.0	0.0	0
430	8496	1.0	1.0	0.0	0
431	8513	1.0	1.0	0.0	0
432	8529	1.0	1.0	0.0	0
433	8546	1.0	1.0	0.0	0
434	8563	1.0	1.0	0.0	0
435	8579	1.0	1.0	0.0	0
436	8596	1.0	1.0	0.0	0
437	8613	1.0	1.0	0.0	0
438	8629	1.0	1.0	0.0	0
439	8646	1.0	1.0	0.0	0
440	8663	1.0	1.0	0.0	0
441	8679	1.0	1.0	0.0	0
442	8696	1.0	1.0	0.0	0
443	8712	1.0	1.0	0.0	0
444	8729	1.0	1.0	0.0	0
445	8747	1.0	1.0	0.0	0
446	8763	1.0	1.0	0.0	0
447	8780	1.0	1.0	0.0	0
448	8796	1.0	1.0	0.0	0
449	8813	1.0	1.0	0.0	0
450	8829	1.0	1.0	0.0	0
451	8846	1.0	1.0	0.0	0
452	8863	1.0	1.0	0.0	0
453	8881	1.0	1.0	0.0	0
454	8896	1.0	1.0	0.0	0
455	8912	1.0	1.0	0.0	0
456	8930	1.0	1.0	0.0	0
457	8947	1.0	1.0	0.0	0
458	8963	1.0	1.0	0.0	0
459	8980	1.0	1.0	0.0	0
460	8996	1.0	1.0	0.0	0
461	9012	1.0	1.0	0.0	0
462	9031	1.0	1.0	0.0	0
463	9047	1.0	1.0	0.0	0
464	9063	1.0	1.0	0.0	0
465	9079	1.0	1.0	0.0	0
466	9097	1.0	1.0	0.0	0
467	9113	1.0	1.0	0.0	0
468	9129	1.0	1.0	0.0	0
469	9147	1.0	1.0	0.0	0
470	9163	1.0	1.0	0.0	0
471	9179	1.0	1.0	0.0	0
472	9197	1.0	1.0	0.0	0
473	9213	1.0	1.0	0.0	0
474	9229	1.0	1.0	0.0	0
475	9247	1.0	1.0	0.0	0
476	9264	1.0	1.0	0.0	0
477	9281	1.0	1.0	0.0	0
478	9296	1.0	1.0	0.0	0
479	9313	1.0	1.0	0.0	0
480	9330	1.0	1.0	0.0	0
481	9346	1.0	1.0	0.0	0
482	9363	1.0	1.0	0.0	0
483	9379	1.0	1.0	0.0	0
484	9395	1.0	1.0	0.0	0
485	9412	1.0	1.0	0.0	0
486	9429	1.0	1.0	0.0	0
487	9446	1.0	1.0	0.0	0
488	9462	1.0	1.0	0.0	0
489	9480	1.0	1.0	0.0	0
490	9497	1.0	1.0	0.0	0
491	9512	1.0	1.0	0.0	0
492	9530	1.0	1.0	0.0	0
493	9546	1.0	1.0	0.0	0
494	9563	1.0	1.0	0.0	0
495	9578	1.0	1.0	0.0	0
496	9596	1.0	1.0	0.0	0
497	9613	1.0	1.0	0.0	0
498	9628	1.0	1.0	0.0	0
499	9645	1.0	1.0	0.0	0
500	9663	1.0	1.0	0.0	0
501	9679	1.0	1.0	0.0	0
502	9696	1.0	1.0	0.0	0
503	9712	1.0	1.0	0.0	0
504	9729	1.0	1.0	0.0	0
505	9746	1.0	1.0	0.0	0
506	9764	1.0	1.0	0.0	0
507	9780	1.0	1.0	0.0	0
508	9797	1.0	1.0	0.0	0
509	9813	1.0	1.0	0.0	0
510	9829	1.0	1.0	0.0	0
511	9846	1.0	1.0	0.0	0
512	9863	1.0	1.0	0.0	0
513	9879	1.0	1.0	0.0	0
514	9896	1.0	1.0	0.0	0
515	9912	1.0	1.0	0.0	0
516	9929	1.0	1.0	0.0	0
517	9946	1.0	1.0	0.0	0
518	9963	1.0	1.0	0.0	0
519	9980	1.0	1.0	0.0	0
520	9996	1.0	1.0	0.0	0
521	10012	1.0	1.0	0.0	0
522	10031	1.0	1.0	0.0	0
523	10046	1.0	1.0	0.0	0
524	10063	1.0	1.0	0.0	0
525	10080	1.0	1.0	0.0	0
526	10097	1.0	1.0	0.0	0
527	10114	1.0	1.0	0.0	0
528	10130	1.0	1.0	0.0	0
529	10148	1.0	1.0	0.0	0
530	10164	1.0	1.0	0.0	0
531	10180	1.0	1.0	0.0	0
532	10196	1.0	1.0	0.0	0
533	10213	1.0	1.0	0.0	0
534	10229	1.0	1.0	0.0	0
535	10245	1.0	1.0	0.0	0
536	10264	1.0	1.0	0.0	0
537	10280	1.0	1.0	0.0	0
538	10297	1.0	1.0	0.0	0
539	10313	1.0	1.0	0.0	0
540	10329	1.0	1.0	0.0	0
541	10347	1.0	1.0	0.0	0
542	10363	1.0	1.0	0.0	0
543	10380	1.0	1.0	0.0	0
544	10397	1.0	1.0	0.0	0
545	10413	1.0	1.0	0.0	0
546	10430	1.0	1.0	0.0	0
547	10446	1.0	1.0	0.0	0
548	10463	1.0	1.0	0.0	0
549	10480	1.0	1.0	0.0	0
550	10495	1.0	1.0	0.0	0
551	10512	1.0	1.0	0.0	0
552	10529	1.0	1.0	0.0	0
553	10547	1.0	1.0	0.0	0
554	10563	1.0	1.0	0.0	0
555	10581	1.0	1.0	0.0	0
556	10597	1.0	1.0	0.0	0
557	10613	1.0	1.0	0.0	0
558	10630	1.0	1.0	0.0	0
559	10646	1.0	1.0	0.0	0
560	10663	1.0	1.0	0.0	0
561	10679	1.0	1.0	0.0	0
562	10697	1.0	1.0	0.0	0
563	10714	1.0	1.0	0.0	0
564	10730	1.0	1.0	0.0	0
565	10747	1.0	1.0	0.0	0
566	10764	1.0	1.0	0.0	0
567	10780	1.0	1.0	0.0	0
568	10797	1.0	1.0	0.0	0
569	10814	1.0	1.0	0.0	0
570	10830	1.0	1.0	0.0	0
571	10846	1.0	1.0	0.0	0
572	10863	1.0	1.0	0.0	0
573	10880	1.0	1.0	0.0	0
574	10897	1.0	1.0	0.0	0
575	10912	1.0	1.0	0.0	0
576	10931	1.0	1.0	0.0	0
577	10947	1.0	1.0	0.0	0
578	10963	1.0	1.0	0.0	0
579	10981	1.0	1.0	0.0	0
580	10996	1.0	1.0	0.0	0
581	11013	1.0	1.0	0.0	0
582	11030	1.0	1.0	0.0	0
583	11046	1.0	1.0	0.0	0
584	11063	1.0	1.0	0.0	0
585	11079	1.0	1.0	0.0	0
586	11096	1.0	1.0	0.0	0
587	11113	1.0	1.0	0.0	0
588	11129	1.0	1.0	0.0	0
589	11146	1.0	1.0	0.0	0
590	11163	1.0	1.0	0.0	0
591	11179	1.0	1.0	0.0	0
592	11197	1.0	1.0	0.0	0
593	11213	1.0	1.0	0.0	0
594	11229	1.0	1.0	0.0	0
595	11245	1.0	1.0	0.0	0
596	11263	1.0	1.0	0.0	0
597	11280	1.0	1.0	0.0	0
598	11297	1.0	1.0	0.0	0
599	11313	1.0	1.0	0.0	0
600	11329	1.0	1.0	0.0	0
601	11347	1.0	1.0	0.0	0
602	11363	1.0	1.0	0.0	0
603	11380	1.0	1.0	0.0	0
604	11396	1.0	1.0	0.0	0
605	11412	1.0	1.0	0.0	0
606	11430	1.0	1.0	0.0	0
607	11446	1.0	1.0	0.0	0
608	11463	1.0	1.0	0.0	0
609	11479	1.0	1.0	0.0	0
610	11496	1.0	1.0	0.0	0
611	11513	1.0	1.0	0.0	0
612	11529	1.0	1.0	0.0	0
613	11545	1.0	1.0	0.0	0
614	11562	1.0	1.0	0.0	0
615	11580	1.0	1.0	0.0	0
616	11597	1.0	1.0	0.0	0
617	11612	1.0	1.0	0.0	0
618	11630	1.0	1.0	0.0	0
619	11647	1.0	1.0	0.0	0
620	11663	1.0	1.0	0.0	0
621	11681	1.0	1.0	0.0	0
622	11696	1.0	1.0	0.0	0
623	11713	1.0	1.0	0.0	0
624	11729	1.0	1.0	0.0	0
625	11746	1.0	1.0	0.0	0
626	11762	1.0	1.0	0.0	0
627	11780	1.0	1.0	0.0	0
628	11795	1.0	1.0	0.0	0
629	11814	1.0	1.0	0.0	0
630	11829	1.0	1.0	0.0	0
631	11846	1.0	1.0	0.0	0
632	11863	1.0	1.0	0.0	0
633	11879	1.0	1.0	0.0	0
634	11896	1.0	1.0	0.0	0
635	11913	1.0	1.0	0.0	0
636	11930	1.0	1.0	0.0	0
637	11946	1.0	1.0	0.0	0
638	11962	1.0	1.0	0.0	0
639	11979	1.0	1.0	0.0	0
640	11996	1.0	1.0	0.0	0
641	12012	1.0	1.0	0.0	0
642	12031	1.0	1.0	0.0	0
643	12047	1.0	1.0	0.0	0
644	12064	1.0	1.0	0.0	0
645	12080	1.0	1.0	0.0	0
646	12096	1.0	1.0	0.0	0
647	12114	1.0	1.0	0.0	0
648	12129	1.0	1.0	0.0	0
649	12146	1.0	1.0	0.0	0
650	12162	1.0	1.0	0.0	0
651	12180	1.0	1.0	0.0	0
652	12197	1.0	1.0	0.0	0
653	12213	1.0	1.0	0.0	0
654	12230	1.0	1.0	0.0	0
655	12246	1.0	1.0	0.0	0
656	12263	1.0	1.0	0.0	0
657	12279	1.0	1.0	0.0	0
658	12296	1.0	1.0	0.0	0
659	12313	1.0	1.0	0.0	0
660	12329	1.0	1.0	0.0	0
661	12347	1.0	1.0	0.0	0
662	12363	1.0	1.0	0.0	0
663	12381	1.0	1.0	0.0	0
664	12397	1.0	1.0	0.0	0
665	12413	1.0	1.0	0.0	0
666	12429	1.0	1.0	0.0	0
667	12446	1.0	1.0	0.0	0
668	12462	1.0	1.0	0.0	0
669	12480	1.0	1.0	0.0	0
670	12496	1.0	1.0	0.0	0
671	12513	1.0	1.0	0.0	0
672	12530	1.0	1.0	0.0	0
673	12546	1.0	1.0	0.0	0
674	12563	1.0	1.0	0.0	0
675	12580	1.0	1.0	0.0	0
676	12597	1.0	1.0	0.0	0
677	12613	1.0	1.0	0.0	0
678	12629	1.0	1.0	0.0	0
679	12647	1.0	1.0	0.0	0
680	12663	1.0	1.0	0.0	0
681	12681	1.0	1.0	0.0	0
682	12696	1.0	1.0	0.0	0
683	12712	1.0	1.0	0.0	0
684	12730	1.0	1.0	0.0	0
685	12748	1.0	1.0	0.0	0
686	12763	1.0	1.0	0.0	0
687	12780	1.0	1.0	0.0	0
688	12796	1.0	1.0	0.0	0
689	12813	1.0	1.0	0.0	0
690	12829	1.0	1.0	0.0	0
691	12846	1.0	1.0	0.0	0
692	12864	1.0	1.0	0.0	0
693	12879	1.0	1.0	0.0	0
694	12895	1.0	1.0	0.0	0
695	12913	1.0	1.0	0.0	0
696	12930	1.0	1.0	0.0	0
697	12946	1.0	1.0	0.0	0
698	12963	1.0	1.0	0.0	0
699	12980	1.0	1.0	0.0	0
700	12996	1.0	1.0	0.0	0
701	13013	1.0	1.0	0.0	0
702	13030	1.0	1.0	0.0	0
703	13046	1.0	1.0	0.0	0
704	13062	1.0	1.0	0.0	0
705	13080	1.0	1.0	0.0	0
706	13097	1.0	1.0	0.0	0
707	13113	1.0	1.0	0.0	0
708	13130	1.0	1.0	0.0	0
709	13147	1.0	1.0	0.0	0
710	13163	1.0	1.0	0.0	0
711	13179	1.0	1.0	0.0	0
712	13196	1.0	1.0	0.0	0
713	13213	1.0	1.0	0.0	0
714	13230	1.0	1.0	0.0	0
715	13246	1.0	1.0	0.0	0
716	13262	1.0	1.0	0.0	0
717	13279	1.0	1.0	0.0	0
718	13296	1.0	1.0	0.0	0
719	13313	1.0	1.0	0.0	0
720	13330	1.0	1.0	0.0	0
721	13346	1.0	1.0	0.0	0
722	13363	1.0	1.0	0.0	0
723	13380	1.0	1.0	0.0	0
724	13397	1.0	1.0	0.0	0
725	13414	1.0	1.0	0.0	0
726	13429	1.0	1.0	0.0	0
727	13446	1.0	1.0	0.0	0
728	13463	1.0	1.0	0.0	0
729	13479	1.0	1.0	0.0	0
730	13496	1.0	1.0	0.0	0
731	13513	1.0	1.0	0.0	0
732	13529	1.0	1.0	0.0	0
733	13546	1.0	1.0	0.0	0
734	13562	1.0	1.0	0.0	0
735	13580	1.0	1.0	0.0	0
736	13597	1.0	1.0	0.0	0
737	13614	1.0	1.0	0.0	0
738	13630	1.0	1.0	0.0	0
739	13646	1.0	1.0	0.0	0
740	13663	1.0	1.0	0.0	0
741	13679	1.0	1.0	0.0	0
742	13696	1.0	1.0	0.0	0
743	13714	1.0	1.0	0.0	0
744	13729	1.0	1.0	0.0	0
745	13746	1.0	1.0	0.0	0
746	13763	1.0	1.0	0.0	0
747	13780	1.0	1.0	0.0	0
748	13796	1.0	1.0	0.0	0
749	13813	1.0	1.0	0.0	0
750	13829	1.0	1.0	0.0	0
751	13847	1.0	1.0	0.0	0
752	13863	1.0	1.0	0.0	0
753	13880	1.0	1.0	0.0	0
754	13896	1.0	1.0	0.0	0
755	13913	1.0	1.0	0.0	0
756	13930	1.0	1.0	0.0	0
757	13946	1.0	1.0	0.0	0
758	13964	1.0	1.0	0.0	0
759	13979	1.0	1.0	0.0	0
760	13998	1.0	1.0	0.0	0
761	14013	1.0	1.0	0.0	0
762	14030	1.0	1.0	0.0	0
763	14047	1.0	1.0	0.0	0
764	14063	1.0	1.0	0.0	0
765	14081	1.0	1.0	0.0	0
766	14097	1.0	1.0	0.0	0
767	14113	1.0	1.0	0.0	0
768	14129	1.0	1.0	0.0	0
769	14147	1.0	1.0	0.0	0
770	14162	1.0	1.0	0.0	0
771	14180	1.0	1.0	0.0	0
772	14196	1.0	1.0	0.0	0
773	14214	1.0	1.0	0.0	0
774	14230	1.0	1.0	0.0	0
775	14247	1.0	1.0	0.0	0
776	14263	1.0	1.0	0.0	0
777	14280	1.0	1.0	0.0	0
778	14296	1.0	1.0	0.0	0
779	14313	1.0	1.0	0.0	0
780	14331	1.0	1.0	0.0	0
781	14347	1.0	1.0	0.0	0
782	14362	1.0	1.0	0.0	0
783	14381	1.0	1.0	0.0	0
784	14397	1.0	1.0	0.0	0
785	14413	1.0	1.0	0.0	0
786	14430	1.0	1.0	0.0	0
787	14446	1.0	1.0	0.0	0
788	14463	1.0	1.0	0.0	0
789	14480	1.0	1.0	0.0	0
790	14498	1.0	1.0	0.0	0
791	14514	1.0	1.0	0.0	0
792	14530	1.0	1.0	0.0	0
793	14547	1.0	1.0	0.0	0
794	14564	1.0	1.0	0.0	0
795	14580	1.0	1.0	0.0	0
796	14597	1.0	1.0	0.0	0
797	14614	1.0	1.0	0.0	0
798	14630	1.0	1.0	0.0	0
799	14646	1.0	1.0	0.0	0
800	14664	1.0	1.0	0.0	0
801	14680	1.0	1.0	0.0	0
802	14697	1.0	1.0	0.0	0
803	14713	1.0	1.0	0.0	0
804	14730	1.0	1.0	0.0	0
805	14747	1.0	1.0	0.0	0
806	14764	1.0	1.0	0.0	0
807	14780	1.0	1.0	0.0	0
808	14796	1.0	1.0	0.0	0
809	14813	1.0	1.0	0.0	0
810	14830	1.0	1.0	0.0	0
811	14846	1.0	1.0	0.0	0
812	14863	1.0	1.0	0.0	0
813	14880	1.0	1.0	0.0	0
814	14897	1.0	1.0	0.0	0
815	14913	1.0	1.0	0.0	0
816	14930	1.0	1.0	0.0	0
817	14947	1.0	1.0	0.0	0
818	14963	1.0	1.0	0.0	0
819	14981	1.0	1.0	0.0	0
820	14997	1.0	1.0	0.0	0
821	15013	1.0	1.0	0.0	0
822	15030	1.0	1.0	0.0	0
823	15046	1.0	1.0	0.0	0
824	15063	1.0	1.0	0.0	0
825	15079	1.0	1.0	0.0	0
826	15096	1.0	1.0	0.0	0
827	15112	1.0	1.0	0.0	0
828	15130	1.0	1.0	0.0	0
829	15146	1.0	1.0	0.0	0
830	15163	1.0	1.0	0.0	0
831	15180	1.0	1.0	0.0	0
832	15197	1.0	1.0	0.0	0
833	15214	1.0	1.0	0.0	0
834	15230	1.0	1.0	0.0	0
835	15246	1.0	1.0	0.0	0
836	15264	1.0	1.0	0.0	0
837	15280	1.0	1.0	0.0	0
838	15297	1.0	1.0	0.0	0
839	15314	1.0	1.0	0.0	0
840	15330	1.0	1.0	0.0	0
841	15345	1.0	1.0	0.0	0
842	15363	1.0	1.0	0.0	0
843	15380	1.0	1.0	0.0	0
844	15397	1.0	1.0	0.0	0
845	15413	1.0	1.0	0.0	0
846	15430	1.0	1.0	0.0	0
847	15446	1.0	1.0	0.0	0
848	15463	1.0	1.0	0.0	0
849	15480	1.0	1.0	0.0	0
850	15496	1.0	1.0	0.0	0
851	15513	1.0	1.0	0.0	0
852	15530	1.0	1.0	0.0	0
853	15546	1.0	1.0	0.0	0
854	15563	1.0	1.0	0.0	0
855	15579	1.0	1.0	0.0	0
856	15596	1.0	1.0	0.0	0
857	15612	1.0	1.0	0.0	0
858	15630	1.0	1.0	0.0	0
859	15646	1.0	1.0	0.0	0
860	15663	1.0	1.0	0.0	0
861	15680	1.0	1.0	0.0	0
862	15696	1.0	1.0	0.0	0
863	15712	1.0	1.0	0.0	0
864	15730	1.0	1.0	0.0	0
865	15746	1.0	1.0	0.0	0
866	15763	1.0	1.0	0.0	0
867	15779	1.0	1.0	0.0	0
868	15797	1.0	1.0	0.0	0
869	15814	1.0	1.0	0.0	0
870	15830	1.0	1.0	0.0	0
871	15848	1.0	1.0	0.0	0
872	15864	1.0	1.0	0.0	0
873	15880	1.0	1.0	0.0	0
874	15897	1.0	1.0	0.0	0
875	15913	1.0	1.0	0.0	0
876	15930	1.0	1.0	0.0	0
877	15946	1.0	1.0	0.0	0
878	15964	1.0	1.0	0.0	0
879	15979	1.0	1.0	0.0	0
880	15998	1.0	1.0	0.0	0
881	16013	1.0	1.0	0.0	0
882	16030	1.0	1.0	0.0	0
883	16047	1.0	1.0	0.0	0
884	16064	1.0	1.0	0.0	0
885	16080	1.0	1.0	0.0	0
886	16097	1.0	1.0	0.0	0
887	16113	1.0	1.0	0.0	0
888	16130	1.0	1.0	0.0	0
889	16147	1.0	1.0	0.0	0
890	16163	1.0	1.0	0.0	0
891	16180	1.0	1.0	0.0	0
892	16197	1.0	1.0	0.0	0
893	16214	1.0	1.0	0.0	0
894	16230	1.0	1.0	0.0	0
895	16247	1.0	1.0	0.0	0
896	16263	1.0	1.0	0.0	0
897	16280	1.0	1.0	0.0	0
898	16297	1.0	1.0	0.0	0
899	16313	1.0	1.0	0.0	0
900	16330	1.0	1.0	0.0	0
901	16347	1.0	1.0	0.0	0
902	16363	1.0	1.0	0.0	0
903	16380	1.0	1.0	0.0	0
904	16397	1.0	1.0	0.0	0
905	16413	1.0	1.0	0.0	0
906	16430	1.0	1.0	0.0	0
907	16446	1.0	1.0	0.0	0
908	16463	1.0	1.0	0.0	0
909	16480	1.0	1.0	0.0	0
910	16497	1.0	1.0	0.0	0
911	16514	1.0	1.0	0.0	0
912	16531	1.0	1.0	0.0	0
913	16547	1.0	1.0	0.0	0
914	16563	1.0	1.0	0.0	0
915	16579	1.0	1.0	0.0	0
916	16596	1.0	1.0	0.0	0
917	16614	1.0	1.0	0.0	0
918	16630	1.0	1.0	0.0	0
919	16648	1.0	1.0	0.0	0
920	16664	1.0	1.0	0.0	0
921	16679	1.0	1.0	0.0	0
922	16696	1.0	1.0	0.0	0
923	16713	1.0	1.0	0.0	0
924	16730	1.0	1.0	0.0	0
925	16747	1.0	1.0	0.0	0
926	16763	1.0	1.0	0.0	0
927	16779	1.0	1.0	0.0	0
928	16796	1.0	1.0	0.0	0
929	16812	1.0	1.0	0.0	0
930	16830	1.0	1.0	0.0	0
931	16846	1.0	1.0	0.0	0
932	16864	1.0	1.0	0.0	0
933	16879	1.0	1.0	0.0	0
934	16896	1.0	1.0	0.0	0
935	16914	1.0	1.0	0.0	0
936	16930	1.0	1.0	0.0	0
937	16947	1.0	1.0	0.0	0
938	16964	1.0	1.0	0.0	0
939	16979	1.0	1.0	0.0	0
940	16997	1.0	1.0	0.0	0
941	17013	1.0	1.0	0.0	0
942	17031	1.0	1.0	0.0	0
943	17048	1.0	1.0	0.0	0
944	17064	1.0	1.0	0.0	0
945	17080	1.0	1.0	0.0	0
946	17097	1.0	1.0	0.0	0
947	17113	1.0	1.0	0.0	0
948	17129	1.0	1.0	0.0	0
949	17146	1.0	1.0	0.0	0
950	17163	1.0	1.0	0.0	0
951	17180	1.0	1.0	0.0	0
952	17197	1.0	1.0	0.0	0
953	17213	1.0	1.0	0.0	0
954	17230	1.0	1.0	0.0	0
955	17246	1.0	1.0	0.0	0
956	17262	1.0	1.0	0.0	0
957	17280	1.0	1.0	0.0	0
958	17297	1.0	1.0	0.0	0
959	17313	1.0	1.0	0.0	0
960	17329	1.0	1.0	0.0	0
961	17346	1.0	1.0	0.0	0
962	17363	1.0	1.0	0.0	0
963	17379	1.0	1.0	0.0	0
964	17396	1.0	1.0	0.0	0
965	17412	1.0	1.0	0.0	0
966	17429	1.0	1.0	0.0	0
967	17446	1.0	1.0	0.0	0
968	17462	1.0	1.0	0.0	0
969	17494	1.0	1.0	0.0	0
970	17504	1.0	1.0	0.0	0
971	17520	1.0	1.0	0.0	0
972	17537	1.0	1.0	0.0	0
973	17554	1.0	1.0	0.0	0
974	17570	1.0	1.0	0.0	0
975	17587	1.0	1.0	0.0	0
976	17605	1.0	1.0	0.0	0
977	17620	1.0	1.0	0.0	0
978	17637	1.0	1.0	0.0	0
979	17654	1.0	1.0	0.0	0
980	17670	1.0	1.0	0.0	0
981	17687	1.0	1.0	0.0	0
982	17704	1.0	1.0	0.0	0
983	17720	1.0	1.0	0.0	0
984	17737	1.0	1.0	0.0	0
985	17753	1.0	1.0	0.0	0
986	17770	1.0	1.0	0.0	0
987	17787	1.0	1.0	0.0	0
988	17803	1.0	1.0	0.0	0
989	17821	1.0	1.0	0.0	0
990	17837	1.0	1.0	0.0	0
991	17853	1.0	1.0	0.0	0
992	17871	1.0	1.0	0.0	0
993	17887	1.0	1.0	0.0	0
994	17904	1.0	1.0	0.0	0
995	17920	1.0	1.0	0.0	0
996	17937	1.0	1.0	0.0	0
997	17954	1.0	1.0	0.0	0
998	17971	1.0	1.0	0.0	0
999	17987	1.0	1.0	0.0	0
1000	18004	1.0	1.0	0.0	0
1001	18022	1.0	1.0	0.0	0
1002	18038	1.0	1.0	0.0	0
1003	18054	1.0	1.0	0.0	0
1004	18071	1.0	1.0	0.0	0
1005	18087	1.0	1.0	0.0	0
1006	18105	1.0	1.0	0.0	0
1007	18121	1.0	1.0	0.0	0
1008	18137	1.0	1.0	0.