1	1351	1.0	1.0	0.0	0
2	1373	1.0	1.0	0.0	0
3	1389	1.0	1.0	0.0	0
4	1406	1.0	1.0	0.0	0
5	1423	1.0	1.0	0.0	0
6	1439	1.0	1.0	0.0	0
7	1456	1.0	1.0	0.0	0
8	1472	1.0	1.0	0.0	0
9	1489	1.0	1.0	0.0	0
10	1506	1.0	1.0	0.0	0
11	1522	1.0	1.0	0.0	0
12	1539	1.0	1.0	0.0	0
13	1555	1.0	1.0	0.0	0
14	1573	1.0	1.0	0.0	0
15	1589	1.0	1.0	0.0	0
16	1605	1.0	1.0	0.0	0
17	1622	1.0	1.0	0.0	0
18	1639	1.0	1.0	0.0	0
19	1655	1.0	1.0	0.0	0
20	1673	1.0	1.0	0.0	0
21	1690	1.0	1.0	0.0	0
22	1706	1.0	1.0	0.0	0
23	1723	1.0	1.0	0.0	0
24	1740	1.0	1.0	0.0	0
25	1756	1.0	1.0	0.0	0
26	1773	1.0	1.0	0.0	0
27	1789	1.0	1.0	0.0	0
28	1806	1.0	1.0	0.0	0
29	1822	1.0	1.0	0.0	0
30	1839	1.0	1.0	0.0	0
31	1856	1.0	1.0	0.0	0
32	1873	1.0	1.0	0.0	0
33	1891	1.0	1.0	0.0	0
34	1906	1.0	1.0	0.0	0
35	1922	1.0	1.0	0.0	0
36	1940	1.0	1.0	0.0	0
37	1957	1.0	1.0	0.0	0
38	1973	1.0	1.0	0.0	0
39	1990	1.0	1.0	0.0	0
40	2006	1.0	1.0	0.0	0
41	2022	1.0	1.0	0.0	0
42	2040	1.0	1.0	0.0	0
43	2056	1.0	1.0	0.0	0
44	2072	1.0	1.0	0.0	0
45	2090	1.0	1.0	0.0	0
46	2106	1.0	1.0	0.0	0
47	2123	1.0	1.0	0.0	0
48	2139	1.0	1.0	0.0	0
49	2157	1.0	1.0	0.0	0
50	2174	1.0	1.0	0.0	0
51	2190	1.0	1.0	0.0	0
52	2207	1.0	1.0	0.0	0
53	2223	1.0	1.0	0.0	0
54	2240	1.0	1.0	0.0	0
55	2257	1.0	1.0	0.0	0
56	2273	1.0	1.0	0.0	0
57	2290	1.0	1.0	0.0	0
58	2306	1.0	1.0	0.0	0
59	2323	1.0	1.0	0.0	0
60	2340	1.0	1.0	0.0	0
61	2357	1.0	1.0	0.0	0
62	2373	1.0	1.0	0.0	0
63	2390	1.0	1.0	0.0	0
64	2407	1.0	1.0	0.0	0
65	2423	1.0	1.0	0.0	0
66	2440	1.0	1.0	0.0	0
67	2458	1.0	1.0	0.0	0
68	2473	1.0	1.0	0.0	0
69	2490	1.0	1.0	0.0	0
70	2507	1.0	1.0	0.0	0
71	2523	1.0	1.0	0.0	0
72	2540	1.0	1.0	0.0	0
73	2557	1.0	1.0	0.0	0
74	2573	1.0	1.0	0.0	0
75	2590	1.0	1.0	0.0	0
76	2607	1.0	1.0	0.0	0
77	2623	1.0	1.0	0.0	0
78	2640	1.0	1.0	0.0	0
79	2657	1.0	1.0	0.0	0
80	2673	1.0	1.0	0.0	0
81	2689	1.0	1.0	0.0	0
82	2707	1.0	1.0	0.0	0
83	2723	1.0	1.0	0.0	0
84	2739	1.0	1.0	0.0	0
85	2756	1.0	1.0	0.0	0
86	2773	1.0	1.0	0.0	0
87	2790	1.0	1.0	0.0	0
88	2807	1.0	1.0	0.0	0
89	2823	1.0	1.0	0.0	0
90	2840	1.0	1.0	0.0	0
91	2857	1.0	1.0	0.0	0
92	2873	1.0	1.0	0.0	0
93	2891	1.0	1.0	0.0	0
94	2907	1.0	1.0	0.0	0
95	2923	1.0	1.0	0.0	0
96	2940	1.0	1.0	0.0	0
97	2956	1.0	1.0	0.0	0
98	2974	1.0	1.0	0.0	0
99	2989	1.0	1.0	0.0	0
100	3007	1.0	1.0	0.0	0
101	3023	1.0	1.0	0.0	0
102	3039	1.0	1.0	0.0	0
103	3056	1.0	1.0	0.0	0
104	3074	1.0	1.0	0.0	0
105	3090	1.0	1.0	0.0	0
106	3107	1.0	1.0	0.0	0
107	3124	1.0	1.0	0.0	0
108	3139	1.0	1.0	0.0	0
109	3157	1.0	1.0	0.0	0
110	3172	1.0	1.0	0.0	0
111	3189	1.0	1.0	0.0	0
112	3205	1.0	1.0	0.0	0
113	3223	1.0	1.0	0.0	0
114	3240	1.0	1.0	0.0	0
115	3257	1.0	1.0	0.0	0
116	3273	1.0	1.0	0.0	0
117	3290	1.0	1.0	0.0	0
118	3306	1.0	1.0	0.0	0
119	3323	1.0	1.0	0.0	0
120	3339	1.0	1.0	0.0	0
121	3356	1.0	1.0	0.0	0
122	3373	1.0	1.0	0.0	0
123	3390	1.0	1.0	0.0	0
124	3406	1.0	1.0	0.0	0
125	3423	1.0	1.0	0.0	0
126	3440	1.0	1.0	0.0	0
127	3456	1.0	1.0	0.0	0
128	3473	1.0	1.0	0.0	0
129	3489	1.0	1.0	0.0	0
130	3505	1.0	1.0	0.0	0
131	3523	1.0	1.0	0.0	0
132	3539	1.0	1.0	0.0	0
133	3556	1.0	1.0	0.0	0
134	3573	1.0	1.0	0.0	0
135	3590	1.0	1.0	0.0	0
136	3606	1.0	1.0	0.0	0
137	3622	1.0	1.0	0.0	0
138	3639	1.0	1.0	0.0	0
139	3657	1.0	1.0	0.0	0
140	3673	1.0	1.0	0.0	0
141	3690	1.0	1.0	0.0	0
142	3706	1.0	1.0	0.0	0
143	3724	1.0	1.0	0.0	0
144	3740	1.0	1.0	0.0	0
145	3758	1.0	1.0	0.0	0
146	3773	1.0	1.0	0.0	0
147	3790	1.0	1.0	0.0	0
148	3806	1.0	1.0	0.0	0
149	3823	1.0	1.0	0.0	0
150	3840	1.0	1.0	0.0	0
151	3857	1.0	1.0	0.0	0
152	3873	1.0	1.0	0.0	0
153	3889	1.0	1.0	0.0	0
154	3906	1.0	1.0	0.0	0
155	3923	1.0	1.0	0.0	0
156	3940	1.0	1.0	0.0	0
157	3957	1.0	1.0	0.0	0
158	3973	1.0	1.0	0.0	0
159	3990	1.0	1.0	0.0	0
160	4005	1.0	1.0	0.0	0
161	4023	1.0	1.0	0.0	0
162	4039	1.0	1.0	0.0	0
163	4055	1.0	1.0	0.0	0
164	4074	1.0	1.0	0.0	0
165	4089	1.0	1.0	0.0	0
166	4105	1.0	1.0	0.0	0
167	4123	1.0	1.0	0.0	0
168	4140	1.0	1.0	0.0	0
169	4156	1.0	1.0	0.0	0
170	4173	1.0	1.0	0.0	0
171	4189	1.0	1.0	0.0	0
172	4206	1.0	1.0	0.0	0
173	4223	1.0	1.0	0.0	0
174	4240	1.0	1.0	0.0	0
175	4256	1.0	1.0	0.0	0
176	4273	1.0	1.0	0.0	0
177	4289	1.0	1.0	0.0	0
178	4306	1.0	1.0	0.0	0
179	4322	1.0	1.0	0.0	0
180	4340	1.0	1.0	0.0	0
181	4356	1.0	1.0	0.0	0
182	4373	1.0	1.0	0.0	0
183	4389	1.0	1.0	0.0	0
184	4406	1.0	1.0	0.0	0
185	4423	1.0	1.0	0.0	0
186	4440	1.0	1.0	0.0	0
187	4456	1.0	1.0	0.0	0
188	4472	1.0	1.0	0.0	0
189	4489	1.0	1.0	0.0	0
190	4505	1.0	1.0	0.0	0
191	4522	1.0	1.0	0.0	0
192	4539	1.0	1.0	0.0	0
193	4555	1.0	1.0	0.0	0
194	4573	1.0	1.0	0.0	0
195	4589	1.0	1.0	0.0	0
196	4606	1.0	1.0	0.0	0
197	4623	1.0	1.0	0.0	0
198	4639	1.0	1.0	0.0	0
199	4656	1.0	1.0	0.0	0
200	4672	1.0	1.0	0.0	0
201	4691	1.0	1.0	0.0	0
202	4706	1.0	1.0	0.0	0
203	4723	1.0	1.0	0.0	0
204	4740	1.0	1.0	0.0	0
205	4756	1.0	1.0	0.0	0
206	4773	1.0	1.0	0.0	0
207	4789	1.0	1.0	0.0	0
208	4808	1.0	1.0	0.0	0
209	4823	1.0	1.0	0.0	0
210	4839	1.0	1.0	0.0	0
211	4856	1.0	1.0	0.0	0
212	4873	1.0	1.0	0.0	0
213	4889	1.0	1.0	0.0	0
214	4907	1.0	1.0	0.0	0
215	4924	1.0	1.0	0.0	0
216	4940	1.0	1.0	0.0	0
217	4956	1.0	1.0	0.0	0
218	4973	1.0	1.0	0.0	0
219	4989	1.0	1.0	0.0	0
220	5007	1.0	1.0	0.0	0
221	5024	1.0	1.0	0.0	0
222	5040	1.0	1.0	0.0	0
223	5056	1.0	1.0	0.0	0
224	5073	1.0	1.0	0.0	0
225	5090	1.0	1.0	0.0	0
226	5106	1.0	1.0	0.0	0
227	5122	1.0	1.0	0.0	0
228	5139	1.0	1.0	0.0	0
229	5155	1.0	1.0	0.0	0
230	5173	1.0	1.0	0.0	0
231	5190	1.0	1.0	0.0	0
232	5207	1.0	1.0	0.0	0
233	5223	1.0	1.0	0.0	0
234	5240	1.0	1.0	0.0	0
235	5256	1.0	1.0	0.0	0
236	5273	1.0	1.0	0.0	0
237	5290	1.0	1.0	0.0	0
238	5306	1.0	1.0	0.0	0
239	5323	1.0	1.0	0.0	0
240	5340	1.0	1.0	0.0	0
241	5356	1.0	1.0	0.0	0
242	5372	1.0	1.0	0.0	0
243	5390	1.0	1.0	0.0	0
244	5407	1.0	1.0	0.0	0
245	5422	1.0	1.0	0.0	0
246	5440	1.0	1.0	0.0	0
247	5457	1.0	1.0	0.0	0
248	5473	1.0	1.0	0.0	0
249	5490	1.0	1.0	0.0	0
250	5507	1.0	1.0	0.0	0
251	5523	1.0	1.0	0.0	0
252	5539	1.0	1.0	0.0	0
253	5556	1.0	1.0	0.0	0
254	5574	1.0	1.0	0.0	0
255	5590	1.0	1.0	0.0	0
256	5606	1.0	1.0	0.0	0
257	5623	1.0	1.0	0.0	0
258	5640	1.0	1.0	0.0	0
259	5657	1.0	1.0	0.0	0
260	5673	1.0	1.0	0.0	0
261	5690	1.0	1.0	0.0	0
262	5706	1.0	1.0	0.0	0
263	5722	1.0	1.0	0.0	0
264	5741	1.0	1.0	0.0	0
265	5756	1.0	1.0	0.0	0
266	5773	1.0	1.0	0.0	0
267	5790	1.0	1.0	0.0	0
268	5807	1.0	1.0	0.0	0
269	5823	1.0	1.0	0.0	0
270	5839	1.0	1.0	0.0	0
271	5857	1.0	1.0	0.0	0
272	5873	1.0	1.0	0.0	0
273	5891	1.0	1.0	0.0	0
274	5907	1.0	1.0	0.0	0
275	5923	1.0	1.0	0.0	0
276	5940	1.0	1.0	0.0	0
277	5956	1.0	1.0	0.0	0
278	5973	1.0	1.0	0.0	0
279	5990	1.0	1.0	0.0	0
280	6006	1.0	1.0	0.0	0
281	6024	1.0	1.0	0.0	0
282	6039	1.0	1.0	0.0	0
283	6056	1.0	1.0	0.0	0
284	6073	1.0	1.0	0.0	0
285	6090	1.0	1.0	0.0	0
286	6107	1.0	1.0	0.0	0
287	6123	1.0	1.0	0.0	0
288	6139	1.0	1.0	0.0	0
289	6156	1.0	1.0	0.0	0
290	6173	1.0	1.0	0.0	0
291	6189	1.0	1.0	0.0	0
292	6206	1.0	1.0	0.0	0
293	6224	1.0	1.0	0.0	0
294	6239	1.0	1.0	0.0	0
295	6256	1.0	1.0	0.0	0
296	6272	1.0	1.0	0.0	0
297	6290	1.0	1.0	0.0	0
298	6306	1.0	1.0	0.0	0
299	6323	1.0	1.0	0.0	0
300	6340	1.0	1.0	0.0	0
301	6356	1.0	1.0	0.0	0
302	6373	1.0	1.0	0.0	0
303	6390	1.0	1.0	0.0	0
304	6406	1.0	1.0	0.0	0
305	6423	1.0	1.0	0.0	0
306	6439	1.0	1.0	0.0	0
307	6456	1.0	1.0	0.0	0
308	6472	1.0	1.0	0.0	0
309	6489	1.0	1.0	0.0	0
310	6506	1.0	1.0	0.0	0
311	6523	1.0	1.0	0.0	0
312	6539	1.0	1.0	0.0	0
313	6556	1.0	1.0	0.0	0
314	6573	1.0	1.0	0.0	0
315	6590	1.0	1.0	0.0	0
316	6606	1.0	1.0	0.0	0
317	6622	1.0	1.0	0.0	0
318	6640	1.0	1.0	0.0	0
319	6655	1.0	1.0	0.0	0
320	6672	1.0	1.0	0.0	0
321	6690	1.0	1.0	0.0	0
322	6706	1.0	1.0	0.0	0
323	6722	1.0	1.0	0.0	0
324	6739	1.0	1.0	0.0	0
325	6756	1.0	1.0	0.0	0
326	6773	1.0	1.0	0.0	0
327	6790	1.0	1.0	0.0	0
328	6807	1.0	1.0	0.0	0
329	6824	1.0	1.0	0.0	0
330	6841	1.0	1.0	0.0	0
331	6856	1.0	1.0	0.0	0
332	6874	1.0	1.0	0.0	0
333	6889	1.0	1.0	0.0	0
334	6907	1.0	1.0	0.0	0
335	6923	1.0	1.0	0.0	0
336	6939	1.0	1.0	0.0	0
337	6957	1.0	1.0	0.0	0
338	6973	1.0	1.0	0.0	0
339	6990	1.0	1.0	0.0	0
340	7006	1.0	1.0	0.0	0
341	7023	1.0	1.0	0.0	0
342	7039	1.0	1.0	0.0	0
343	7056	1.0	1.0	0.0	0
344	7073	1.0	1.0	0.0	0
345	7089	1.0	1.0	0.0	0
346	7107	1.0	1.0	0.0	0
347	7123	1.0	1.0	0.0	0
348	7140	1.0	1.0	0.0	0
349	7156	1.0	1.0	0.0	0
350	7173	1.0	1.0	0.0	0
351	7189	1.0	1.0	0.0	0
352	7207	1.0	1.0	0.0	0
353	7222	1.0	1.0	0.0	0
354	7240	1.0	1.0	0.0	0
355	7256	1.0	1.0	0.0	0
356	7273	1.0	1.0	0.0	0
357	7290	1.0	1.0	0.0	0
358	7306	1.0	1.0	0.0	0
359	7323	1.0	1.0	0.0	0
360	7339	1.0	1.0	0.0	0
361	7357	1.0	1.0	0.0	0
362	7373	1.0	1.0	0.0	0
363	7390	1.0	1.0	0.0	0
364	7407	1.0	1.0	0.0	0
365	7423	1.0	1.0	0.0	0
366	7441	1.0	1.0	0.0	0
367	7457	1.0	1.0	0.0	0
368	7473	1.0	1.0	0.0	0
369	7491	1.0	1.0	0.0	0
370	7507	1.0	1.0	0.0	0
371	7524	1.0	1.0	0.0	0
372	7540	1.0	1.0	0.0	0
373	7556	1.0	1.0	0.0	0
374	7573	1.0	1.0	0.0	0
375	7590	1.0	1.0	0.0	0
376	7606	1.0	1.0	0.0	0
377	7623	1.0	1.0	0.0	0
378	7639	1.0	1.0	0.0	0
379	7656	1.0	1.0	0.0	0
380	7673	1.0	1.0	0.0	0
381	7690	1.0	1.0	0.0	0
382	7706	1.0	1.0	0.0	0
383	7724	1.0	1.0	0.0	0
384	7739	1.0	1.0	0.0	0
385	7756	1.0	1.0	0.0	0
386	7773	1.0	1.0	0.0	0
387	7790	1.0	1.0	0.0	0
388	7806	1.0	1.0	0.0	0
389	7823	1.0	1.0	0.0	0
390	7840	1.0	1.0	0.0	0
391	7857	1.0	1.0	0.0	0
392	7873	1.0	1.0	0.0	0
393	7890	1.0	1.0	0.0	0
394	7906	1.0	1.0	0.0	0
395	7923	1.0	1.0	0.0	0
396	7940	1.0	1.0	0.0	0
397	7956	1.0	1.0	0.0	0
398	7973	1.0	1.0	0.0	0
399	7990	1.0	1.0	0.0	0
400	8006	1.0	1.0	0.0	0
401	8022	1.0	1.0	0.0	0
402	8039	1.0	1.0	0.0	0
403	8056	1.0	1.0	0.0	0
404	8072	1.0	1.0	0.0	0
405	8090	1.0	1.0	0.0	0
406	8107	1.0	1.0	0.0	0
407	8123	1.0	1.0	0.0	0
408	8140	1.0	1.0	0.0	0
409	8157	1.0	1.0	0.0	0
410	8174	1.0	1.0	0.0	0
411	8191	1.0	1.0	0.0	0
412	8207	1.0	1.0	0.0	0
413	8223	1.0	1.0	0.0	0
414	8239	1.0	1.0	0.0	0
415	8256	1.0	1.0	0.0	0
416	8273	1.0	1.0	0.0	0
417	8290	1.0	1.0	0.0	0
418	8306	1.0	1.0	0.0	0
419	8323	1.0	1.0	0.0	0
420	8340	1.0	1.0	0.0	0
421	8356	1.0	1.0	0.0	0
422	8373	1.0	1.0	0.0	0
423	8389	1.0	1.0	0.0	0
424	8405	1.0	1.0	0.0	0
425	8424	1.0	1.0	0.0	0
426	8439	1.0	1.0	0.0	0
427	8456	1.0	1.0	0.0	0
428	8474	1.0	1.0	0.0	0
429	8490	1.0	1.0	0.0	0
430	8506	1.0	1.0	0.0	0
431	8523	1.0	1.0	0.0	0
432	8539	1.0	1.0	0.0	0
433	8556	1.0	1.0	0.0	0
434	8572	1.0	1.0	0.0	0
435	8590	1.0	1.0	0.0	0
436	8606	1.0	1.0	0.0	0
437	8623	1.0	1.0	0.0	0
438	8640	1.0	1.0	0.0	0
439	8657	1.0	1.0	0.0	0
440	8674	1.0	1.0	0.0	0
441	8689	1.0	1.0	0.0	0
442	8706	1.0	1.0	0.0	0
443	8723	1.0	1.0	0.0	0
444	8739	1.0	1.0	0.0	0
445	8757	1.0	1.0	0.0	0
446	8774	1.0	1.0	0.0	0
447	8790	1.0	1.0	0.0	0
448	8808	1.0	1.0	0.0	0
449	8824	1.0	1.0	0.0	0
450	8840	1.0	1.0	0.0	0
451	8857	1.0	1.0	0.0	0
452	8874	1.0	1.0	0.0	0
453	8891	1.0	1.0	0.0	0
454	8908	1.0	1.0	0.0	0
455	8924	1.0	1.0	0.0	0
456	8940	1.0	1.0	0.0	0
457	8957	1.0	1.0	0.0	0
458	8973	1.0	1.0	0.0	0
459	8990	1.0	1.0	0.0	0
460	9007	1.0	1.0	0.0	0
461	9023	1.0	1.0	0.0	0
462	9040	1.0	1.0	0.0	0
463	9057	1.0	1.0	0.0	0
464	9073	1.0	1.0	0.0	0
465	9090	1.0	1.0	0.0	0
466	9108	1.0	1.0	0.0	0
467	9124	1.0	1.0	0.0	0
468	9141	1.0	1.0	0.0	0
469	9158	1.0	1.0	0.0	0
470	9174	1.0	1.0	0.0	0
471	9191	1.0	1.0	0.0	0
472	9207	1.0	1.0	0.0	0
473	9224	1.0	1.0	0.0	0
474	9241	1.0	1.0	0.0	0
475	9257	1.0	1.0	0.0	0
476	9275	1.0	1.0	0.0	0
477	9291	1.0	1.0	0.0	0
478	9306	1.0	1.0	0.0	0
479	9324	1.0	1.0	0.0	0
480	9340	1.0	1.0	0.0	0
481	9356	1.0	1.0	0.0	0
482	9373	1.0	1.0	0.0	0
483	9390	1.0	1.0	0.0	0
484	9407	1.0	1.0	0.0	0
485	9423	1.0	1.0	0.0	0
486	9440	1.0	1.0	0.0	0
487	9457	1.0	1.0	0.0	0
488	9473	1.0	1.0	0.0	0
489	9490	1.0	1.0	0.0	0
490	9506	1.0	1.0	0.0	0
491	9522	1.0	1.0	0.0	0
492	9540	1.0	1.0	0.0	0
493	9556	1.0	1.0	0.0	0
494	9573	1.0	1.0	0.0	0
495	9589	1.0	1.0	0.0	0
496	9606	1.0	1.0	0.0	0
497	9623	1.0	1.0	0.0	0
498	9639	1.0	1.0	0.0	0
499	9656	1.0	1.0	0.0	0
500	9674	1.0	1.0	0.0	0
501	9689	1.0	1.0	0.0	0
502	9706	1.0	1.0	0.0	0
503	9722	1.0	1.0	0.0	0
504	9740	1.0	1.0	0.0	0
505	9757	1.0	1.0	0.0	0
506	9774	1.0	1.0	0.0	0
507	9789	1.0	1.0	0.0	0
508	9806	1.0	1.0	0.0	0
509	9823	1.0	1.0	0.0	0
510	9841	1.0	1.0	0.0	0
511	9856	1.0	1.0	0.0	0
512	9873	1.0	1.0	0.0	0
513	9889	1.0	1.0	0.0	0
514	9907	1.0	1.0	0.0	0
515	9923	1.0	1.0	0.0	0
516	9940	1.0	1.0	0.0	0
517	9957	1.0	1.0	0.0	0
518	9973	1.0	1.0	0.0	0
519	9990	1.0	1.0	0.0	0
520	10007	1.0	1.0	0.0	0
521	10024	1.0	1.0	0.0	0
522	10040	1.0	1.0	0.0	0
523	10056	1.0	1.0	0.0	0
524	10073	1.0	1.0	0.0	0
525	10090	1.0	1.0	0.0	0
526	10107	1.0	1.0	0.0	0
527	10124	1.0	1.0	0.0	0
528	10139	1.0	1.0	0.0	0
529	10157	1.0	1.0	0.0	0
530	10173	1.0	1.0	0.0	0
531	10189	1.0	1.0	0.0	0
532	10206	1.0	1.0	0.0	0
533	10223	1.0	1.0	0.0	0
534	10239	1.0	1.0	0.0	0
535	10256	1.0	1.0	0.0	0
536	10273	1.0	1.0	0.0	0
537	10290	1.0	1.0	0.0	0
538	10306	1.0	1.0	0.0	0
539	10322	1.0	1.0	0.0	0
540	10339	1.0	1.0	0.0	0
541	10358	1.0	1.0	0.0	0
542	10373	1.0	1.0	0.0	0
543	10390	1.0	1.0	0.0	0
544	10407	1.0	1.0	0.0	0
545	10423	1.0	1.0	0.0	0
546	10439	1.0	1.0	0.0	0
547	10455	1.0	1.0	0.0	0
548	10472	1.0	1.0	0.0	0
549	10491	1.0	1.0	0.0	0
550	10506	1.0	1.0	0.0	0
551	10522	1.0	1.0	0.0	0
552	10540	1.0	1.0	0.0	0
553	10557	1.0	1.0	0.0	0
554	10573	1.0	1.0	0.0	0
555	10590	1.0	1.0	0.0	0
556	10607	1.0	1.0	0.0	0
557	10623	1.0	1.0	0.0	0
558	10640	1.0	1.0	0.0	0
559	10656	1.0	1.0	0.0	0
560	10673	1.0	1.0	0.0	0
561	10689	1.0	1.0	0.0	0
562	10707	1.0	1.0	0.0	0
563	10723	1.0	1.0	0.0	0
564	10739	1.0	1.0	0.0	0
565	10756	1.0	1.0	0.0	0
566	10773	1.0	1.0	0.0	0
567	10790	1.0	1.0	0.0	0
568	10806	1.0	1.0	0.0	0
569	10822	1.0	1.0	0.0	0
570	10839	1.0	1.0	0.0	0
571	10856	1.0	1.0	0.0	0
572	10872	1.0	1.0	0.0	0
573	10890	1.0	1.0	0.0	0
574	10905	1.0	1.0	0.0	0
575	10923	1.0	1.0	0.0	0
576	10940	1.0	1.0	0.0	0
577	10956	1.0	1.0	0.0	0
578	10973	1.0	1.0	0.0	0
579	10990	1.0	1.0	0.0	0
580	11007	1.0	1.0	0.0	0
581	11023	1.0	1.0	0.0	0
582	11040	1.0	1.0	0.0	0
583	11057	1.0	1.0	0.0	0
584	11074	1.0	1.0	0.0	0
585	11090	1.0	1.0	0.0	0
586	11107	1.0	1.0	0.0	0
587	11124	1.0	1.0	0.0	0
588	11139	1.0	1.0	0.0	0
589	11156	1.0	1.0	0.0	0
590	11173	1.0	1.0	0.0	0
591	11189	1.0	1.0	0.0	0
592	11206	1.0	1.0	0.0	0
593	11223	1.0	1.0	0.0	0
594	11240	1.0	1.0	0.0	0
595	11256	1.0	1.0	0.0	0
596	11273	1.0	1.0	0.0	0
597	11290	1.0	1.0	0.0	0
598	11307	1.0	1.0	0.0	0
599	11323	1.0	1.0	0.0	0
600	11341	1.0	1.0	0.0	0
601	11358	1.0	1.0	0.0	0
602	11373	1.0	1.0	0.0	0
603	11390	1.0	1.0	0.0	0
604	11407	1.0	1.0	0.0	0
605	11423	1.0	1.0	0.0	0
606	11440	1.0	1.0	0.0	0
607	11457	1.0	1.0	0.0	0
608	11473	1.0	1.0	0.0	0
609	11490	1.0	1.0	0.0	0
610	11507	1.0	1.0	0.0	0
611	11523	1.0	1.0	0.0	0
612	11540	1.0	1.0	0.0	0
613	11556	1.0	1.0	0.0	0
614	11573	1.0	1.0	0.0	0
615	11590	1.0	1.0	0.0	0
616	11607	1.0	1.0	0.0	0
617	11623	1.0	1.0	0.0	0
618	11640	1.0	1.0	0.0	0
619	11656	1.0	1.0	0.0	0
620	11674	1.0	1.0	0.0	0
621	11690	1.0	1.0	0.0	0
622	11708	1.0	1.0	0.0	0
623	11723	1.0	1.0	0.0	0
624	11739	1.0	1.0	0.0	0
625	11756	1.0	1.0	0.0	0
626	11773	1.0	1.0	0.0	0
627	11790	1.0	1.0	0.0	0
628	11806	1.0	1.0	0.0	0
629	11823	1.0	1.0	0.0	0
630	11840	1.0	1.0	0.0	0
631	11857	1.0	1.0	0.0	0
632	11874	1.0	1.0	0.0	0
633	11889	1.0	1.0	0.0	0
634	11908	1.0	1.0	0.0	0
635	11923	1.0	1.0	0.0	0
636	11940	1.0	1.0	0.0	0
637	11956	1.0	1.0	0.0	0
638	11973	1.0	1.0	0.0	0
639	11990	1.0	1.0	0.0	0
640	12007	1.0	1.0	0.0	0
641	12023	1.0	1.0	0.0	0
642	12039	1.0	1.0	0.0	0
643	12056	1.0	1.0	0.0	0
644	12073	1.0	1.0	0.0	0
645	12090	1.0	1.0	0.0	0
646	12106	1.0	1.0	0.0	0
647	12123	1.0	1.0	0.0	0
648	12140	1.0	1.0	0.0	0
649	12156	1.0	1.0	0.0	0
650	12174	1.0	1.0	0.0	0
651	12190	1.0	1.0	0.0	0
652	12207	1.0	1.0	0.0	0
653	12224	1.0	1.0	0.0	0
654	12240	1.0	1.0	0.0	0
655	12256	1.0	1.0	0.0	0
656	12273	1.0	1.0	0.0	0
657	12291	1.0	1.0	0.0	0
658	12307	1.0	1.0	0.0	0
659	12324	1.0	1.0	0.0	0
660	12341	1.0	1.0	0.0	0
661	12356	1.0	1.0	0.0	0
662	12373	1.0	1.0	0.0	0
663	12390	1.0	1.0	0.0	0
664	12406	1.0	1.0	0.0	0
665	12423	1.0	1.0	0.0	0
666	12439	1.0	1.0	0.0	0
667	12456	1.0	1.0	0.0	0
668	12472	1.0	1.0	0.0	0
669	12490	1.0	1.0	0.0	0
670	12507	1.0	1.0	0.0	0
671	12523	1.0	1.0	0.0	0
672	12540	1.0	1.0	0.0	0
673	12556	1.0	1.0	0.0	0
674	12574	1.0	1.0	0.0	0
675	12590	1.0	1.0	0.0	0
676	12606	1.0	1.0	0.0	0
677	12623	1.0	1.0	0.0	0
678	12640	1.0	1.0	0.0	0
679	12656	1.0	1.0	0.0	0
680	12674	1.0	1.0	0.0	0
681	12690	1.0	1.0	0.0	0
682	12707	1.0	1.0	0.0	0
683	12724	1.0	1.0	0.0	0
684	12740	1.0	1.0	0.0	0
685	12757	1.0	1.0	0.0	0
686	12773	1.0	1.0	0.0	0
687	12790	1.0	1.0	0.0	0
688	12806	1.0	1.0	0.0	0
689	12823	1.0	1.0	0.0	0
690	12839	1.0	1.0	0.0	0
691	12856	1.0	1.0	0.0	0
692	12873	1.0	1.0	0.0	0
693	12890	1.0	1.0	0.0	0
694	12907	1.0	1.0	0.0	0
695	12922	1.0	1.0	0.0	0
696	12940	1.0	1.0	0.0	0
697	12956	1.0	1.0	0.0	0
698	12972	1.0	1.0	0.0	0
699	12990	1.0	1.0	0.0	0
700	13006	1.0	1.0	0.0	0
701	13023	1.0	1.0	0.0	0
702	13039	1.0	1.0	0.0	0
703	13056	1.0	1.0	0.0	0
704	13073	1.0	1.0	0.0	0
705	13090	1.0	1.0	0.0	0
706	13105	1.0	1.0	0.0	0
707	13122	1.0	1.0	0.0	0
708	13139	1.0	1.0	0.0	0
709	13156	1.0	1.0	0.0	0
710	13174	1.0	1.0	0.0	0
711	13189	1.0	1.0	0.0	0
712	13207	1.0	1.0	0.0	0
713	13223	1.0	1.0	0.0	0
714	13239	1.0	1.0	0.0	0
715	13256	1.0	1.0	0.0	0
716	13272	1.0	1.0	0.0	0
717	13290	1.0	1.0	0.0	0
718	13306	1.0	1.0	0.0	0
719	13324	1.0	1.0	0.0	0
720	13340	1.0	1.0	0.0	0
721	13357	1.0	1.0	0.0	0
722	13373	1.0	1.0	0.0	0
723	13389	1.0	1.0	0.0	0
724	13407	1.0	1.0	0.0	0
725	13423	1.0	1.0	0.0	0
726	13440	1.0	1.0	0.0	0
727	13457	1.0	1.0	0.0	0
728	13473	1.0	1.0	0.0	0
729	13489	1.0	1.0	0.0	0
730	13506	1.0	1.0	0.0	0
731	13523	1.0	1.0	0.0	0
732	13541	1.0	1.0	0.0	0
733	13557	1.0	1.0	0.0	0
734	13574	1.0	1.0	0.0	0
735	13590	1.0	1.0	0.0	0
736	13607	1.0	1.0	0.0	0
737	13623	1.0	1.0	0.0	0
738	13640	1.0	1.0	0.0	0
739	13656	1.0	1.0	0.0	0
740	13674	1.0	1.0	0.0	0
741	13690	1.0	1.0	0.0	0
742	13706	1.0	1.0	0.0	0
743	13723	1.0	1.0	0.0	0
744	13740	1.0	1.0	0.0	0
745	13757	1.0	1.0	0.0	0
746	13774	1.0	1.0	0.0	0
747	13790	1.0	1.0	0.0	0
748	13806	1.0	1.0	0.0	0
749	13823	1.0	1.0	0.0	0
750	13840	1.0	1.0	0.0	0
751	13856	1.0	1.0	0.0	0
752	13873	1.0	1.0	0.0	0
753	13890	1.0	1.0	0.0	0
754	13906	1.0	1.0	0.0	0
755	13924	1.0	1.0	0.0	0
756	13940	1.0	1.0	0.0	0
757	13957	1.0	1.0	0.0	0
758	13973	1.0	1.0	0.0	0
759	13990	1.0	1.0	0.0	0
760	14006	1.0	1.0	0.0	0
761	14023	1.0	1.0	0.0	0
762	14040	1.0	1.0	0.0	0
763	14057	1.0	1.0	0.0	0
764	14073	1.0	1.0	0.0	0
765	14089	1.0	1.0	0.0	0
766	14107	1.0	1.0	0.0	0
767	14123	1.0	1.0	0.0	0
768	14140	1.0	1.0	0.0	0
769	14157	1.0	1.0	0.0	0
770	14173	1.0	1.0	0.0	0
771	14189	1.0	1.0	0.0	0
772	14208	1.0	1.0	0.0	0
773	14223	1.0	1.0	0.0	0
774	14239	1.0	1.0	0.0	0
775	14256	1.0	1.0	0.0	0
776	14273	1.0	1.0	0.0	0
777	14289	1.0	1.0	0.0	0
778	14306	1.0	1.0	0.0	0
779	14323	1.0	1.0	0.0	0
780	14340	1.0	1.0	0.0	0
781	14357	1.0	1.0	0.0	0
782	14373	1.0	1.0	0.0	0
783	14389	1.0	1.0	0.0	0
784	14406	1.0	1.0	0.0	0
785	14423	1.0	1.0	0.0	0
786	14439	1.0	1.0	0.0	0
787	14457	1.0	1.0	0.0	0
788	14472	1.0	1.0	0.0	0
789	14490	1.0	1.0	0.0	0
790	14506	1.0	1.0	0.0	0
791	14524	1.0	1.0	0.0	0
792	14540	1.0	1.0	0.0	0
793	14556	1.0	1.0	0.0	0
794	14572	1.0	1.0	0.0	0
795	14590	1.0	1.0	0.0	0
796	14606	1.0	1.0	0.0	0
797	14624	1.0	1.0	0.0	0
798	14640	1.0	1.0	0.0	0
799	14656	1.0	1.0	0.0	0
800	14672	1.0	1.0	0.0	0
801	14690	1.0	1.0	0.0	0
802	14706	1.0	1.0	0.0	0
803	14722	1.0	1.0	0.0	0
804	14740	1.0	1.0	0.0	0
805	14757	1.0	1.0	0.0	0
806	14773	1.0	1.0	0.0	0
807	14789	1.0	1.0	0.0	0
808	14807	1.0	1.0	0.0	0
809	14825	1.0	1.0	0.0	0
810	14840	1.0	1.0	0.0	0
811	14857	1.0	1.0	0.0	0
812	14873	1.0	1.0	0.0	0
813	14890	1.0	1.0	0.0	0
814	14906	1.0	1.0	0.0	0
815	14923	1.0	1.0	0.0	0
816	14939	1.0	1.0	0.0	0
817	14957	1.0	1.0	0.0	0
818	14973	1.0	1.0	0.0	0
819	14989	1.0	1.0	0.0	0
820	15006	1.0	1.0	0.0	0
821	15024	1.0	1.0	0.0	0
822	15041	1.0	1.0	0.0	0
823	15057	1.0	1.0	0.0	0
824	15073	1.0	1.0	0.0	0
825	15090	1.0	1.0	0.0	0
826	15106	1.0	1.0	0.0	0
827	15123	1.0	1.0	0.0	0
828	15139	1.0	1.0	0.0	0
829	15157	1.0	1.0	0.0	0
830	15173	1.0	1.0	0.0	0
831	15191	1.0	1.0	0.0	0
832	15207	1.0	1.0	0.0	0
833	15223	1.0	1.0	0.0	0
834	15240	1.0	1.0	0.0	0
835	15256	1.0	1.0	0.0	0
836	15273	1.0	1.0	0.0	0
837	15289	1.0	1.0	0.0	0
838	15307	1.0	1.0	0.0	0
839	15323	1.0	1.0	0.0	0
840	15340	1.0	1.0	0.0	0
841	15356	1.0	1.0	0.0	0
842	15373	1.0	1.0	0.0	0
843	15390	1.0	1.0	0.0	0
844	15406	1.0	1.0	0.0	0
845	15423	1.0	1.0	0.0	0
846	15440	1.0	1.0	0.0	0
847	15456	1.0	1.0	0.0	0
848	15473	1.0	1.0	0.0	0
849	15490	1.0	1.0	0.0	0
850	15506	1.0	1.0	0.0	0
851	15523	1.0	1.0	0.0	0
852	15539	1.0	1.0	0.0	0
853	15556	1.0	1.0	0.0	0
854	15574	1.0	1.0	0.0	0
855	15590	1.0	1.0	0.0	0
856	15607	1.0	1.0	0.0	0
857	15624	1.0	1.0	0.0	0
858	15640	1.0	1.0	0.0	0
859	15656	1.0	1.0	0.0	0
860	15674	1.0	1.0	0.0	0
861	15690	1.0	1.0	0.0	0
862	15706	1.0	1.0	0.0	0
863	15723	1.0	1.0	0.0	0
864	15740	1.0	1.0	0.0	0
865	15756	1.0	1.0	0.0	0
866	15774	1.0	1.0	0.0	0
867	15790	1.0	1.0	0.0	0
868	15807	1.0	1.0	0.0	0
869	15823	1.0	1.0	0.0	0
870	15840	1.0	1.0	0.0	0
871	15857	1.0	1.0	0.0	0
872	15873	1.0	1.0	0.0	0
873	15889	1.0	1.0	0.0	0
874	15906	1.0	1.0	0.0	0
875	15923	1.0	1.0	0.0	0
876	15940	1.0	1.0	0.0	0
877	15958	1.0	1.0	0.0	0
878	15973	1.0	1.0	0.0	0
879	15989	1.0	1.0	0.0	0
880	16006	1.0	1.0	0.0	0
881	16023	1.0	1.0	0.0	0
882	16039	1.0	1.0	0.0	0
883	16056	1.0	1.0	0.0	0
884	16073	1.0	1.0	0.0	0
885	16089	1.0	1.0	0.0	0
886	16107	1.0	1.0	0.0	0
887	16123	1.0	1.0	0.0	0
888	16140	1.0	1.0	0.0	0
889	16156	1.0	1.0	0.0	0
890	16174	1.0	1.0	0.0	0
891	16190	1.0	1.0	0.0	0
892	16206	1.0	1.0	0.0	0
893	16224	1.0	1.0	0.0	0
894	16240	1.0	1.0	0.0	0
895	16256	1.0	1.0	0.0	0
896	16274	1.0	1.0	0.0	0
897	16290	1.0	1.0	0.0	0
898	16306	1.0	1.0	0.0	0
899	16324	1.0	1.0	0.0	0
900	16340	1.0	1.0	0.0	0
901	16356	1.0	1.0	0.0	0
902	16373	1.0	1.0	0.0	0
903	16390	1.0	1.0	0.0	0
904	16407	1.0	1.0	0.0	0
905	16423	1.0	1.0	0.0	0
906	16440	1.0	1.0	0.0	0
907	16456	1.0	1.0	0.0	0
908	16473	1.0	1.0	0.0	0
909	16491	1.0	1.0	0.0	0
910	16507	1.0	1.0	0.0	0
911	16524	1.0	1.0	0.0	0
912	16541	1.0	1.0	0.0	0
913	16556	1.0	1.0	0.0	0
914	16573	1.0	1.0	0.0	0
915	16590	1.0	1.0	0.0	0
916	16607	1.0	1.0	0.0	0
917	16623	1.0	1.0	0.0	0
918	16640	1.0	1.0	0.0	0
919	16657	1.0	1.0	0.0	0
920	16674	1.0	1.0	0.0	0
921	16690	1.0	1.0	0.0	0
922	16707	1.0	1.0	0.0	0
923	16724	1.0	1.0	0.0	0
924	16740	1.0	1.0	0.0	0
925	16756	1.0	1.0	0.0	0
926	16773	1.0	1.0	0.0	0
927	16790	1.0	1.0	0.0	0
928	16807	1.0	1.0	0.0	0
929	16824	1.0	1.0	0.0	0
930	16840	1.0	1.0	0.0	0
931	16856	1.0	1.0	0.0	0
932	16875	1.0	1.0	0.0	0
933	16890	1.0	1.0	0.0	0
934	16907	1.0	1.0	0.0	0
935	16923	1.0	1.0	0.0	0
936	16940	1.0	1.0	0.0	0
937	16957	1.0	1.0	0.0	0
938	16973	1.0	1.0	0.0	0
939	16991	1.0	1.0	0.0	0
940	17006	1.0	1.0	0.0	0
941	17023	1.0	1.0	0.0	0
942	17040	1.0	1.0	0.0	0
943	17057	1.0	1.0	0.0	0
944	17073	1.0	1.0	0.0	0
945	17090	1.0	1.0	0.0	0
946	17106	1.0	1.0	0.0	0
947	17124	1.0	1.0	0.0	0
948	17141	1.0	1.0	0.0	0
949	17156	1.0	1.0	0.0	0
950	17175	1.0	1.0	0.0	0
951	17191	1.0	1.0	0.0	0
952	17206	1.0	1.0	0.0	0
953	17224	1.0	1.0	0.0	0
954	17240	1.0	1.0	0.0	0
955	17258	1.0	1.0	0.0	0
956	17274	1.0	1.0	0.0	0
957	17289	1.0	1.0	0.0	0
958	17307	1.0	1.0	0.0	0
959	17324	1.0	1.0	0.0	0
960	17339	1.0	1.0	0.0	0
961	17357	1.0	1.0	0.0	0
962	17374	1.0	1.0	0.0	0
963	17389	1.0	1.0	0.0	0
964	17407	1.0	1.0	0.0	0
965	17423	1.0	1.0	0.0	0
966	17439	1.0	1.0	0.0	0
967	17457	1.0	1.0	0.0	0
968	17473	1.0	1.0	0.0	0
969	17491	1.0	1.0	0.0	0
970	17519	1.0	1.0	0.0	0
971	17531	1.0	1.0	0.0	0
972	17549	1.0	1.0	0.0	0
973	17566	1.0	1.0	0.0	0
974	17582	1.0	1.0	0.0	0
975	17599	1.0	1.0	0.0	0
976	17616	1.0	1.0	0.0	0
977	17633	1.0	1.0	0.0	0
978	17650	1.0	1.0	0.0	0
979	17665	1.0	1.0	0.0	0
980	17681	1.0	1.0	0.0	0
981	17698	1.0	1.0	0.0	0
982	17715	1.0	1.0	0.0	0
983	17733	1.0	1.0	0.0	0
984	17748	1.0	1.0	0.0	0
985	17765	1.0	1.0	0.0	0
986	17782	1.0	1.0	0.0	0
987	17798	1.0	1.0	0.0	0
988	17815	1.0	1.0	0.0	0
989	17833	1.0	1.0	0.0	0
990	17849	1.0	1.0	0.0	0
991	17865	1.0	1.0	0.0	0
992	17882	1.0	1.0	0.0	0
993	17898	1.0	1.0	0.0	0
994	17915	1.0	1.0	0.0	0
995	17932	1.0	1.0	0.0	0
996	17947	1.0	1.0	0.0	0
997	17965	1.0	1.0	0.0	0
998	17981	1.0	1.0	0.0	0
999	17998	1.0	1.0	0.0	0
1000	18014	1.0	1.0	0.0	0
1001	18031	1.0	1.0	0.0	0
1002	18048	1.0	1.0	0.0	0
1003	18065	1.0	1.0	0.0	0
1004	18081	1.0	1.0	0.0	0
1005	18098	1.0	1.0	0.0	0
1006	18116	1.0	1.0	0.0	0
1007	18132	1.0	1.0	0.0	0
1008	18149	1.0	1.0	0.0	0
1009	18165	1.0	1.0	0.0	0
1010	18183	1.0	1.0	0.0	0
1011	18198	1.0	1.0	0.0	0
1012	18214	1.0	1.0	0.0	0
1013	18232	1.0	1.0	0.0	0
1014	18249	1.0	1.0	0.0	0
1015	18264	1.0	1.0	0.0	0
1016	18281	1.0	1.0	0.0	0
1017	18298	1.0	1.0	0.0	0
1018	18316	1.0	1.0	0.0	0
1019	18332	1.0	1.0	0.0	0
1020	18349	1.0	1.0	0.0	0
1021	18366	1.0	1.0	0.0	0
1022	18383	1.0	1.0	0.0	0
1023	18399	1.0	1.0	0.0	0
1024	18415	1.0	1.0	0.0	0
1025	18431	1.0	1.0	0.0	0
1026	18448	1.0	1.0	0.0	0
1027	18465	1.0	1.0	0.0	0
1028	18481	1.0	1.0	0.0	0
1029	18498	1.0	1.0	0.0	0
1030	18515	1.0	1.0	0.0	0
1031	18531	1.0	1.0	0.0	0
1032	18549	1.0	1.0	0.0	0
1033	18565	1.0	1.0	0.0	0
1034	18581	1.0	1.0	0.0	0
1035	18599	1.0	1.0	0.0	0
1036	18615	1.0	1.0	0.0	0
1037	18632	1.0	1.0	0.0	0
1038	18649	1.0	1.0	0.0	0
1039	18665	1.0	1.0	0.0	0
1040	18682	1.0	1.0	0.0	0
1041	18698	1.0	1.0	0.0	0
1042	18715	1.0	1.0	0.0	0
1043	18732	1.0	1.0	0.0	0
1044	18749	1.0	1.0	0.0	0
1045	18765	1.0	1.0	0.0	0
1046	18781	1.0	1.0	0.0	0
1047	18798	1.0	1.0	0.0	0
1048	18816	1.0	1.0	0.0	0
1049	18832	1.0	1.0	0.0	0
1050	18848	1.0	1.0	0.0	0
1051	18865	1.0	1.0	0.0	0
1052	18882	1.0	1.0	0.0	0
1053	18898	1.0	1.0	0.0	0
1054	18915	1.0	1.0	0.0	0
1055	18931	1.0	1.0	0.0	0
1056	18948	1.0	1.0	0.0	0
1057	18965	1.0	1.0	0.0	0
1058	18982	1.0	1.0	0.0	0
1059	18999	1.0	1.0	0.0	0
1060	19015	1.0	1.0	0.0	0
1061	19032	1.0	1.0	0.0	0
1062	19049	1.0	1.0	0.0	0
1063	19065	1.0	1.0	0.0	0
1064	19082	1.0	1.0	0.0	0
1065	19098	1.0	1.0	0.0	0
1066	19115	1.0	1.0	0.0	0
1067	19132	1.0	1.0	0.0	0
1068	19149	1.0	1.0	0.0	0
1069	19164	1.0	1.0	0.0	0
1070	19183	1.0	1.0	0.0	0
1071	19198	1.0	1.0	0.0	0
1072	19216	1.0	1.0	0.0	0
1073	19232	1.0	1.0	0.0	0
1074	19248	1.0	1.0	0.0	0
1075	19266	1.0	1.0	0.0	0
1076	19281	1.0	1.0	0.0	0
1077	19300	1.0	1.0	0.0	0
1078	19317	1.0	1.0	0.0	0
1079	19332	1.0	1.0	0.0	0
1080	19349	1.0	1.0	0.0	0
1081	19365	1.0	1.0	0.0	0
1082	19382	1.0	1.0	0.0	0
1083	19399	1.0	1.0	0.0	0
1084	19416	1.0	1.0	0.0	0
1085	19432	1.0	1.0	0.0	0
1086	19449	1.0	1.0	0.0	0
1087	19465	1.0	1.0	0.0	0
1088	19482	1.0	1.0	0.0	0
1089	19499	1.0	1.0	0.0	0
1090	19516	1.0	1.0	0.0	0
1091	19532	1.0	1.0	0.0	0
1092	19549	1.0	1.0	0.0	0
1093	19566	1.0	1.0	0.0	0
1094	19582	1.0	1.0	0.0	0
1095	19599	1.0	1.0	0.0	0
1096	19616	1.0	1.0	0.0	0
1097	19631	1.0	1.0	0.0	0
1098	19649	1.0	1.0	0.0	0
1099	19666	1.0	1.0	0.0	0
1100	19682	1.0	1.0	0.0	0
1101	19699	1.0	1.0	0.0	0
1102	19715	1.0	1.0	0.0	0
1103	19731	1.0	1.0	0.0	0
1104	19748	1.0	1.0	0.0	0
1105	19765	1.0	1.0	0.0	0
1106	19781	1.0	1.0	0.0	0
1107	19799	1.0	1.0	0.0	0
1108	19814	1.0	1.0	0.0	0
1109	19831	1.0	1.0	0.0	0
1110	19848	1.0	1.0	0.0	0
1111	19866	1.0	1.0	0.0	0
1112	19881	1.0	1.0	0.0	0
1113	19898	1.0	1.0	0.0	0
1114	19915	1.0	1.0	0.0	0
1115	19932	1.0	1.0	0.0	0
1116	19949	1.0	1.0	0.0	0
1117	19965	1.0	1.0	0.0	0
1118	19982	1.0	1.0	0.0	0
1119	19998	1.0	1.0	0.0	0
1120	20014	1.0	1.0	0.0	0
1121	20033	1.0	1.0	0.0	0
1122	20049	1.0	1.0	0.0	0
1123	20065	1.0	1.0	0.0	0
1124	20081	1.0	1.0	0.0	0
1125	20099	1.0	1.0	0.0	0
1126	20116	1.0	1.0	0.0	0
1127	20133	1.0	1.0	0.0	0
1128	20149	1.0	1.0	0.0	0
1129	20166	1.0	1.0	0.0	0
1130	20182	1.0	1.0	0.0	0
1131	20199	1.0	1.0	0.0	0
1132	20216	1.0	1.0	0.0	0
1133	20232	1.0	1.0	0.0	0
1134	20248	1.0	1.0	0.0	0
1135	20266	1.0	1.0	0.0	0
1136	20283	1.0	1.0	0.0	0
1137	20299	1.0	1.0	0.0	0
1138	20315	1.0	1.0	0.0	0
1139	20333	1.0	1.0	0.0	0
1140	20349	1.0	1.0	0.0	0
1141	20366	1.0	1.0	0.0	0
1142	20382	1.0	1.0	0.0	0
1143	20400	1.0	1.0	0.0	0
1144	20416	1.0	1.0	0.0	0
1145	20432	1.0	1.0	0.0	0
1146	20448	1.0	1.0	0.0	0
1147	20465	1.0	1.0	0.0	0
1148	20483	1.0	1.0	0.0	0
1149	20498	1.0	1.0	0.0	0
1150	20515	1.0	1.0	0.0	0
1151	20532	1.0	1.0	0.0	0
1152	20548	1.0	1.0	0.0	0
1153	20565	1.0	1.0	0.0	0
1154	20582	1.0	1.0	0.0	0
1155	20598	1.0	1.0	0.0	0
1156	20615	1.0	1.0	0.0	0
1157	20633	1.0	1.0	0.0	0
1158	20650	1.0	1.0	0.0	0
1159	20665	1.0	1.0	0.0	0
1160	20683	1.0	1.0	0.0	0
1161	20700	1.0	1.0	0.0	0
1162	20714	1.0	1.0	0.0	0
1163	20731	1.0	1.0	0.0	0
1164	20749	1.0	1.0	0.0	0
1165	20765	1.0	1.0	0.0	0
1166	20781	1.0	1.0	0.0	0
1167	20798	1.0	1.0	0.0	0
1168	20814	1.0	1.0	0.0	0
1169	20833	1.0	1.0	0.0	0
1170	20848	1.0	1.0	0.0	0
1171	20865	1.0	1.0	0.0	0
1172	20882	1.0	1.0	0.0	0
1173	20899	1.0	1.0	0.0	0
1174	20916	1.0	1.0	0.0	0
1175	20933	1.0	1.0	0.0	0
1176	20949	1.0	1.0	0.0	0
1177	20965	1.0	1.0	0.0	0
1178	20983	1.0	1.0	0.0	0
1179	20999	1.0	1.0	0.0	0
1180	21016	1.0	1.0	0.0	0
1181	21033	1.0	1.0	0.0	0
1182	21049	1.0	1.0	0.0	0
1183	21066	1.0	1.0	0.0	0
1184	21083	1.0	1.0	0.0	0
1185	21099	1.0	1.0	0.0	0
1186	21115	1.0	1.0	0.0	0
1187	21132	1.0	1.0	0.0	0
1188	21149	1.0	1.0	0.0	0
1189	21166	1.0	1.0	0.0	0
1190	21182	1.0	1.0	0.0	0
1191	21199	1.0	1.0	0.0	0
1192	21215	1.0	1.0	0.0	0
1193	21232	1.0	1.0	0.0	0
1194	21248	1.0	1.0	0.0	0
1195	21266	1.0	1.0	0.0	0
1196	21283	1.0	1.0	0.0	0
1197	21299	1.0	1.0	0.0	0
1198	21315	1.0	1.0	0.0	0
1199	21333	1.0	1.0	0.0	0
1200	21348	1.0	1.0	0.0	0
1201	21366	1.0	1.0	0.0	0
1202	21382	1.0	1.0	0.0	0
1203	21399	1.0	1.0	0.0	0
1204	21416	1.0	1.0	0.0	0
1205	21433	1.0	1.0	0.0	0
1206	21450	1.0	1.0	0.0	0
1207	21465	1.0	1.0	0.0	0
1208	21482	1.0	1.0	0.0	0
1209	21498	1.0	1.0	0.0	0
1210	21516	1.0	1.0	0.0	0
1211	21532	1.0	1.0	0.0	0
1212	21548	1.0	1.0	0.0	0
1213	21565	1.0	1.0	0.0	0
1214	21582	1.0	1.0	0.0	0
1215	21598	1.0	1.0	0.0	0
1216	21615	1.0	1.0	0.0	0
1217	21633	1.0	1.0	0.0	0
1218	21648	1.0	1.0	0.0	0
1219	21665	1.0	1.0	0.0	0
1220	21682	1.0	1.0	0.0	0
1221	21700	1.0	1.0	0.0	0
1222	21715	1.0	1.0	0.0	0
1223	21731	1.0	1.0	0.0	0
1224	21749	1.0	1.0	0.0	0
1225	21765	1.0	1.0	0.0	0
1226	21782	1.0	1.0	0.0	0
1227	21798	1.0	1.0	0.0	0
1228	21815	1.0	1.0	0.0	0
1229	21831	1.0	1.0	0.0	0
1230	21849	1.0	1.0	0.0	0
1231	21866	1.0	1.0	0.0	0
1232	21881	1.0	1.0	0.0	0
1233	21899	1.0	1.0	0.0	0
1234	21916	1.0	1.0	0.0	0
1235	21932	1.0	1.0	0.0	0
1236	21948	1.0	1.0	0.0	0
1237	21965	1.0	1.0	0.0	0
1238	21983	1.0	1.0	0.0	0
1239	21999	1.0	1.0	0.0	0
1240	22015	1.0	1.0	0.0	0
1241	22031	1.0	1.0	0.0	0
1242	22048	1.0	1.0	0.0	0
1243	22066	1.0	1.0	0.0	0
1244	22083	1.0	1.0	0.0	0
1245	22098	1.0	1.0	0.0	0
1246	22115	1.0	1.0	0.0	0
1247	22131	1.0	1.0	0.0	0
1248	22149	1.0	1.0	0.0	0
1249	22165	1.0	1.0	0.0	0
1250	22182	1.0	1.0	0.0	0
1251	22199	1.0	1.0	0.0	0
1252	22214	1.0	1.0	0.0	0
1253	22231	1.0	1.0	0.0	0
1254	22247	1.0	1.0	0.0	0
1255	22265	1.0	1.0	0.0	0
1256	22281	1.0	1.0	0.0	0
1257	22299	1.0	1.0	0.0	0
1258	22315	1.0	1.0	0.0	0
1259	22333	1.0	1.0	0.0	0
1260	22349	1.0	1.0	0.0	0
1261	22366	1.0	1.0	0.0	0
1262	22383	1.0	1.0	0.0	0
1263	22399	1.0	1.0	0.0	0
1264	22415	1.0	1.0	0.0	0
1265	22433	1.0	1.0	0.0	0
1266	22450	1.0	1.0	0.0	0
1267	22465	1.0	1.0	0.0	0
1268	22483	1.0	1.0	0.0	0
1269	22499	1.0	1.0	0.0	0
1270	22516	1.0	1.0	0.0	0
1271	22533	1.0	1.0	0.0	0
1272	22548	1.0	1.0	0.0	0
1273	22565	1.0	1.0	0.0	0
1274	22583	1.0	1.0	0.0	0
1275	22600	1.0	1.0	0.0	0
1276	22615	1.0	1.0	0.0	0
1277	22632	1.0	1.0	0.0	0
1278	22649	1.0	1.0	0.0	0
1279	22664	1.0	1.0	0.0	0
1280	22682	1.0	1.0	0.0	0
1281	22699	1.0	1.0	0.0	0
1282	22716	1.0	1.0	0.0	0
1283	22731	1.0	1.0	0.0	0
1284	22749	1.0	1.0	0.0	0
1285	22766	1.0	1.0	0.0	0
1286	22783	1.0	1.0	0.0	0
1287	22798	1.0	1.0	0.0	0
1288	22816	1.0	1.0	0.0	0
1289	22833	1.0	1.0	0.0	0
1290	22849	1.0	1.0	0.0	0
1291	22866	1.0	1.0	0.0	0
1292	22883	1.0	1.0	0.0	0
1293	22899	1.0	1.0	0.0	0
1294	22916	1.0	1.0	0.0	0
1295	22933	1.0	1.0	0.0	0
1296	22949	1.0	1.0	0.0	0
1297	22966	1.0	1.0	0.0	0
1298	22983	1.0	1.0	0.0	0
1299	22999	1.0	1.0	0.0	0
1300	23015	1.0	1.0	0.0	0
1301	23031	1.0	1.0	0.0	0
1302	23049	1.0	1.0	0.0	0
1303	23066	1.0	1.0	0.0	0
1304	23082	1.0	1.0	0.0	0
1305	23098	1.0	1.0	0.0	0
1306	23115	1.0	1.0	0.0	0
1307	23132	1.0	1.0	0.0	0
1308	23149	1.0	1.0	0.0	0
1309	23165	1.0	1.0	0.0	0
1310	23181	1.0	1.0	0.0	0
1311	23198	1.0	1.0	0.0	0
1312	23216	1.0	1.0	0.0	0
1313	23232	1.0	1.0	0.0	0
1314	23250	1.0	1.0	0.0	0
1315	23266	1.0	1.0	0.0	0
1316	23282	1.0	1.0	0.0	0
1317	23299	1.0	1.0	0.0	0
1318	23315	1.0	1.0	0.0	0
1319	23332	1.0	1.0	0.0	0
1320	23349	1.0	1.0	0.0	0
1321	23366	1.0	1.0	0.0	0
1322	23383	1.0	1.0	0.0	0
1323	23400	1.0	1.0	0.0	0
1324	23416	1.0	1.0	0.0	0
1325	23431	1.0	1.0	0.0	0
1326	23449	1.0	1.0	0.0	0
1327	23466	1.0	1.0	0.0	0
1328	23482	1.0	1.0	0.0	0
1329	23497	1.0	1.0	0.0	0
1330	23515	1.0	1.0	0.0	0
1331	23532	1.0	1.0	0.0	0
1332	23549	1.0	1.0	0.0	0
1333	23565	1.0	1.0	0.0	0
1334	23582	1.0	1.0	0.0	0
1335	23598	1.0	1.0	0.0	0
1336	23616	1.0	1.0	0.0	0
1337	23631	1.0	1.0	0.0	0
1338	23648	1.0	1.0	0.0	0
1339	23665	1.0	1.0	0.0	0
1340	23683	1.0	1.0	0.0	0
1341	23699	1.0	1.0	0.0	0
1342	23715	1.0	1.0	0.0	0
1343	23733	1.0	1.0	0.0	0
1344	23748	1.0	1.0	0.0	0
1345	23766	1.0	1.0	0.0	0
1346	23782	1.0	1.0	0.0	0
1347	23799	1.0	1.0	0.0	0
1348	23816	1.0	1.0	0.0	0
1349	23833	1.0	1.0	0.0	0
1350	23849	1.0	1.0	0.0	0
1351	23865	1.0	1.0	0.0	0
1352	23883	1.0	1.0	0.0	0
1353	23900	1.0	1.0	0.0	0
1354	23915	1.0	1.0	0.0	0
1355	23932	1.0	1.0	0.0	0
1356	23948	1.0	1.0	0.0	0
1357	23965	1.0	1.0	0.0	0
1358	23982	1.0	1.0	0.0	0
1359	23998	1.0	1.0	0.0	0
1360	24015	1.0	1.0	0.0	0
1361	24033	1.0	1.0	0.0	0
1362	24049	1.0	1.0	0.0	0
1363	24065	1.0	1.0	0.0	0
1364	24082	1.0	1.0	0.0	0
1365	24098	1.0	1.0	0.0	0
1366	24115	1.0	1.0	0.0	0
1367	24132	1.0	1.0	0.0	0
1368	24149	1.0	1.0	0.0	0
1369	24165	1.0	1.0	0.0	0
1370	24182	1.0	1.0	0.0	0
1371	24199	1.0	1.0	0.0	0
1372	24215	1.0	1.0	0.0	0
1373	24233	1.0	1.0	0.0	0
1374	24249	1.0	1.0	0.0	0
1375	24265	1.0	1.0	0.0	0
1376	24282	1.0	1.0	0.0	0
1377	24298	1.0	1.0	0.0	0
1378	24315	1.0	1.0	0.0	0
1379	24332	1.0	1.0	0.0	0
1380	24348	1.0	1.0	0.0	0
1381	24366	1.0	1.0	0.0	0
1382	24382	1.0	1.0	0.0	0
1383	24398	1.0	1.0	0.0	0
1384	24414	1.0	1.0	0.0	0
1385	24433	1.0	1.0	0.0	0
1386	24449	1.0	1.0	0.0	0
1387	24465	1.0	1.0	0.0	0
1388	24483	1.0	1.0	0.0	0
1389	24498	1.0	1.0	0.0	0
1390	24515	1.0	1.0	0.0	0
1391	24532	1.0	1.0	0.0	0
1392	24548	1.0	1.0	0.0	0
1393	24566	1.0	1.0	0.0	0
1394	24582	1.0	1.0	0.0	0
1395	24600	1.0	1.0	0.0	0
1396	24615	1.0	1.0	0.0	0
1397	24632	1.0	1.0	0.0	0
1398	24648	1.0	1.0	0.0	0
1399	24665	1.0	1.0	0.0	0
1400	24682	1.0	1.0	0.0	0
1401	24698	1.0	1.0	0.0	0
1402	24715	1.0	1.0	0.0	0
1403	24732	1.0	1.0	0.0	0
1404	24749	1.0	1.0	0.0	0
1405	24765	1.0	1.0	0.0	0
1406	24782	1.0	1.0	0.0	0
1407	24798	1.0	1.0	0.0	0
1408	24815	1.0	1.0	0.0	0
1409	24831	1.0	1.0	0.0	0
1410	24848	1.0	1.0	0.0	0
1411	24864	1.0	1.0	0.0	0
1412	24883	1.0	1.0	0.0	0
1413	24898	1.0	1.0	0.0	0
1414	24916	1.0	1.0	0.0	0
1415	24932	1.0	1.0	0.0	0
1416	24948	1.0	1.0	0.0	0
1417	24965	1.0	1.0	0.0	0
1418	24981	1.0	1.0	0.0	0
1419	24998	1.0	1.0	0.0	0
1420	25015	1.0	1.0	0.0	0
1421	25032	1.0	1.0	0.0	0
1422	25048	1.0	1.0	0.0	0
1423	25065	1.0	1.0	0.0	0
1424	25082	1.0	1.0	0.0	0
1425	25098	1.0	1.0	0.0	0
1426	25116	1.0	1.0	0.0	0
1427	25132	1.0	1.0	0.0	0
1428	25150	1.0	1.0	0.0	0
1429	25165	1.0	1.0	0.0	0
1430	25182	1.0	1.0	0.0	0
1431	25198	1.0	1.0	0.0	0
1432	25215	1.0	1.0	0.0	0
1433	25232	1.0	1.0	0.0	0
1434	25248	1.0	1.0	0.0	0
1435	25265	1.0	1.0	0.0	0
1436	25282	1.0	1.0	0.0	0
1437	25299	1.0	1.0	0.0	0
1438	25316	1.0	1.0	0.0	0
1439	25331	1.0	1.0	0.0	0
1440	25348	1.0	1.0	0.0	0
1441	25365	1.0	1.0	0.0	0
1442	25382	1.0	1.0	0.0	0
1443	25398	1.0	1.0	0.0	0
1444	25416	1.0	1.0	0.0	0
1445	25432	1.0	1.0	0.0	0
1446	25449	1.0	1.0	0.0	0
1447	25465	1.0	1.0	0.0	0
1448	25482	1.0	1.0	0.0	0
1449	25498	1.0	1.0	0.0	0
1450	25516	1.0	1.0	0.0	0
1451	25532	1.0	1.0	0.0	0
1452	25549	1.0	1.0	0.0	0
1453	25565	1.0	1.0	0.0	0
1454	25583	1.0	1.0	0.0	0
1455	25600	1.0	1.0	0.0	0
1456	25615	1.0	1.0	0.0	0
1457	25632	1.0	1.0	0.0	0
1458	25648	1.0	1.0	0.0	0
1459	25666	1.0	1.0	0.0	0
1460	25682	1.0	1.0	0.0	0
1461	25699	1.0	1.0	0.0	0
1462	25715	1.0	1.0	0.0	0
1463	25732	1.0	1.0	0.0	0
1464	25748	1.0	1.0	0.0	0
1465	25765	1.0	1.0	0.0	0
1466	25782	1.0	1.0	0.0	0
1467	25798	1.0	1.0	0.0	0
1468	25815	1.0	1.0	0.0	0
1469	25833	1.0	1.0	0.0	0
1470	25850	1.0	1.0	0.0	0
1471	25865	1.0	1.0	0.0	0
1472	25881	1.0	1.0	0.0	0
1473	25898	1.0	1.0	0.0	0
1474	25915	1.0	1.0	0.0	0
1475	25933	1.0	1.0	0.0	0
1476	25948	1.0	1.0	0.0	0
1477	25967	1.0	1.0	0.0	0
1478	25982	1.0	1.0	0.0	0
1479	25998	1.0	1.0	0.0	0
1480	26015	1.0	1.0	0.0	0
1481	26032	1.0	1.0	0.0	0
1482	26048	1.0	1.0	0.0	0
1483	26064	1.0	1.0	0.0	0
1484	26081	1.0	1.0	0.0	0
1485	26098	1.0	1.0	0.0	0
1486	26116	1.0	1.0	0.0	0
1487	26132	1.0	1.0	0.0	0
1488	26149	1.0	1.0	0.0	0
1489	26165	1.0	1.0	0.0	0
1490	26183	1.0	1.0	0.0	0
1491	26198	1.0	1.0	0.0	0
1492	26215	1.0	1.0	0.0	0
1493	26233	1.0	1.0	0.0	0
1494	26250	1.0	1.0	0.0	0
1495	26266	1.0	1.0	0.0	0
1496	26282	1.0	1.0	0.0	0
1497	26299	1.0	1.0	0.0	0
1498	26316	1.0	1.0	0.0	0
1499	26333	1.0	1.0	0.0	0
1500	26350	1.0	1.0	0.0	0
1501	26365	1.0	1.0	0.0	0
1502	26382	1.0	1.0	0.0	0
1503	26398	1.0	1.0	0.0	0
1504	26415	1.0	1.0	0.0	0
1505	26432	1.0	1.0	0.0	0
1506	26448	1.0	1.0	0.0	0
1507	26465	1.0	1.0	0.0	0
1508	26481	1.0	1.0	0.0	0
1509	26499	1.0	1.0	0.0	0
1510	26515	1.0	1.0	0.0	0
1511	26532	1.0	1.0	0.0	0
1512	26549	1.0	1.0	0.0	0
1513	26564	1.0	1.0	0.0	0
1514	26581	1.0	1.0	0.0	0
1515	26599	1.0	1.0	0.0	0
1516	26615	1.0	1.0	0.0	0
1517	26632	1.0	1.0	0.0	0
1518	26649	1.0	1.0	0.0	0
1519	26665	1.0	1.0	0.0	0
1520	26682	1.0	1.0	0.0	0
1521	26699	1.0	1.0	0.0	0
1522	26714	1.0	1.0	0.0	0
1523	26732	1.0	1.0	0.0	0
1524	26749	1.0	1.0	0.0	0
1525	26766	1.0	1.0	0.0	0
1526	26782	1.0	1.0	0.0	0
1527	26798	1.0	1.0	0.0	0
1528	26815	1.0	1.0	0.0	0
1529	26832	1.0	1.0	0.0	0
1530	26848	1.0	1.0	0.0	0
1531	26865	1.0	1.0	0.0	0
1532	26882	1.0	1.0	0.0	0
1533	26899	1.0	1.0	0.0	0
1534	26915	1.0	1.0	0.0	0
1535	26932	1.0	1.0	0.0	0
1536	26949	1.0	1.0	0.0	0
1537	26965	1.0	1.0	0.0	0
1538	26982	1.0	1.0	0.0	0
1539	26999	1.0	1.0	0.0	0
1540	27015	1.0	1.0	0.0	0
1541	27032	1.0	1.0	0.0	0
1542	27049	1.0	1.0	0.0	0
1543	27065	1.0	1.0	0.0	0
1544	27082	1.0	1.0	0.0	0
1545	27098	1.0	1.0	0.0	0
1546	27114	1.0	1.0	0.0	0
1547	27132	1.0	1.0	0.0	0
1548	27149	1.0	1.0	0.0	0
1549	27165	1.0	1.0	0.0	0
1550	27182	1.0	1.0	0.0	0
1551	27198	1.0	1.0	0.0	0
1552	27215	1.0	1.0	0.0	0
1553	27232	1.0	1.0	0.0	0
1554	27249	1.0	1.0	0.0	0
1555	27264	1.0	1.0	0.0	0
1556	27283	1.0	1.0	0.0	0
1557	27298	1.0	1.0	0.0	0
1558	27315	1.0	1.0	0.0	0
1559	27333	1.0	1.0	0.0	0
1560	27350	1.0	1.0	0.0	0
1561	27365	1.0	1.0	0.0	0
1562	27382	1.0	1.0	0.0	0
1563	27398	1.0	1.0	0.0	0
1564	27415	1.0	1.0	0.0	0
1565	27432	1.0	1.0	0.0	0
1566	27448	1.0	1.0	0.0	0
1567	27465	1.0	1.0	0.0	0
1568	27482	1.0	1.0	0.0	0
1569	27499	1.0	1.0	0.0	0
1570	27515	1.0	1.0	0.0	0
1571	27532	1.0	1.0	0.0	0
1572	27549	1.0	1.0	0.0	0
1573	27565	1.0	1.0	0.0	0
1574	27582	1.0	1.0	0.0	0
1575	27598	1.0	1.0	0.0	0
1576	27616	1.0	1.0	0.0	0
1577	27631	1.0	1.0	0.0	0
1578	27649	1.0	1.0	0.0	0
1579	27665	1.0	1.0	0.0	0
1580	27682	1.0	1.0	0.0	0
1581	27699	1.0	1.0	0.0	0
1582	27716	1.0	1.0	0.0	0
1583	27732	1.0	1.0	0.0	0
1584	27748	1.0	1.0	0.0	0
1585	27765	1.0	1.0	0.0	0
1586	27782	1.0	1.0	0.0	0
1587	27798	1.0	1.0	0.0	0
1588	27815	1.0	1.0	0.0	0
1589	27832	1.0	1.0	0.0	0
1590	27850	1.0	1.0	0.0	0
1591	27865	1.0	1.0	0.0	0
1592	27883	1.0	1.0	0.0	0
1593	27898	1.0	1.0	0.0	0
1594	27915	1.0	1.0	0.0	0
1595	27933	1.0	1.0	0.0	0
1596	27949	1.0	1.0	0.0	0
1597	27965	1.0	1.0	0.0	0
1598	27982	1.0	1.0	0.0	0
1599	27998	1.0	1.0	0.0	0
1600	28015	1.0	1.0	0.0	0
1601	28032	1.0	1.0	0.0	0
1602	28048	1.0	1.0	0.0	0
1603	28065	1.0	1.0	0.0	0
1604	28082	1.0	1.0	0.0	0
1605	28099	1.0	1.0	0.0	0
1606	28116	1.0	1.0	0.0	0
1607	28132	1.0	1.0	0.0	0
1608	28148	1.0	1.0	0.0	0
1609	28165	1.0	1.0	0.0	0
1610	28183	1.0	1.0	0.0	0
1611	28200	1.0	1.0	0.0	0
1612	28215	1.0	1.0	0.0	0
1613	28233	1.0	1.0	0.0	0
1614	28248	1.0	1.0	0.0	0
1615	28265	1.0	1.0	0.0	0
1616	28282	1.0	1.0	0.0	0
1617	28299	1.0	1.0	0.0	0
1618	28315	1.0	1.0	0.0	0
1619	28331	1.0	1.0	0.0	0
1620	28348	1.0	1.0	0.0	0
1621	28366	1.0	1.0	0.0	0
1622	28382	1.0	1.0	0.0	0
1623	28399	1.0	1.0	0.0	0
1624	28416	1.0	1.0	0.0	0
1625	28431	1.0	1.0	0.0	0
1626	28449	1.0	1.0	0.0	0
1627	28465	1.0	1.0	0.0	0
1628	28483	1.0	1.0	0.0	0
1629	28498	1.0	1.0	0.0	0
1630	28515	1.0	1.0	0.0	0
1631	28532	1.0	1.0	0.0	0
1632	28548	1.0	1.0	0.0	0
1633	28565	1.0	1.0	0.0	0
1634	28582	1.0	1.0	0.0	0
1635	28598	1.0	1.0	0.0	0
1636	28615	1.0	1.0	0.0	0
1637	28631	1.0	1.0	0.0	0
1638	28648	1.0	1.0	0.0	0