1	1359	1.0	1.0	0.0	0
2	1400	1.0	1.0	0.0	0
3	1431	1.0	1.0	0.0	0
4	1461	1.0	1.0	0.0	0
5	1491	1.0	1.0	0.0	0
6	1520	1.0	1.0	0.0	0
7	1551	1.0	1.0	0.0	0
8	1581	1.0	1.0	0.0	0
9	1611	1.0	1.0	0.0	0
10	1642	1.0	1.0	0.0	0
11	1674	1.0	1.0	0.0	0
12	1703	1.0	1.0	0.0	0
13	1733	1.0	1.0	0.0	0
14	1762	1.0	1.0	0.0	0
15	1792	1.0	1.0	0.0	0
16	1822	1.0	1.0	0.0	0
17	1851	1.0	1.0	0.0	0
18	1881	1.0	1.0	0.0	0
19	1911	1.0	1.0	0.0	0
20	1941	1.0	1.0	0.0	0
21	1972	1.0	1.0	0.0	0
22	2003	1.0	1.0	0.0	0
23	2033	1.0	1.0	0.0	0
24	2066	1.0	1.0	0.0	0
25	2096	1.0	1.0	0.0	0
26	2127	1.0	1.0	0.0	0
27	2158	1.0	1.0	0.0	0
28	2187	1.0	1.0	0.0	0
29	2218	1.0	1.0	0.0	0
30	2248	1.0	1.0	0.0	0
31	2278	1.0	1.0	0.0	0
32	2307	1.0	1.0	0.0	0
33	2337	1.0	1.0	0.0	0
34	2367	1.0	1.0	0.0	0
35	2397	1.0	1.0	0.0	0
36	2427	1.0	1.0	0.0	0
37	2455	1.0	1.0	0.0	0
38	2485	1.0	1.0	0.0	0
39	2515	1.0	1.0	0.0	0
40	2544	1.0	1.0	0.0	0
41	2575	1.0	1.0	0.0	0
42	2603	1.0	1.0	0.0	0
43	2632	1.0	1.0	0.0	0
44	2662	1.0	1.0	0.0	0
45	2693	1.0	1.0	0.0	0
46	2723	1.0	1.0	0.0	0
47	2752	1.0	1.0	0.0	0
48	2782	1.0	1.0	0.0	0
49	2811	1.0	1.0	0.0	0
50	2841	1.0	1.0	0.0	0
51	2870	1.0	1.0	0.0	0
52	2900	1.0	1.0	0.0	0
53	2929	1.0	1.0	0.0	0
54	2959	1.0	1.0	0.0	0
55	2989	1.0	1.0	0.0	0
56	3017	1.0	1.0	0.0	0
57	3048	1.0	1.0	0.0	0
58	3078	1.0	1.0	0.0	0
59	3108	1.0	1.0	0.0	0
60	3138	1.0	1.0	0.07820137	1
61	3168	527.0	391.0	0.09188661	1
62	3200	527.0	391.0	0.10068426	1
63	3230	526.0	391.0	0.11045943	1
64	3260	526.0	391.0	0.14565004	1
65	3290	526.0	391.0	0.16715543	1
66	3320	526.0	391.0	0.19550343	1
67	3350	526.0	391.0	0.22189638	1
68	3380	526.0	391.0	0.25610948	1
69	3412	526.0	391.0	0.2913001	1
70	3442	526.0	391.0	0.33333334	1
71	3472	526.0	392.0	0.37243402	1
72	3501	526.0	392.0	0.43304008	1
73	3529	526.0	392.0	0.48875856	1
74	3560	526.0	392.0	0.56793743	1
75	3589	526.0	392.0	0.6168133	1
76	3619	526.0	392.0	0.62561095	1
77	3648	526.0	392.0	0.62561095	1
78	3678	526.0	392.0	0.51710653	1
79	3707	526.0	392.0	0.27761486	1
80	3735	526.0	392.0	0.1603128	1
81	3765	526.0	392.0	0.0	0
82	3793	526.0	392.0	0.0	0
83	3824	526.0	392.0	0.0	0
84	3853	526.0	392.0	0.0	0
85	3883	526.0	392.0	0.0	0
86	3913	526.0	392.0	0.0	0
87	3941	526.0	392.0	0.0	0
88	3971	526.0	392.0	0.0	0
89	4000	526.0	392.0	0.0	0
90	4031	526.0	392.0	0.0	0
91	4061	526.0	392.0	0.0	0
92	4090	526.0	392.0	0.0	0
93	4120	526.0	392.0	0.0	0
94	4149	526.0	392.0	0.0	0
95	4179	526.0	392.0	0.0	0
96	4208	526.0	392.0	0.0	0
97	4238	526.0	392.0	0.058651026	1
98	4267	524.0	370.0	0.09970675	1
99	4297	524.0	370.0	0.12316716	1
100	4327	524.0	370.0	0.14369501	1
101	4357	524.0	370.0	0.1544477	1
102	4386	524.0	370.0	0.16129032	1
103	4415	524.0	370.0	0.16422288	1
104	4446	524.0	370.0	0.16715543	1
105	4475	524.0	370.0	0.17008798	1
106	4504	524.0	370.0	0.17595308	1
107	4533	524.0	370.0	0.17693059	1
108	4563	524.0	370.0	0.17693059	1
109	4593	524.0	370.0	0.18084067	1
110	4623	524.0	370.0	0.18963832	1
111	4652	524.0	370.0	0.19745846	1
112	4682	524.0	370.0	0.2062561	1
113	4712	524.0	370.0	0.22678398	1
114	4742	524.0	370.0	0.23167156	1
115	4772	524.0	370.0	0.24144672	1
116	4802	524.0	370.0	0.25610948	1
117	4831	524.0	370.0	0.26979473	1
118	4860	524.0	370.0	0.2737048	1
119	4889	524.0	370.0	0.28347996	1
120	4919	524.0	370.0	0.28836754	1
121	4948	524.0	370.0	0.3030303	1
122	4995	524.0	370.0	0.32942328	1
123	5023	524.0	370.0	0.3489736	1
124	5053	524.0	370.0	0.36950147	1
125	5082	524.0	370.0	0.38123167	1
126	5111	524.0	370.0	0.3998045	1
127	5141	524.0	370.0	0.41544476	1
128	5171	524.0	370.0	0.43304008	1
129	5201	524.0	370.0	0.47214076	1
130	5231	524.0	370.0	0.50537634	1
131	5261	524.0	370.0	0.5268817	1
132	5290	524.0	370.0	0.542522	1
133	5319	524.0	370.0	0.572825	1
134	5350	524.0	370.0	0.6001955	1
135	5379	524.0	370.0	0.6461388	1
136	5408	524.0	370.0	0.68914956	1
137	5438	524.0	370.0	0.73313785	1
138	5467	524.0	370.0	0.7614858	1
139	5496	524.0	370.0	0.771261	1
140	5527	524.0	370.0	0.7937439	1
141	5557	524.0	370.0	0.8308895	1
142	5586	524.0	370.0	0.8621701	1
143	5616	524.0	370.0	0.88367546	1
144	5645	524.0	370.0	0.8856305	1
145	5675	524.0	370.0	0.88856304	1
146	5705	524.0	370.0	0.89051807	1
147	5735	524.0	370.0	0.8924731	1
148	5764	524.0	370.0	0.8924731	1
149	5794	524.0	370.0	0.89638317	1
150	5823	524.0	370.0	0.89638317	1
151	5852	524.0	370.0	0.8983382	1
152	5882	524.0	370.0	0.8983382	1
153	5911	524.0	370.0	0.8983382	1
154	5941	524.0	370.0	0.8924731	1
155	5970	524.0	370.0	0.38807428	1
156	6000	524.0	370.0	0.18084067	1
157	6029	524.0	370.0	0.121212125	1
158	6058	524.0	370.0	0.052785926	0
159	6087	524.0	370.0	0.0	0
160	6118	524.0	370.0	0.0	0
161	6147	524.0	370.0	0.0	0
162	6178	524.0	370.0	0.0	0
163	6208	524.0	370.0	0.0	0
164	6238	524.0	370.0	0.0	0
165	6267	524.0	370.0	0.0	0
166	6296	524.0	370.0	0.0	0
167	6326	524.0	370.0	0.0	0
168	6356	524.0	370.0	0.0	0
169	6385	524.0	370.0	0.0	0
170	6414	524.0	370.0	0.09188661	1
171	6443	530.0	365.0	0.1368524	1
172	6474	530.0	365.0	0.16813295	1
173	6503	530.0	365.0	0.20527859	1
174	6532	530.0	365.0	0.23851417	1
175	6561	530.0	365.0	0.2737048	1
176	6591	530.0	365.0	0.30987293	1
177	6622	530.0	365.0	0.34604105	1
178	6650	530.0	365.0	0.38514173	1
179	6681	530.0	365.0	0.427175	1
180	6710	530.0	365.0	0.45747802	1
181	6740	530.0	365.0	0.48582602	1
182	6769	530.0	365.0	0.5083089	1
183	6798	530.0	365.0	0.5356794	1
184	6829	530.0	365.0	0.55718476	1
185	6857	530.0	365.0	0.5650049	1
186	6886	530.0	365.0	0.57087	1
187	6915	530.0	365.0	0.5796676	1
188	6945	530.0	365.0	0.5855327	1
189	6975	530.0	365.0	0.597263	1
190	7005	530.0	365.0	0.60117304	1
191	7034	530.0	365.0	0.6050831	1
192	7065	530.0	365.0	0.6050831	1
193	7094	530.0	365.0	0.60703814	1
194	7124	530.0	365.0	0.60703814	1
195	7152	530.0	365.0	0.6119257	1
196	7183	530.0	365.0	0.6119257	1
197	7212	530.0	365.0	0.58748776	1
198	7241	529.0	365.0	0.53861195	1
199	7269	527.0	365.0	0.4848485	1
200	7299	525.0	365.0	0.4183773	1
201	7329	522.0	365.0	0.40273705	1
202	7359	520.0	364.0	0.40371457	1
203	7389	518.0	364.0	0.40469208	1
204	7417	516.0	363.0	0.4056696	1
205	7447	514.0	363.0	0.40664712	1
206	7477	510.0	362.0	0.41055718	1
207	7506	507.0	360.0	0.4125122	1
208	7536	503.0	359.0	0.41446725	1
209	7564	500.0	357.0	0.41544476	1
210	7595	497.0	355.0	0.41642228	1
211	7624	494.0	352.0	0.40957966	1
212	7653	490.0	349.0	0.40762463	1
213	7682	487.0	346.0	0.398827	1
214	7713	484.0	342.0	0.39100686	1
215	7743	481.0	337.0	0.3890518	1
216	7772	479.0	333.0	0.36656892	1
217	7802	477.0	330.0	0.35190615	1
218	7831	476.0	326.0	0.342131	1
219	7861	475.0	323.0	0.33235583	1
220	7890	474.0	319.0	0.32844576	1
221	7919	474.0	315.0	0.32746822	1
222	7949	474.0	313.0	0.3206256	1
223	7979	475.0	308.0	0.31280547	1
224	8008	477.0	303.0	0.3088954	1
225	8038	479.0	299.0	0.30596286	1
226	8067	481.0	295.0	0.3030303	1
227	8098	484.0	292.0	0.30107528	1
228	8129	487.0	288.0	0.29912025	1
229	8159	491.0	285.0	0.29618767	1
230	8188	495.0	281.0	0.2922776	1
231	8218	499.0	278.0	0.28445747	1
232	8248	504.0	275.0	0.27663735	1
233	8277	509.0	273.0	0.2639296	1
234	8307	512.0	272.0	0.25904202	1
235	8336	516.0	271.0	0.25610948	1
236	8368	520.0	270.0	0.24926686	1
237	8401	525.0	270.0	0.2453568	1
238	8431	529.0	270.0	0.24340177	1
239	8462	533.0	270.0	0.24144672	1
240	8493	536.0	272.0	0.23851417	1
241	8525	539.0	274.0	0.23949169	1
242	8555	542.0	276.0	0.2404692	1
243	8586	543.0	277.0	0.24242425	1
244	8618	544.0	278.0	0.14662756	1
245	8649	545.0	279.0	0.0	0
246	8678	545.0	279.0	0.0	0
247	8707	545.0	279.0	0.0	0
248	8736	545.0	279.0	0.0	0
249	8765	545.0	279.0	0.0	0
250	8796	545.0	279.0	0.0	0
251	8825	545.0	279.0	0.0	0
252	8855	545.0	279.0	0.0	0
253	8885	545.0	279.0	0.0	0
254	8914	545.0	279.0	0.0	0
255	8943	545.0	279.0	0.0	0
256	8973	545.0	279.0	0.0	0
257	9004	545.0	279.0	0.0	0
258	9033	545.0	279.0	0.0	0
259	9062	545.0	279.0	0.0	0
260	9093	545.0	279.0	0.0	0
261	9122	545.0	279.0	0.0	0
262	9151	545.0	279.0	0.0	0
263	9180	545.0	279.0	0.0	0
264	9209	545.0	279.0	0.0	0
265	9239	545.0	279.0	0.0	0
266	9267	545.0	279.0	0.0	0
267	9298	545.0	279.0	0.0	0
268	9329	545.0	279.0	0.0	0
269	9359	545.0	279.0	0.0	0
270	9388	545.0	279.0	0.0	0
271	9417	545.0	279.0	0.0	0
272	9447	545.0	279.0	0.0	0
273	9478	545.0	279.0	0.0	0
274	9506	545.0	279.0	0.0	0
275	9536	545.0	279.0	0.0	0
276	9565	545.0	279.0	0.0	0
277	9596	545.0	279.0	0.0	0
278	9625	545.0	279.0	0.0	0
279	9655	545.0	279.0	0.08504399	1
280	9683	539.0	275.0	0.17790811	1
281	9714	539.0	275.0	0.2521994	1
282	9743	536.0	273.0	0.27663735	1
283	9773	532.0	269.0	0.2737048	1
284	9802	529.0	262.0	0.27565983	1
285	9832	528.0	254.0	0.27077225	1
286	9862	529.0	243.0	0.2639296	1
287	9893	533.0	235.0	0.26686218	1
288	9923	537.0	230.0	0.26490712	1
289	9952	544.0	224.0	0.2629521	1
290	9982	553.0	220.0	0.25904202	1
291	10011	562.0	217.0	0.2580645	1
292	10041	571.0	215.0	0.2521994	1
293	10071	580.0	214.0	0.24242425	1
294	10100	587.0	217.0	0.23753665	1
295	10130	593.0	222.0	0.23851417	1
296	10160	596.0	229.0	0.2404692	1
297	10190	597.0	238.0	0.24144672	1
298	10221	598.0	246.0	0.2453568	1
299	10250	599.0	256.0	0.24926686	1
300	10279	597.0	267.0	0.24731183	1
301	10309	591.0	278.0	0.24828935	1
302	10339	586.0	284.0	0.26099706	1
303	10368	580.0	291.0	0.26979473	1
304	10398	574.0	298.0	0.28445747	1
305	10429	571.0	301.0	0.31573802	1
306	10458	568.0	303.0	0.3304008	1
307	10488	567.0	304.0	0.33919844	1
308	10517	566.0	305.0	0.34604105	1
309	10546	566.0	305.0	0.3489736	1
310	10576	566.0	305.0	0.34995112	1
311	10605	566.0	305.0	0.35190615	1
312	10635	566.0	305.0	0.36656892	1
313	10664	566.0	305.0	0.3939394	1
314	10694	566.0	305.0	0.39491692	1
315	10722	565.0	305.0	0.39491692	1
316	10751	564.0	305.0	0.39100686	1
317	10781	563.0	305.0	0.38709676	1
318	10811	563.0	305.0	0.3831867	1
319	10840	563.0	305.0	0.38025415	1
320	10869	563.0	305.0	0.37536657	1
321	10899	563.0	305.0	0.36265886	1
322	10929	563.0	305.0	0.35190615	1
323	10958	563.0	305.0	0.342131	1
324	10988	563.0	305.0	0.33822092	1
325	11017	563.0	305.0	0.34115347	1
326	11046	563.0	305.0	0.3489736	1
327	11076	563.0	305.0	0.3548387	1
328	11104	562.0	305.0	0.35679373	1
329	11135	560.0	305.0	0.36070383	1
330	11164	557.0	305.0	0.3597263	1
331	11194	552.0	306.0	0.35092863	1
332	11222	544.0	311.0	0.3362659	1
333	11252	537.0	318.0	0.32942328	1
334	11280	531.0	327.0	0.31671554	1
335	11310	527.0	338.0	0.31671554	1
336	11340	526.0	347.0	0.31769305	1
337	11370	525.0	358.0	0.3196481	1
338	11399	528.0	371.0	0.3196481	1
339	11430	536.0	383.0	0.313783	1
340	11459	547.0	394.0	0.3147605	1
341	11489	557.0	403.0	0.31573802	1
342	11518	568.0	407.0	0.3206256	1
343	11548	577.0	408.0	0.32942328	1
344	11579	589.0	407.0	0.33333334	1
345	11607	598.0	401.0	0.33333334	1
346	11638	603.0	394.0	0.3489736	1
347	11668	605.0	385.0	0.37341154	1
348	11699	606.0	371.0	0.38514173	1
349	11728	604.0	354.0	0.39784947	1
350	11758	598.0	339.0	0.40762463	1
351	11788	591.0	326.0	0.427175	1
352	11817	581.0	317.0	0.43597263	1
353	11847	575.0	313.0	0.44965786	1
354	11876	567.0	309.0	0.4682307	1
355	11905	559.0	306.0	0.4623656	1
356	11934	552.0	305.0	0.46041057	1
357	11964	547.0	305.0	0.44770283	1
358	11995	544.0	305.0	0.45063537	1
359	12024	543.0	305.0	0.4457478	1
360	12054	542.0	306.0	0.4408602	1
361	12084	542.0	306.0	0.4349951	1
362	12114	542.0	306.0	0.42521995	1
363	12143	542.0	306.0	0.38025415	1
364	12172	542.0	306.0	0.19745846	1
365	12203	542.0	306.0	0.0	0
366	12233	542.0	306.0	0.0	0
367	12261	542.0	306.0	0.0	0
368	12291	542.0	306.0	0.0	0
369	12319	542.0	306.0	0.0	0
370	12349	542.0	306.0	0.0	0
371	12378	542.0	306.0	0.0	0
372	12407	542.0	306.0	0.0	0
373	12436	542.0	306.0	0.0	0
374	12466	542.0	306.0	0.0	0
375	12496	542.0	306.0	0.0	0
376	12525	542.0	306.0	0.0	0
377	12555	542.0	306.0	0.0	0
378	12585	542.0	306.0	0.0	0
379	12616	542.0	306.0	0.0	0
380	12647	542.0	306.0	0.0	0
381	12678	542.0	306.0	0.0	0
382	12708	542.0	306.0	0.10166178	1
383	12739	554.0	302.0	0.16617791	1
384	12769	553.0	301.0	0.17399804	1
385	12799	555.0	304.0	0.17888562	1
386	12829	564.0	310.0	0.2062561	1
387	12858	575.0	316.0	0.2228739	1
388	12887	587.0	319.0	0.2346041	1
389	12917	598.0	320.0	0.25513196	1
390	12947	608.0	317.0	0.26881722	1
391	12977	618.0	310.0	0.2746823	1
392	13005	628.0	301.0	0.28347996	1
393	13035	634.0	295.0	0.29325512	1
394	13064	640.0	286.0	0.30498534	1
395	13094	645.0	275.0	0.31085044	1
396	13123	649.0	265.0	0.32258064	1
397	13152	651.0	256.0	0.3196481	1
398	13181	652.0	245.0	0.3079179	1
399	13212	653.0	237.0	0.313783	1
400	13242	654.0	230.0	0.3264907	1
401	13272	652.0	222.0	0.30694038	1
402	13301	645.0	214.0	0.29521015	1
403	13330	637.0	209.0	0.31867057	1
404	13359	633.0	208.0	0.32160312	1
405	13388	625.0	207.0	0.31182796	1
406	13417	617.0	211.0	0.30400783	1
407	13447	611.0	216.0	0.3079179	1
408	13476	603.0	223.0	0.313783	1
409	13505	597.0	230.0	0.31573802	1
410	13535	593.0	235.0	0.32453567	1
411	13564	588.0	241.0	0.3264907	1
412	13593	584.0	247.0	0.32355815	1
413	13623	582.0	253.0	0.3196481	1
414	13652	580.0	263.0	0.31867057	1
415	13682	579.0	271.0	0.32160312	1
416	13712	578.0	277.0	0.32160312	1
417	13742	578.0	285.0	0.32258064	1
418	13770	579.0	291.0	0.3206256	1
419	13801	581.0	294.0	0.12707722	1
420	13830	582.0	295.0	0.0	0
421	13860	582.0	295.0	0.0	0
422	13889	582.0	295.0	0.0	0
423	13919	582.0	295.0	0.0	0
424	13949	582.0	295.0	0.0	0
425	13979	582.0	295.0	0.0	0
426	14008	582.0	295.0	0.0	0
427	14038	582.0	295.0	0.0	0
428	14066	582.0	295.0	0.0	0
429	14097	582.0	295.0	0.0	0
430	14126	582.0	295.0	0.0	0
431	14155	582.0	295.0	0.0	0
432	14185	582.0	295.0	0.0	0
433	14214	582.0	295.0	0.0	0
434	14243	582.0	295.0	0.0	0
435	14273	582.0	295.0	0.0	0
436	14303	582.0	295.0	0.0	0
437	14333	582.0	295.0	0.0	0
438	14362	582.0	295.0	0.0	0
439	14393	582.0	295.0	0.0	0
440	14422	582.0	295.0	0.0	0
441	14452	582.0	295.0	0.0	0
442	14482	582.0	295.0	0.0	0
443	14511	582.0	295.0	0.0	0
444	14541	582.0	295.0	0.0	0
445	14570	582.0	295.0	0.0	0
446	14600	582.0	295.0	0.09188661	1
447	14628	515.0	401.0	0.16617791	1
448	14658	518.0	390.0	0.1827957	1
449	14687	526.0	374.0	0.23264907	1
450	14716	535.0	360.0	0.2795699	1
451	14746	550.0	337.0	0.29716522	1
452	14776	569.0	315.0	0.3020528	1
453	14805	586.0	297.0	0.27859238	1
454	14835	596.0	286.0	0.0	1
455	14865	597.0	284.0	0.0	0
456	14894	597.0	284.0	0.0	0
457	14923	597.0	284.0	0.0	0
458	14952	597.0	284.0	0.0	0
459	14982	597.0	284.0	0.0	0
460	15011	597.0	284.0	0.0	0
461	15041	597.0	284.0	0.0	0
462	15070	597.0	284.0	0.13294233	1
463	15101	538.0	365.0	0.17497556	1
464	15131	566.0	335.0	0.1994135	1
465	15161	590.0	313.0	0.14662756	1
466	15191	614.0	294.0	0.0	0
467	15223	614.0	294.0	0.0	0
468	15251	614.0	294.0	0.0	0
469	15281	614.0	294.0	0.0	0
470	15309	614.0	294.0	0.0	0
471	15340	614.0	294.0	0.0	0
472	15369	614.0	294.0	0.0	0
473	15400	614.0	294.0	0.0	1
474	15430	563.0	384.0	0.1994135	1
475	15459	564.0	383.0	0.2913001	1
476	15490	604.0	340.0	0.30694038	1
477	15519	624.0	320.0	0.1368524	1
478	15549	639.0	305.0	0.0	0
479	15578	639.0	305.0	0.0	0
480	15607	639.0	305.0	0.0	0
481	15637	639.0	305.0	0.0	0
482	15667	639.0	305.0	0.0	0
483	15697	639.0	305.0	0.23655914	1
484	15727	616.0	354.0	0.32160312	1
485	15757	644.0	332.0	0.33528838	1
486	15785	665.0	314.0	0.10068426	1
487	15816	672.0	308.0	0.0	0
488	15846	672.0	308.0	0.0	0
489	15877	672.0	308.0	0.0	0
490	15906	672.0	308.0	0.0	1
491	15935	651.0	349.0	0.20723362	1
492	15964	652.0	348.0	0.21407625	1
493	15994	701.0	305.0	0.09970675	1
494	16023	715.0	291.0	0.0	0
495	16053	715.0	291.0	0.0	0
496	16082	715.0	291.0	0.0	0
497	16112	715.0	291.0	0.19550343	1
498	16142	688.0	334.0	0.17986315	1
499	16171	689.0	333.0	0.1886608	1
500	16201	746.0	280.0	0.07135875	0
501	16230	746.0	280.0	0.0	0
502	16261	746.0	280.0	0.0	0
503	16289	746.0	280.0	0.0	1
504	16318	726.0	311.0	0.1710655	1
505	16349	727.0	312.0	0.21407625	1
506	16378	769.0	280.0	0.22580644	1
507	16408	786.0	264.0	0.0	0
508	16437	786.0	264.0	0.0	0
509	16468	786.0	264.0	0.0	0
510	16497	786.0	264.0	0.28347996	1
511	16528	749.0	302.0	0.3372434	1
512	16557	791.0	269.0	0.15835777	1
513	16586	810.0	252.0	0.0	0
514	16617	810.0	252.0	0.0	0
515	16647	810.0	252.0	0.0	1
516	16676	758.0	304.0	0.24242425	1
517	16705	757.0	305.0	0.25610948	1
518	16734	796.0	273.0	0.22678398	1
519	16765	804.0	262.0	0.0	0
520	16794	804.0	262.0	0.0	0
521	16822	804.0	262.0	0.0	0
522	16852	804.0	262.0	0.17399804	1
523	16882	734.0	319.0	0.24242425	1
524	16913	779.0	275.0	0.0058651026	1
525	16943	785.0	266.0	0.0	0
526	16972	785.0	266.0	0.0	0
527	17001	785.0	266.0	0.18963832	1
528	17029	751.0	305.0	0.27077225	1
529	17059	752.0	306.0	0.22971652	1
530	17089	804.0	269.0	0.0	0
531	17118	804.0	269.0	0.0	0
532	17147	804.0	269.0	0.0	0
533	17178	804.0	269.0	0.0	0
534	17206	804.0	269.0	0.0	0
535	17236	804.0	269.0	0.0	0
536	17265	804.0	269.0	0.0	0
537	17295	804.0	269.0	0.0	0
538	17350	804.0	269.0	0.0	0
539	17383	804.0	269.0	0.0	0
540	17412	804.0	269.0	0.0	0
541	17442	804.0	269.0	0.0	0
542	17471	804.0	269.0	0.19061583	1
543	17500	685.0	308.0	0.19159335	1
544	17531	684.0	307.0	0.21407625	1
545	17561	614.0	311.0	0.074291304	1
546	17590	585.0	317.0	0.0	0
547	17619	585.0	317.0	0.0	0
548	17649	585.0	317.0	0.0	0
549	17680	585.0	317.0	0.0	0
550	17709	585.0	317.0	0.0	0
551	17739	585.0	317.0	0.0	0
552	17769	585.0	317.0	0.0	0
553	17798	585.0	317.0	0.0	0
554	17829	585.0	317.0	0.0	0
555	17858	585.0	317.0	0.0	0
556	17890	585.0	317.0	0.0	0
557	17919	585.0	317.0	0.0	0
558	17949	585.0	317.0	0.0	0
559	17978	585.0	317.0	0.0	0
560	18007	585.0	317.0	0.0	0
561	18036	585.0	317.0	0.0	0
562	18066	585.0	317.0	0.0	0
563	18097	585.0	317.0	0.0	0
564	18127	585.0	317.0	0.0	0
565	18158	585.0	317.0	0.0	0
566	18189	585.0	317.0	0.0	0
567	18219	585.0	317.0	0.0	0
568	18249	585.0	317.0	0.0	0
569	18279	585.0	317.0	0.0	0
570	18308	585.0	317.0	0.0	0
571	18337	585.0	317.0	0.0	0
572	18366	585.0	317.0	0.0400782	1
573	18396	430.0	285.0	0.07135875	1
574	18426	429.0	284.0	0.06744868	1
575	18456	426.0	283.0	0.08993158	1
576	18485	423.0	283.0	0.08406647	1
577	18514	420.0	283.0	0.08113392	1
578	18543	417.0	285.0	0.08211144	1
579	18573	414.0	287.0	0.08211144	1
580	18603	408.0	290.0	0.0801564	1
581	18633	402.0	294.0	0.08113392	1
582	18663	396.0	298.0	0.08993158	1
583	18695	390.0	303.0	0.09872923	1
584	18724	385.0	309.0	0.09970675	1
585	18754	381.0	314.0	0.10654937	1
586	18783	379.0	317.0	0.10654937	1
587	18813	377.0	323.0	0.10654937	1
588	18842	374.0	330.0	0.10654937	1
589	18872	372.0	337.0	0.10459433	1
590	18902	371.0	343.0	0.10068426	1
591	18932	370.0	349.0	0.095796674	1
592	18961	371.0	356.0	0.09481916	1
593	18990	373.0	360.0	0.09384164	1
594	19020	377.0	366.0	0.09188661	1
595	19050	381.0	371.0	0.08797654	1
596	19079	385.0	374.0	0.08504399	1
597	19108	390.0	377.0	0.08211144	1
598	19138	396.0	379.0	0.07820137	1
599	19169	401.0	380.0	0.07722385	1
600	19200	409.0	381.0	0.07526882	1
601	19229	416.0	381.0	0.074291304	1
602	19259	423.0	380.0	0.076246336	1
603	19289	430.0	380.0	0.07722385	1
604	19318	437.0	380.0	0.076246336	1
605	19348	442.0	383.0	0.07722385	1
606	19380	445.0	388.0	0.08113392	1
607	19409	447.0	394.0	0.08406647	1
608	19439	448.0	400.0	0.08406647	1
609	19469	443.0	409.0	0.08504399	1
610	19498	436.0	416.0	0.08113392	1
611	19529	430.0	421.0	0.074291304	1
612	19558	422.0	426.0	0.055718474	1
613	19589	413.0	432.0	0.024437929	1
614	19618	404.0	438.0	0.051808406	1
615	19648	397.0	444.0	0.055718474	1
616	19679	392.0	452.0	0.051808406	1
617	19708	390.0	463.0	0.052785926	1
618	19738	389.0	472.0	0.051808406	1
619	19768	390.0	478.0	0.048875857	1
620	19798	399.0	488.0	0.027370479	1
621	19829	406.0	490.0	0.032258064	1
622	19859	419.0	491.0	0.035190616	1
623	19888	427.0	492.0	0.038123168	1
624	19918	437.0	489.0	0.05083089	1
625	19949	446.0	484.0	0.062561095	1
626	19978	453.0	477.0	0.07722385	1
627	20009	459.0	469.0	0.086021505	1
628	20038	463.0	461.0	0.088954054	1
629	20068	466.0	452.0	0.095796674	1
630	20098	468.0	443.0	0.10068426	1
631	20128	469.0	433.0	0.10166178	1
632	20160	471.0	425.0	0.10068426	1
633	20188	474.0	421.0	0.09970675	1
634	20219	478.0	417.0	0.09872923	1
635	20251	482.0	415.0	0.097751714	1
636	20280	488.0	414.0	0.097751714	1
637	20309	493.0	414.0	0.09677419	1
638	20338	500.0	414.0	0.09677419	1
639	20368	506.0	414.0	0.097751714	1
640	20400	511.0	414.0	0.09384164	1
641	20428	514.0	416.0	0.09090909	1
642	20457	516.0	419.0	0.09188661	1
643	20486	517.0	422.0	0.09188661	1
644	20516	518.0	427.0	0.086021505	1
645	20546	519.0	433.0	0.086021505	1
646	20576	520.0	438.0	0.086021505	1
647	20606	520.0	444.0	0.086021505	1
648	20634	521.0	448.0	0.08308896	1
649	20665	524.0	451.0	0.08211144	1
650	20696	528.0	454.0	0.08211144	1
651	20727	533.0	455.0	0.08113392	1
652	20756	542.0	456.0	0.0801564	1
653	20785	548.0	457.0	0.0801564	1
654	20815	557.0	457.0	0.08113392	1
655	20845	567.0	453.0	0.08211144	1
656	20874	577.0	448.0	0.08308896	1
657	20903	587.0	443.0	0.08406647	1
658	20932	598.0	437.0	0.08406647	1
659	20962	606.0	432.0	0.08406647	1
660	20991	617.0	425.0	0.08406647	1
661	21020	628.0	417.0	0.08406647	1
662	21050	638.0	409.0	0.08406647	1
663	21081	649.0	401.0	0.08504399	1
664	21111	658.0	394.0	0.08406647	1
665	21141	667.0	388.0	0.08406647	1
666	21170	673.0	384.0	0.08406647	1
667	21200	682.0	378.0	0.08504399	1
668	21230	690.0	372.0	0.08504399	1
669	21259	699.0	365.0	0.08797654	1
670	21290	707.0	358.0	0.088954054	1
671	21319	716.0	351.0	0.088954054	1
672	21348	726.0	343.0	0.088954054	1
673	21379	735.0	334.0	0.088954054	1
674	21408	743.0	327.0	0.088954054	1
675	21437	753.0	319.0	0.088954054	1
676	21467	763.0	311.0	0.08993158	1
677	21498	774.0	304.0	0.08993158	1
678	21528	784.0	297.0	0.08993158	1
679	21557	793.0	290.0	0.08993158	1
680	21586	802.0	284.0	0.088954054	1
681	21615	809.0	279.0	0.08993158	1
682	21645	818.0	273.0	0.08993158	1
683	21676	826.0	267.0	0.08993158	1
684	21706	835.0	262.0	0.092864126	1
685	21735	843.0	257.0	0.09384164	1
686	21766	850.0	252.0	0.09384164	1
687	21796	858.0	248.0	0.09384164	1
688	21825	867.0	244.0	0.09481916	1
689	21855	875.0	239.0	0.09481916	1
690	21884	882.0	235.0	0.09481916	1
691	21914	891.0	231.0	0.09481916	1
692	21943	900.0	227.0	0.09481916	1
693	21973	909.0	223.0	0.09481916	1
694	22002	918.0	221.0	0.09481916	1
695	22031	927.0	219.0	0.09481916	1
696	22060	934.0	217.0	0.095796674	1
697	22089	942.0	216.0	0.09677419	1
698	22121	949.0	215.0	0.09677419	1
699	22150	956.0	215.0	0.09872923	1
700	22180	963.0	215.0	0.10166178	1
701	22209	969.0	217.0	0.10361681	1
702	22239	974.0	219.0	0.10752688	1
703	22268	976.0	222.0	0.11339199	1
704	22297	978.0	227.0	0.121212125	1
705	22327	979.0	234.0	0.1260997	1
706	22356	980.0	242.0	0.12805474	1
707	22385	980.0	250.0	0.13098729	1
708	22415	977.0	259.0	0.1319648	1
709	22445	974.0	267.0	0.13294233	1
710	22474	970.0	276.0	0.13489737	1
711	22504	965.0	284.0	0.1368524	1
712	22533	959.0	292.0	0.13782991	1
713	22563	954.0	298.0	0.14076246	1
714	22592	949.0	302.0	0.14369501	1
715	22621	943.0	307.0	0.14858261	1
716	22651	939.0	309.0	0.1544477	1
717	22680	934.0	311.0	0.15542522	1
718	22711	928.0	313.0	0.15542522	1
719	22739	923.0	315.0	0.15542522	1
720	22770	918.0	317.0	0.15640274	1
721	22801	914.0	319.0	0.15640274	1
722	22831	910.0	321.0	0.15640274	1
723	22860	905.0	323.0	0.15640274	1
724	22889	902.0	325.0	0.15542522	1
725	22920	897.0	328.0	0.1544477	1
726	22951	892.0	330.0	0.15542522	1
727	22980	888.0	333.0	0.15542522	1
728	23010	884.0	336.0	0.15640274	1
729	23040	881.0	338.0	0.15542522	1
730	23070	877.0	341.0	0.15347019	1
731	23099	872.0	346.0	0.15249267	1
732	23129	867.0	351.0	0.15151516	1
733	23158	862.0	356.0	0.15053764	1
734	23187	860.0	360.0	0.1427175	1
735	23217	857.0	364.0	0.11534702	1
736	23247	856.0	367.0	0.010752688	0
737	23276	856.0	367.0	0.0	0
738	23306	856.0	367.0	0.0	0
739	23335	856.0	367.0	0.0	0
740	23365	856.0	367.0	0.0	0
741	23396	856.0	367.0	0.0	0
742	23426	856.0	367.0	0.0	0
743	23455	856.0	367.0	0.0	0
744	23487	856.0	367.0	0.0	0
745	23517	856.0	367.0	0.0	0
746	23546	856.0	367.0	0.0	0
747	23575	856.0	367.0	0.0	0
748	23605	856.0	367.0	0.0	0
749	23634	856.0	367.0	0.0	0
750	23663	856.0	367.0	0.0	0
751	23694	856.0	367.0	0.0	0
752	23723	856.0	367.0	0.0	0
753	23752	856.0	367.0	0.0	0
754	23782	856.0	367.0	0.0	0
755	23812	856.0	367.0	0.0	0
756	23840	856.0	367.0	0.0	0
757	23870	856.0	367.0	0.069403715	1
758	23902	850.0	262.0	0.12218964	1
759	23931	840.0	254.0	0.1603128	1
760	23961	827.0	246.0	0.19648094	1
761	23991	809.0	239.0	0.22971652	1
762	24020	785.0	234.0	0.23655914	1
763	24050	756.0	232.0	0.24731183	1
764	24079	723.0	233.0	0.25904202	1
765	24108	696.0	237.0	0.26686218	1
766	24137	655.0	246.0	0.27174976	1
767	24168	612.0	259.0	0.2922776	1
768	24197	569.0	276.0	0.31867057	1
769	24229	525.0	301.0	0.31085044	1
770	24257	483.0	337.0	0.31671554	1
771	24287	450.0	387.0	0.30987293	1
772	24317	435.0	430.0	0.31085044	1
773	24347	435.0	495.0	0.3020528	1
774	24377	464.0	560.0	0.29814273	1
775	24408	516.0	606.0	0.2922776	1
776	24437	584.0	625.0	0.22873901	1
777	24467	656.0	615.0	0.04692082	1
778	24497	718.0	565.0	0.0	0
779	24542	718.0	565.0	0.0	0
780	24572	718.0	565.0	0.0	0
781	24602	718.0	565.0	0.0	0
782	24633	718.0	565.0	0.0	0
783	24662	718.0	565.0	0.0	0
784	24692	718.0	565.0	0.0	0
785	24722	718.0	565.0	0.0	0
786	24751	718.0	565.0	0.0	0
787	24782	718.0	565.0	0.0	0
788	24812	718.0	565.0	0.0	0
789	24841	718.0	565.0	0.0	0
790	24870	718.0	565.0	0.0	0
791	24901	718.0	565.0	0.0	0
792	24931	718.0	565.0	0.0	0
793	24962	718.0	565.0	0.0	0
794	24993	718.0	565.0	0.0	0
795	25023	718.0	565.0	0.0	0
796	25053	718.0	565.0	0.0	0
797	25082	718.0	565.0	0.0	0
798	25112	718.0	565.0	0.0	0
799	25142	718.0	565.0	0.0	0
800	25171	718.0	565.0	0.0	0
801	25201	718.0	565.0	0.0	0
802	25232	718.0	565.0	0.0	0
803	25263	718.0	565.0	0.0	0
804	25292	718.0	565.0	0.0	0
805	25320	718.0	565.0	0.0	0
806	25350	718.0	565.0	0.0	0
807	25380	718.0	565.0	0.0	0
808	25410	718.0	565.0	0.0	0
809	25439	718.0	565.0	0.0	0
810	25468	718.0	565.0	0.0	0
811	25498	718.0	565.0	0.0	0
812	25527	718.0	565.0	0.0	0
813	25557	718.0	565.0	0.0	0
814	25587	718.0	565.0	0.0	0
815	25617	718.0	565.0	0.060606062	1
816	25648	116.0	355.0	0.12218964	1
817	25678	111.0	358.0	0.17986315	1
818	25707	104.0	359.0	0.18963832	1
819	25737	95.0	360.0	0.1827957	1
820	25767	76.0	352.0	0.18670577	1
821	25796	53.0	340.0	0.22482893	1
822	25827	34.0	325.0	0.23753665	1
823	25856	21.0	298.0	0.22678398	1
824	25886	19.0	263.0	0.22580644	1
825	25916	30.0	233.0	0.23167156	1
826	25946	56.0	209.0	0.23264907	1
827	25975	95.0	191.0	0.23069404	1
828	26005	145.0	179.0	0.2346041	1
829	26034	185.0	176.0	0.2346041	1
830	26063	239.0	178.0	0.23558162	1
831	26094	284.0	196.0	0.23362659	1
832	26123	303.0	229.0	0.2639296	1
833	26153	296.0	259.0	0.29912025	1
834	26183	272.0	272.0	0.036168132	1
835	26213	254.0	272.0	0.0	0
836	26242	254.0	272.0	0.0	0
837	26271	254.0	272.0	0.0	0
838	26301	254.0	272.0	0.0	0
839	26330	254.0	272.0	0.0	0
840	26360	254.0	272.0	0.0	0
841	26389	254.0	272.0	0.0	0
842	26420	254.0	272.0	0.0	0
843	26449	254.0	272.0	0.0	0
844	26479	254.0	272.0	0.0	0
845	26508	254.0	272.0	0.0	0
846	26537	254.0	272.0	0.0	0
847	26568	254.0	272.0	0.0	0
848	26599	254.0	272.0	0.0	0
849	26628	254.0	272.0	0.0	0
850	26659	254.0	272.0	0.0	0
851	26688	254.0	272.0	0.0	0
852	26717	254.0	272.0	0.0	0
853	26747	254.0	272.0	0.0	0
854	26776	254.0	272.0	0.0	0
855	26806	254.0	272.0	0.0	0
856	26835	254.0	272.0	0.0	0
857	26864	254.0	272.0	0.0	0
858	26894	254.0	272.0	0.0	0
859	26923	254.0	272.0	0.0	0
860	26952	254.0	272.0	0.0	0
861	26982	254.0	272.0	0.0	0
862	27012	254.0	272.0	0.0	0
863	27042	254.0	272.0	0.0	0
864	27071	254.0	272.0	0.0	0
865	27100	254.0	272.0	0.0	0
866	27132	254.0	272.0	0.0	0
867	27161	254.0	272.0	0.0	0
868	27191	254.0	272.0	0.0	0
869	27220	254.0	272.0	0.076246336	1
870	27250	513.0	55.0	0.12903225	1
871	27279	506.0	54.0	0.16226783	1
872	27308	500.0	53.0	0.19061583	1
873	27337	490.0	53.0	0.20332356	1
874	27369	477.0	52.0	0.20723362	1
875	27399	457.0	57.0	0.20723362	1
876	27430	432.0	71.0	0.21407625	1
877	27460	408.0	94.0	0.21994135	1
878	27489	392.0	128.0	0.23264907	1
879	27517	390.0	164.0	0.23558162	1
880	27580	398.0	189.0	0.27174976	1
881	27609	475.0	237.0	0.29912025	1
882	27638	538.0	240.0	0.30498534	1
883	27669	598.0	220.0	0.22971652	1
884	27698	632.0	176.0	0.06744868	1
885	27729	632.0	134.0	0.0	0
886	27760	632.0	134.0	0.0	0
887	27789	632.0	134.0	0.0	0
888	27819	632.0	134.0	0.0	0
889	27849	632.0	134.0	0.0	0
890	27879	632.0	134.0	0.0	0
891	27908	632.0	134.0	0.0	0
892	27938	632.0	134.0	0.0	0
893	27967	632.0	134.0	0.0	0
894	27997	632.0	134.0	0.0	0
895	28027	632.0	134.0	0.0	0
896	28057	632.0	134.0	0.0	0
897	28086	632.0	134.0	0.0	0
898	28116	632.0	134.0	0.0	0
899	28146	632.0	134.0	0.0	0
900	28176	632.0	134.0	0.0	0
901	28206	632.0	134.0	0.0	0
902	28236	632.0	134.0	0.0	0
903	28266	632.0	134.0	0.0	0
904	28296	632.0	134.0	0.0	0
905	28325	632.0	134.0	0.0	0
906	28356	632.0	134.0	0.0	0
907	28386	632.0	134.0	0.0	0
908	28415	632.0	134.0	0.0	0
909	28445	632.0	134.0	0.0	0
910	28474	632.0	134.0	0.0	0
911	28503	632.0	134.0	0.05767351	1
912	28533	631.0	257.0	0.10654937	1
913	28564	627.0	261.0	0.11827957	1
914	28593	620.0	264.0	0.14760508	1
915	28623	611.0	268.0	0.15835777	1
916	28653	603.0	270.0	0.16715543	1
917	28681	592.0	271.0	0.16715543	1
918	28711	578.0	271.0	0.17204301	1
919	28740	563.0	271.0	0.17888562	1
920	28770	547.0	269.0	0.18377322	1
921	28800	532.0	266.0	0.18181819	1
922	28829	518.0	259.0	0.18084067	1
923	28858	509.0	252.0	0.17888562	1
924	28887	496.0	243.0	0.18084067	1
925	28917	484.0	232.0	0.17888562	1
926	28947	474.0	217.0	0.17693059	1
927	28977	466.0	201.0	0.17497556	1
928	29007	460.0	185.0	0.17399804	1
929	29037	459.0	168.0	0.17497556	1
930	29067	461.0	155.0	0.17595308	1
931	29097	472.0	136.0	0.17204301	1
932	29127	493.0	115.0	0.1710655	1
933	29157	524.0	98.0	0.16911046	1
934	29187	562.0	91.0	0.16617791	1
935	29217	601.0	95.0	0.16129032	1
936	29247	632.0	123.0	0.16911046	1
937	29276	647.0	167.0	0.18377322	1
938	29305	645.0	210.0	0.20527859	1
939	29336	627.0	239.0	0.25024438	1
940	29367	586.0	269.0	0.20430107	1
941	29396	532.0	286.0	0.109481916	1
942	29427	485.0	282.0	0.0	0
943	29456	485.0	282.0	0.0	0
944	29486	485.0	282.0	0.0	0
945	29516	485.0	282.0	0.0	0
946	29545	485.0	282.0	0.0	0
947	29575	485.0	282.0	0.0	0
948	29604	485.0	282.0	0.0	0
949	29634	485.0	282.0	0.0	0
950	29665	485.0	282.0	0.0	0
951	29693	485.0	282.0	0.0	0
952	29723	485.0	282.0	0.0	0
953	29753	485.0	282.0	0.0	0
954	29782	485.0	282.0	0.0	0
955	29812	485.0	282.0	0.0	0
956	29841	485.0	282.0	0.0	0
957	29870	485.0	282.0	0.0	0
958	29900	485.0	282.0	0.0	0
959	29930	485.0	282.0	0.0	0
960	29959	485.0	282.0	0.0	0
961	29989	485.0	282.0	0.0	0
962	30018	485.0	282.0	0.0	0
963	30048	485.0	282.0	0.0	0
964	30077	485.0	282.0	0.0	0
965	30106	485.0	282.0	0.0	0
966	30137	485.0	282.0	0.0	0
967	30165	485.0	282.0	0.0	0
968	30196	485.0	282.0	0.0	0
969	30226	485.0	282.0	0.0	0
970	30257	485.0	282.0	0.0	0
971	30286	485.0	282.0	0.0	0
972	30316	485.0	282.0	0.05376344	1
973	30345	583.0	172.0	0.069403715	1
974	30375	579.0	170.0	0.09384164	1
975	30404	574.0	167.0	0.11534702	1
976	30434	567.0	166.0	0.13489737	1
977	30464	560.0	164.0	0.15151516	1
978	30493	549.0	163.0	0.16422288	1
979	30522	536.0	163.0	0.17204301	1
980	30551	521.0	164.0	0.17302053	1
981	30582	500.0	168.0	0.17399804	1
982	30611	477.0	176.0	0.17888562	1
983	30641	452.0	186.0	0.18670577	1
984	30671	432.0	195.0	0.20039101	1
985	30700	406.0	208.0	0.20527859	1
986	30730	379.0	222.0	0.2228739	1
987	30759	354.0	239.0	0.22678398	1
988	30788	334.0	256.0	0.23362659	1
989	30820	322.0	272.0	0.22873901	1
990	30850	316.0	288.0	0.2228739	1
991	30881	316.0	309.0	0.20821114	1
992	30909	323.0	327.0	0.20039101	1
993	30938	347.0	355.0	0.19354838	1
994	30968	371.0	364.0	0.19061583	1
995	30997	410.0	369.0	0.18963832	1
996	31026	458.0	358.0	0.19061583	1
997	31055	509.0	320.0	0.19354838	1
998	31085	547.0	275.0	0.18768328	1
999	31115	562.0	245.0	0.17399804	1
1000	31145	563.0	221.0	0.23753665	1
1001	31175	540.0	215.0	0.20918866	1
1002	31204	495.0	231.0	0.15738025	1
1003	31234	449.0	274.0	0.017595308	0
1004	31265	449.0	274.0	0.0	0
1005	31294	449.0	274.0	0.0	0
1006	31323	449.0	274.0	0.0	0
1007	31352	449.0	274.0	0.0	0
1008	31381	449.0	274.0	0.0	0
1009	31411	449.0	274.0	0.0	0
1010	31441	449.0	274.0	0.0	0
1011	31470	449.0	274.0	0.0	0
1012	31500	449.0	274.0	0.0	0
1013	31530	449.0	274.0	0.0	0
1014	31558	449.0	274.0	0.0	0
1015	31588	449.0	274.0	0.0	0
1016	31618	449.0	274.0	0.0	0
1017	31648	449.0	274.0	0.0	0
1018	31677	449.0	274.0	0.0	0
1019	31706	449.0	274.0	0.0	0
1020	31736	449.0	274.0	0.0	0
1021	31766	449.0	274.0	0.0	0
1022	31796	449.0	274.0	0.0	0
1023	31825	449.0	274.0	0.0	0
1024	31854	449.0	274.0	0.0	0
1025	31885	449.0	274.0	0.0	0
1026	31915	449.0	274.0	0.0	0
1027	31945	449.0	274.0	0.0	0
1028	31975	449.0	274.0	0.0	0
1029	32004	449.0	274.0	0.07722385	1
1030	32035	528.0	249.0	0.12512219	1
1031	32064	522.0	249.0	0.15738025	1
1032	32094	516.0	250.0	0.16715543	1
1033	32123	507.0	255.0	0.17204301	1
1034	32153	492.0	263.0	0.18475074	1
1035	32183	479.0	272.0	0.20332356	1
1036	32212	469.0	280.0	0.20527859	1
1037	32242	455.0	294.0	0.2062561	1
1038	32272	440.0	311.0	0.2062561	1
1039	32301	427.0	330.0	0.20918866	1
1040	32331	419.0	351.0	0.2111437	1
1041	32360	416.0	369.0	0.20723362	1
1042	32389	416.0	380.0	0.20136853	1
1043	32419	426.0	394.0	0.1994135	1
1044	32449	443.0	406.0	0.1994135	1
1045	32478	468.0	412.0	0.20136853	1
1046	32507	496.0	413.0	0.19843598	1
1047	32539	525.0	398.0	0.17888562	1
1048	32568	552.0	348.0	0.0	0
1049	32598	552.0	348.0	0.0	0
1050	32628	552.0	348.0	0.0	0
1051	32657	552.0	348.0	0.0	0
1052	32687	552.0	348.0	0.0	0
1053	32717	552.0	348.0	0.0	0
1054	32746	552.0	348.0	0.0	0
1055	32776	552.0	348.0	0.0	0
1056	32806	552.0	348.0	0.0	0
1057	32835	552.0	348.0	0.0	0
1058	32864	552.0	348.0	0.0	0
1059	32895	552.0	348.0	0.0	0
1060	32924	552.0	348.0	0.0	0
1061	32953	552.0	348.0	0.0	0
1062	32983	552.0	348.0	0.0	0
1063	33012	552.0	348.0	0.0	0
1064	33041	552.0	348.0	0.0	0
1065	33071	552.0	348.0	0.0	0
1066	33100	552.0	348.0	0.0	0
1067	33130	552.0	348.0	0.0	0
1068	33159	552.0	348.0	0.0	0
1069	33188	552.0	348.0	0.0	0
1070	33217	552.0	348.0	0.0	0
1071	33247	552.0	348.0	0.0	0
1072	33275	552.0	348.0	0.0	0
1073	33306	552.0	348.0	0.0	0
1074	33335	552.0	348.0	0.0	0
1075	33365	552.0	348.0	0.0	0
1076	33396	552.0	348.0	0.0	0
1077	33425	552.0	348.0	0.0	0
1078	33454	552.0	348.0	0.0	0
1079	33484	552.0	348.0	0.0	0
1080	33515	552.0	348.0	0.0	0
1081	33544	552.0	348.0	0.0	0
1082	33574	552.0	348.0	0.0	0
1083	33603	552.0	348.0	0.0	0
1084	33632	552.0	348.0	0.0	0
1085	33662	552.0	348.0	0.0	0
1086	33691	552.0	348.0	0.0	0
1087	33721	552.0	348.0	0.0	0
1088	33751	552.0	348.0	0.0	0
1089	33781	552.0	348.0	0.0	0
1090	33810	552.0	348.0	0.0	0
1091	33839	552.0	348.0	0.035190616	1
1092	33869	407.0	464.0	0.0801564	1
1093	33898	407.0	462.0	0.11730205	1
1094	33927	410.0	454.0	0.1368524	1
1095	33956	414.0	440.0	0.0801564	1
1096	33986	416.0	432.0	0.0	0
1097	34017	416.0	432.0	0.0	0
1098	34048	416.0	432.0	0.0	0
1099	34076	416.0	432.0	0.0	0
1100	34106	416.0	432.0	0.0	1
1101	34136	410.0	460.0	0.119257085	1
1102	34166	410.0	459.0	0.13391985	1
1103	34196	413.0	446.0	0.0	0
1104	34225	413.0	446.0	0.0	0
1105	34255	413.0	446.0	0.0	0
1106	34286	413.0	446.0	0.0	0
1107	34316	413.0	446.0	0.0	1
1108	34346	414.0	458.0	0.045943305	1
1109	34376	415.0	457.0	0.0	0
1110	34405	415.0	457.0	0.0	0
1111	34434	415.0	457.0	0.0	0
1112	34464	415.0	457.0	0.02052786	1
1113	34493	417.0	476.0	0.024437929	1
1114	34523	418.0	477.0	0.058651026	1
1115	34553	425.0	459.0	0.049853373	1
1116	34584	426.0	456.0	0.0	0
1117	34613	426.0	456.0	0.0	0
1118	34642	426.0	456.0	0.033235583	1
1119	34671	423.0	469.0	0.109481916	1
1120	34700	423.0	470.0	0.1319648	1
1121	34730	430.0	456.0	0.13782991	1
1122	34761	432.0	450.0	0.0	0
1123	34791	432.0	450.0	0.0	0
1124	34821	432.0	450.0	0.069403715	1
1125	34851	435.0	454.0	0.12218964	1
1126	34881	436.0	455.0	0.114369504	1
1127	34911	442.0	442.0	0.0	0
1128	34941	442.0	442.0	0.0	0
1129	34971	442.0	442.0	0.0	0
1130	35001	442.0	442.0	0.09872923	1
1131	35030	450.0	444.0	0.0801564	1
1132	35060	458.0	436.0	0.0	0
1133	35088	458.0	436.0	0.0	0
1134	35118	458.0	436.0	0.0	0
1135	35148	458.0	436.0	0.06744868	1
1136	35178	472.0	446.0	0.07038123	1
1137	35208	473.0	445.0	0.043010753	1
1138	35237	482.0	432.0	0.0	0
1139	35268	482.0	432.0	0.0	0
1140	35299	482.0	432.0	0.09384164	1
1141	35328	490.0	437.0	0.10557185	1
1142	35357	491.0	438.0	0.04105572	1
1143	35388	500.0	428.0	0.0	0
1144	35418	500.0	428.0	0.0	0
1145	35447	500.0	428.0	0.059628543	1
1146	35477	501.0	438.0	0.054740958	1
1147	35507	502.0	439.0	0.039100684	1
1148	35536	505.0	439.0	0.0	0
1149	35568	505.0	439.0	0.0	0
1150	35599	505.0	439.0	0.0	0
1151	35629	505.0	439.0	0.0	0
1152	35659	505.0	439.0	0.14565004	1
1153	35688	508.0	420.0	0.1202346	1
1154	35718	519.0	431.0	0.0	0
1155	35748	519.0	431.0	0.0	0
1156	35778	519.0	431.0	0.13294233	1
1157	35807	525.0	427.0	0.15640274	1
1158	35837	526.0	428.0	0.15542522	1
1159	35867	542.0	435.0	0.05767351	1
1160	35898	549.0	431.0	0.0	0
1161	35929	549.0	431.0	0.0	0
1162	35959	549.0	431.0	0.12805474	1
1163	35988	563.0	414.0	0.11339199	1
1164	36018	584.0	415.0	0.0	0
1165	36048	584.0	415.0	0.0	0
1166	36079	584.0	415.0	0.08211144	1
1167	36108	605.0	389.0	0.11143695	1
1168	36137	606.0	388.0	0.074291304	1
1169	36168	624.0	378.0	0.0	0
1170	36198	624.0	378.0	0.06647117	1
1171	36227	628.0	363.0	0.14956012	1
1172	36257	628.0	362.0	0.13587488	1
1173	36286	628.0	350.0	0.060606062	1
1174	36316	628.0	338.0	0.10166178	1
1175	36346	628.0	336.0	0.07722385	1
1176	36375	628.0	335.0	0.014662757	1
1177	36404	628.0	334.0	0.09090909	1
1178	36435	630.0	337.0	0.15542522	1
1179	36465	640.0	340.0	0.08699902	1
1180	36494	647.0	334.0	0.049853373	1
1181	36525	650.0	313.0	0.11632454	1
1182	36555	650.0	295.0	0.22385141	1
1183	36586	649.0	291.0	0.23949169	1
1184	36615	649.0	289.0	0.15835777	1
1185	36645	649.0	280.0	0.08993158	1
1186	36676	649.0	268.0	0.011730205	0
1187	36706	649.0	268.0	0.0	0
1188	36737	649.0	268.0	0.0	0
1189	36767	649.0	268.0	0.15347019	1
1190	36797	649.0	254.0	0.08504399	0
1191	36826	649.0	254.0	0.0	0
1192	36856	649.0	254.0	0.0	0
1193	36886	649.0	254.0	0.20918866	1
1194	36916	656.0	234.0	0.07820137	1
1195	36946	657.0	234.0	0.0	0
1196	36977	657.0	234.0	0.0	0
1197	37006	657.0	234.0	0.1945259	1
1198	37035	700.0	212.0	0.16226783	1
1199	37066	701.0	213.0	0.0	0
1200	37095	701.0	213.0	0.0	0
1201	37124	701.0	213.0	0.21994135	1
1202	37155	738.0	204.0	0.24340177	1
1203	37185	738.0	204.0	0.054740958	1
1204	37215	751.0	197.0	0.0	0
1205	37246	751.0	197.0	0.0	1
1206	37274	752.0	181.0	0.2521994	1
1207	37304	751.0	180.0	0.26099706	1
1208	37334	734.0	163.0	0.18963832	1
1209	37365	717.0	164.0	0.17204301	1
1210	37395	701.0	174.0	0.074291304	1
1211	37424	696.0	184.0	0.0	0
1212	37453	696.0	184.0	0.0	0
1213	37483	696.0	184.0	0.038123168	1
1214	37532	683.0	186.0	0.13294233	1
1215	37563	679.0	187.0	0.13782991	1
1216	37593	678.0	199.0	0.0	0
1217	37622	678.0	199.0	0.0	0
1218	37652	678.0	199.0	0.0	0
1219	37683	678.0	199.0	0.17399804	1
1220	37715	668.0	218.0	0.056695994	1
1221	37743	686.0	227.0	0.0	0
1222	37772	686.0	227.0	0.0	0
1223	37802	686.0	227.0	0.18963832	1
1224	37833	723.0	238.0	0.16617791	1
1225	37863	724.0	239.0	0.10068426	1
1226	37892	751.0	240.0	0.038123168	1
1227	37922	753.0	246.0	0.13782991	1
1228	37952	754.0	256.0	0.17693059	1
1229	37982	750.0	271.0	0.0	0
1230	38011	750.0	271.0	0.0	0
1231	38041	750.0	271.0	0.0	0
1232	38072	750.0	271.0	0.40664712	1
1233	38101	704.0	330.0	0.20332356	1
1234	38131	703.0	331.0	0.02052786	1
1235	38162	688.0	357.0	0.0	0
1236	38192	688.0	357.0	0.0	0
1237	38221	688.0	357.0	0.16226783	1
1238	38251	658.0	381.0	0.0	0
1239	38281	658.0	381.0	0.0	0
1240	38310	658.0	381.0	0.0	0
1241	38341	658.0	381.0	0.0	1
1242	38371	558.0	412.0	0.0	0
1243	38401	558.0	412.0	0.0	0
1244	38431	558.0	412.0	0.0	0
1245	38460	558.0	412.0	0.0	0
1246	38491	558.0	412.0	0.0	0
1247	38520	558.0	412.0	0.0	0
1248	38551	558.0	412.0	0.0	0
1249	38580	558.0	412.0	0.0	0
1250	38610	558.0	412.0	0.18670577	1
1251	38640	396.0	429.0	0.009775171	0
1252	38671	396.0	429.0	0.0	0
1253	38701	396.0	429.0	0.0	0
1254	38732	396.0	429.0	0.15835777	1
1255	38761	359.0	412.0	0.0	0
1256	38790	359.0	412.0	0.0	0
1257	38820	359.0	412.0	0.3264907	1
1258	38850	318.0	414.0	0.3313783	1
1259	38880	317.0	415.0	0.10752688	1
1260	38910	302.0	415.0	0.0	0
1261	38940	302.0	415.0	0.0	1
1262	38969	292.0	422.0	0.32355815	1
1263	38999	291.0	423.0	0.13489737	1
1264	39028	294.0	445.0	0.0	0
1265	39058	294.0	445.0	0.12707722	1
1266	39088	298.0	463.0	0.14076246	1
1267	39118	299.0	464.0	0.076246336	1
1268	39147	310.0	477.0	0.092864126	1
1269	39178	314.0	482.0	0.19843598	1
1270	39208	315.0	488.0	0.076246336	1
1271	39238	319.0	492.0	0.0	0
1272	39269	319.0	492.0	0.0	1
1273	39299	326.0	510.0	0.20136853	1
1274	39329	327.0	511.0	0.043010753	1
1275	39359	326.0	522.0	0.0	0
1276	39389	326.0	522.0	0.0	0
1277	39420	326.0	522.0	0.0	0
1278	39451	326.0	522.0	0.0	0
1279	39480	326.0	522.0	0.0	0
1280	39510	326.0	522.0	0.0	0
1281	39539	326.0	522.0	0.0	0
1282	39568	326.0	522.0	0.0	0
1283	39597	326.0	522.0	0.0	0
1284	39628	326.0	522.0	0.0	0
1285	39659	326.0	522.0	0.0	0
1286	39688	326.0	522.0	0.0	0
1287	39717	326.0	522.0	0.0	0
1288	39747	326.0	522.0	0.0	0
1289	39777	326.0	522.0	0.0	0
1290	39805	326.0	522.0	0.0	0
1291	39836	326.0	522.0	0.0	0
1292	39865	326.0	522.0	0.0	0
1293	39896	326.0	522.0	0.0	0
1294	39927	326.0	522.0	0.0	0
1295	39957	326.0	522.0	0.0	0
1296	39987	326.0	522.0	0.0	0
1297	40016	326.0	522.0	0.0	0
1298	40047	326.0	522.0	0.0	0
1299	40077	326.0	522.0	0.0	0
1300	40106	326.0	522.0	0.0	0
1301	40137	326.0	522.0	0.0	0
1302	40167	326.0	522.0	0.0	0
1303	40196	326.0	522.0	0.0	0
1304	40225	326.0	522.0	0.0	0
1305	40255	326.0	522.0	0.0	0
1306	40287	326.0	522.0	0.0	0
1307	40318	326.0	522.0	0.0	0
1308	40347	326.0	522.0	0.0	0
1309	40377	326.0	522.0	0.0	0
1310	40407	326.0	522.0	0.0	0
1311	40437	326.0	522.0	0.0	0
1312	40467	326.0	522.0	0.0	0
1313	40496	326.0	522.0	0.0	0
1314	40526	326.0	522.0	0.0	0
1315	40555	326.0	522.0	0.0	0
1316	40585	326.0	522.0	0.0	0
1317	40616	326.0	522.0	0.22873901	1
1318	40646	541.0	243.0	0.0	0
1319	40676	541.0	243.0	0.0	0
1320	40705	541.0	243.0	0.0	0
1321	40736	541.0	243.0	0.0	0
1322	40765	541.0	243.0	0.0	0
1323	40796	541.0	243.0	0.0	0
1324	40825	541.0	243.0	0.0	0
1325	40854	541.0	243.0	0.0	0
1326	40884	541.0	243.0	0.0	0
1327	40916	541.0	243.0	0.0	0
1328	40945	541.0	243.0	0.0	0
1329	40974	541.0	243.0	0.0	0
1330	41003	541.0	243.0	0.0	0
1331	41033	541.0	243.0	0.0	0
1332	41063	541.0	243.0	0.0	0
1333	41093	541.0	243.0	0.0	0
1334	41123	541.0	243.0	0.0	0
1335	41152	541.0	243.0	0.0	0
1336	41183	541.0	243.0	0.0	0
1337	41212	541.0	243.0	0.0	0
1338	41241	541.0	243.0	0.0	0
1339	41270	541.0	243.0	0.0	0
1340	41300	541.0	243.0	0.0	0
1341	41329	541.0	243.0	0.0	1
1342	41358	591.0	233.0	0.2111437	1
1343	41389	592.0	234.0	0.13294233	1
1344	41419	613.0	241.0	0.0	0
1345	41449	613.0	241.0	0.0	0
1346	41479	613.0	241.0	0.19354838	1
1347	41508	659.0	258.0	0.11632454	1
1348	41537	660.0	259.0	0.07722385	1
1349	41568	710.0	252.0	0.0039100684	0
1350	41599	710.0	252.0	0.08504399	1
1351	41628	738.0	223.0	0.13294233	1
1352	41658	739.0	222.0	0.018572826	1
1353	41688	749.0	184.0	0.0	0
1354	41717	749.0	184.0	0.0	0
1355	41746	749.0	184.0	0.0	0
1356	41775	749.0	184.0	0.0	0
1357	41805	749.0	184.0	0.0	1
1358	41834	668.0	153.0	0.2228739	1
1359	41865	667.0	154.0	0.042033236	0
1360	41893	667.0	154.0	0.0	0
1361	41923	667.0	154.0	0.0	0
1362	41953	667.0	154.0	0.1260997	1
1363	41982	658.0	178.0	0.07722385	1
1364	42011	659.0	179.0	0.0	0
1365	42041	659.0	179.0	0.0	0
1366	42071	659.0	179.0	0.0	0
1367	42100	659.0	179.0	0.052785926	1
1368	42131	731.0	249.0	0.05376344	1
1369	42160	745.0	259.0	0.0	1
1370	42189	749.0	260.0	0.0	0
1371	42218	749.0	260.0	0.0	0
1372	42248	749.0	260.0	0.28347996	1
1373	42276	750.0	273.0	0.23264907	1
1374	42305	749.0	274.0	0.0342131	1
1375	42351	749.0	286.0	0.0	0
1376	42381	749.0	286.0	0.16324535	1
1377	42410	739.0	290.0	0.25415444	1
1378	42439	727.0	306.0	0.20136853	1
1379	42468	720.0	312.0	0.10654937	1
1380	42498	707.0	313.0	0.0	0
1381	42528	707.0	313.0	0.0	0
1382	42558	707.0	313.0	0.0	0
1383	42589	707.0	313.0	0.16911046	1
1384	42618	660.0	311.0	0.058651026	1
1385	42648	659.0	311.0	0.0	0
1386	42678	659.0	311.0	0.0	0
1387	42708	659.0	311.0	0.0	0
1388	42738	659.0	311.0	0.0	0
1389	42768	659.0	311.0	0.0	0
1390	42798	659.0	311.0	0.0	0
1391	42827	659.0	311.0	0.0	0
1392	42858	659.0	311.0	0.0	0
1393	42886	659.0	311.0	0.0	0
1394	42916	659.0	311.0	0.0	0
1395	42945	659.0	311.0	0.16617791	1
1396	42975	626.0	211.0	0.07135875	1
1397	43005	650.0	204.0	0.0	0
1398	43034	650.0	204.0	0.0	0
1399	43064	650.0	204.0	0.0	0
1400	43092	650.0	204.0	0.17986315	1
1401	43122	702.0	226.0	0.09677419	1
1402	43152	726.0	230.0	0.0	0
1403	43182	726.0	230.0	0.14369501	1
1404	43213	735.0	233.0	0.23167156	1
1405	43241	735.0	234.0	0.09970675	1
1406	43270	739.0	238.0	0.0	0
1407	43299	739.0	238.0	0.0	0
1408	43330	739.0	238.0	0.28934506	1
1409	43358	745.0	250.0	0.18963832	1
1410	43388	746.0	251.0	0.05767351	0
1411	43419	746.0	251.0	0.0	0
1412	43447	746.0	251.0	0.0	1
1413	43477	771.0	243.0	0.16324535	1
1414	43507	772.0	244.0	0.11534702	1
1415	43537	781.0	244.0	0.069403715	1
1416	43567	787.0	245.0	0.17595308	1
1417	43595	797.0	260.0	0.23753665	1
1418	43624	809.0	277.0	0.26979473	1
1419	43653	815.0	286.0	0.14565004	1
1420	43682	816.0	295.0	0.072336264	1
1421	43712	811.0	300.0	0.18768328	1
1422	43742	804.0	304.0	0.22776149	1
1423	43772	799.0	305.0	0.012707722	1
1424	43802	796.0	306.0	0.0	0
1425	43831	796.0	306.0	0.16715543	1
1426	43860	790.0	316.0	0.20136853	1
1427	43890	789.0	317.0	0.24144672	1
1428	43919	780.0	327.0	0.28347996	1
1429	43950	773.0	328.0	0.031280547	0
1430	43980	773.0	328.0	0.0	0
1431	44009	773.0	328.0	0.0	0
1432	44038	773.0	328.0	0.21016617	1
1433	44068	758.0	321.0	0.2346041	1
1434	44097	757.0	322.0	0.1319648	1
1435	44126	758.0	304.0	0.0039100684	0
1436	44156	758.0	304.0	0.026392963	1
1437	44186	763.0	278.0	0.0048875855	1
1438	44216	764.0	277.0	0.0	0
1439	44246	764.0	277.0	0.0	0
1440	44274	764.0	277.0	0.1652004	1
1441	44304	800.0	304.0	0.22189638	1
1442	44334	801.0	305.0	0.23558162	1
1443	44363	801.0	319.0	0.121212125	1
1444	44394	802.0	320.0	0.042033236	1
1445	44423	802.0	324.0	0.13489737	1
1446	44454	804.0	335.0	0.21603128	1
1447	44483	805.0	340.0	0.2170088	1
1448	44513	805.0	343.0	0.022482894	0
1449	44542	805.0	343.0	0.0	0
1450	44572	805.0	343.0	0.10361681	1
1451	44601	774.0	354.0	0.11339199	1
1452	44631	773.0	355.0	0.112414464	1
1453	44660	751.0	376.0	0.0	0
1454	44690	751.0	376.0	0.0	0
1455	44720	751.0	376.0	0.0	0
1456	44749	751.0	376.0	0.0	0
1457	44779	751.0	376.0	0.17204301	1
1458	44808	780.0	402.0	0.15640274	1
1459	44839	791.0	398.0	0.109481916	1
1460	44869	800.0	391.0	0.0801564	1
1461	44898	804.0	381.0	0.026392963	1
1462	44927	802.0	372.0	0.11045943	1
1463	44957	788.0	371.0	0.25415444	1
1464	44986	773.0	377.0	0.32844576	1
1465	45016	764.0	383.0	0.17986315	1
1466	45046	760.0	387.0	0.06353861	1
1467	45075	759.0	388.0	0.0	0
1468	45105	759.0	388.0	0.0	0
1469	45135	759.0	388.0	0.0	1
1470	45164	769.0	389.0	0.32160312	1
1471	45194	770.0	390.0	0.21016617	1
1472	45224	760.0	384.0	0.0	0
1473	45254	760.0	384.0	0.0	1
1474	45286	748.0	377.0	0.24437928	1
1475	45316	747.0	378.0	0.15053764	1
1476	45345	742.0	376.0	0.0	0
1477	45374	742.0	376.0	0.0	0
1478	45405	742.0	376.0	0.0	0
1479	45434	742.0	376.0	0.02052786	1
1480	45463	739.0	346.0	0.0029325513	1
1481	45493	740.0	345.0	0.059628543	1
1482	45523	758.0	334.0	0.12218964	1
1483	45553	765.0	333.0	0.0	0
1484	45582	765.0	333.0	0.0	0
1485	45611	765.0	333.0	0.0	0
1486	45640	765.0	333.0	0.15347019	1
1487	45670	813.0	330.0	0.11632454	1
1488	45700	835.0	331.0	0.009775171	0
1489	45729	835.0	331.0	0.021505376	1
1490	45759	857.0	326.0	0.15249267	1
1491	45789	858.0	325.0	0.13294233	1
1492	45819	877.0	321.0	0.112414464	1
1493	45849	889.0	318.0	0.14956012	1
1494	45877	894.0	317.0	0.12316716	1
1495	45908	896.0	314.0	0.0	0
1496	45938	896.0	314.0	0.0	1
1497	45967	887.0	296.0	0.24633431	1
1498	45996	886.0	295.0	0.20527859	1
1499	46025	883.0	288.0	0.074291304	1
1500	46054	880.0	281.0	0.0	0
1501	46084	880.0	281.0	0.0	0
1502	46113	880.0	281.0	0.13098729	1
1503	46142	876.0	279.0	0.25415444	1
1504	46172	875.0	279.0	0.16422288	1
1505	46202	875.0	279.0	0.0	0
1506	46231	875.0	279.0	0.0	0
1507	46260	875.0	279.0	0.11827957	1
1508	46290	878.0	281.0	0.13978495	1
1509	46320	879.0	281.0	0.10459433	1
1510	46349	908.0	271.0	0.10166178	1
1511	46378	916.0	265.0	0.0	0
1512	46408	916.0	265.0	0.0	0
1513	46438	916.0	265.0	0.0	0
1514	46467	916.0	265.0	0.2639296	1
1515	46497	917.0	242.0	0.2678397	1
1516	46525	916.0	243.0	0.19159335	1
1517	46555	904.0	246.0	0.0	0
1518	46584	904.0	246.0	0.0	0
1519	46613	904.0	246.0	0.0	0
1520	46643	904.0	246.0	0.0	0
1521	46672	904.0	246.0	0.14956012	1
1522	46702	901.0	249.0	0.22873901	1
1523	46730	900.0	260.0	0.2678397	1
1524	46760	899.0	268.0	0.109481916	1
1525	46790	905.0	280.0	0.0	0
1526	46819	905.0	280.0	0.0	0
1527	46849	905.0	280.0	0.0	0
1528	46880	905.0	280.0	0.0	0
1529	46909	905.0	280.0	0.23949169	1
1530	46938	914.0	311.0	0.1886608	1
1531	46967	914.0	334.0	0.17888562	1
1532	46997	911.0	350.0	0.049853373	0
1533	47026	911.0	350.0	0.0	0
1534	47056	911.0	350.0	0.0	0
1535	47086	911.0	350.0	0.29521015	1
1536	47115	886.0	349.0	0.15640274	1
1537	47145	885.0	349.0	0.0	0
1538	47176	885.0	349.0	0.097751714	1
1539	47204	858.0	341.0	0.14467253	1
1540	47233	857.0	340.0	0.12414467	1
1541	47263	857.0	323.0	0.08308896	1
1542	47292	870.0	317.0	0.13587488	1
1543	47322	879.0	319.0	0.18768328	1
1544	47352	884.0	326.0	0.21798632	1
1545	47381	885.0	336.0	0.21016617	1
1546	47411	883.0	350.0	0.2346041	1
1547	47441	877.0	361.0	0.27663735	1
1548	47471	869.0	366.0	0.17204301	1
1549	47501	853.0	367.0	0.0	0
1550	47530	853.0	367.0	0.0	0
1551	47559	853.0	367.0	0.0	0
1552	47588	853.0	367.0	0.0	0
1553	47620	853.0	367.0	0.0	0
1554	47649	853.0	367.0	0.24242425	1
1555	47679	824.0	358.0	0.3597263	1
1556	47709	812.0	366.0	0.43695015	1
1557	47738	804.0	367.0	0.40078202	1
1558	47770	799.0	368.0	0.34604105	1
1559	47799	788.0	370.0	0.3831867	1
1560	47829	775.0	378.0	0.18670577	1
1561	47859	766.0	389.0	0.0	0
1562	47888	766.0	389.0	0.0	0
1563	47917	766.0	389.0	0.0	0
1564	47947	766.0	389.0	0.0	0
1565	47977	766.0	389.0	0.0	0
1566	48008	766.0	389.0	0.0	0