1	4969	509.0	252.0	0.17888562	1
2	4969	496.0	243.0	0.18084067	1
3	4969	484.0	232.0	0.17888562	1
4	4969	474.0	217.0	0.17693059	1
5	4969	466.0	201.0	0.17497556	1
6	4969	460.0	185.0	0.17399804	1
7	4969	459.0	168.0	0.17497556	1
8	4969	461.0	155.0	0.17595308	1
9	4969	472.0	136.0	0.17204301	1
10	4969	493.0	115.0	0.1710655	1
11	4969	524.0	98.0	0.16911046	1
12	4969	562.0	91.0	0.16617791	1
13	4969	601.0	95.0	0.16129032	1
14	4969	632.0	123.0	0.16911046	1
15	4969	647.0	167.0	0.18377322	1
16	4969	645.0	210.0	0.20527859	1
17	4969	627.0	239.0	0.25024438	1
18	4969	586.0	269.0	0.20430107	1
19	4969	532.0	286.0	0.109481916	1
20	4969	485.0	282.0	0.0	0
21	4969	485.0	282.0	0.0	0
22	4969	485.0	282.0	0.0	0
23	4969	485.0	282.0	0.0	0
24	4969	485.0	282.0	0.0	0
25	4969	485.0	282.0	0.0	0
26	4969	485.0	282.0	0.0	0
27	4969	485.0	282.0	0.0	0
28	4969	485.0	282.0	0.0	0
29	4969	485.0	282.0	0.0	0
30	4969	485.0	282.0	0.0	0
31	4969	485.0	282.0	0.0	0
32	4969	485.0	282.0	0.0	0
33	4969	485.0	282.0	0.0	0
34	4969	485.0	282.0	0.0	0
35	4969	485.0	282.0	0.0	0
36	4969	485.0	282.0	0.0	0
37	4969	485.0	282.0	0.0	0
38	4969	485.0	282.0	0.0	0
39	4969	485.0	282.0	0.0	0
40	4969	485.0	282.0	0.0	0
41	4969	485.0	282.0	0.0	0
42	4969	485.0	282.0	0.0	0
43	4969	485.0	282.0	0.0	0
44	4969	485.0	282.0	0.0	0
45	4969	485.0	282.0	0.0	0
46	4969	485.0	282.0	0.0	0
47	4969	485.0	282.0	0.0	0
48	4969	485.0	282.0	0.0	0
49	4969	485.0	282.0	0.0	0
50	4969	485.0	282.0	0.05376344	1
51	4969	583.0	172.0	0.069403715	1
52	4969	579.0	170.0	0.09384164	1
53	4969	574.0	167.0	0.11534702	1
54	4969	567.0	166.0	0.13489737	1
55	4969	560.0	164.0	0.15151516	1
56	4969	549.0	163.0	0.16422288	1
57	4969	536.0	163.0	0.17204301	1
58	4969	521.0	164.0	0.17302053	1
59	4969	500.0	168.0	0.17399804	1
60	4969	477.0	176.0	0.17888562	1
61	4969	452.0	186.0	0.18670577	1
62	4969	432.0	195.0	0.20039101	1
63	4969	406.0	208.0	0.20527859	1
64	4969	379.0	222.0	0.2228739	1
65	4969	354.0	239.0	0.22678398	1
66	4969	334.0	256.0	0.23362659	1
67	4969	322.0	272.0	0.22873901	1
68	4969	316.0	288.0	0.2228739	1
69	4969	316.0	309.0	0.20821114	1
70	4969	323.0	327.0	0.20039101	1
71	4969	347.0	355.0	0.19354838	1
72	4969	371.0	364.0	0.19061583	1
73	4969	410.0	369.0	0.18963832	1
74	4969	458.0	358.0	0.19061583	1
75	4969	509.0	320.0	0.19354838	1
76	4969	547.0	275.0	0.18768328	1
77	4969	562.0	245.0	0.17399804	1
78	4969	563.0	221.0	0.23753665	1
79	4969	540.0	215.0	0.20918866	1
80	4969	495.0	231.0	0.15738025	1
81	4969	449.0	274.0	0.017595308	0
82	4969	449.0	274.0	0.0	0
83	4969	449.0	274.0	0.0	0
84	4969	449.0	274.0	0.0	0
85	4969	449.0	274.0	0.0	0
86	4969	449.0	274.0	0.0	0
87	4969	449.0	274.0	0.0	0
88	4969	449.0	274.0	0.0	0
89	4969	449.0	274.0	0.0	0
90	4969	449.0	274.0	0.0	0
91	4969	449.0	274.0	0.0	0
92	4969	449.0	274.0	0.0	0
93	4969	449.0	274.0	0.0	0
94	4969	449.0	274.0	0.0	0
95	4969	449.0	274.0	0.0	0
96	4969	449.0	274.0	0.0	0
97	4969	449.0	274.0	0.0	0
98	4969	449.0	274.0	0.0	0
99	4969	449.0	274.0	0.0	0
100	4969	449.0	274.0	0.0	0
101	4969	449.0	274.0	0.0	0
102	4969	449.0	274.0	0.0	0
103	4969	449.0	274.0	0.0	0
104	4969	449.0	274.0	0.0	0
105	4969	449.0	274.0	0.0	0
106	4969	449.0	274.0	0.0	0
107	4969	449.0	274.0	0.07722385	1
108	4969	528.0	249.0	0.12512219	1
109	4969	522.0	249.0	0.15738025	1
110	4969	516.0	250.0	0.16715543	1
111	4969	507.0	255.0	0.17204301	1
112	4969	492.0	263.0	0.18475074	1
113	4969	479.0	272.0	0.20332356	1
114	4969	469.0	280.0	0.20527859	1
115	4969	455.0	294.0	0.2062561	1
116	4969	440.0	311.0	0.2062561	1
117	4969	427.0	330.0	0.20918866	1
118	4969	419.0	351.0	0.2111437	1
119	4969	416.0	369.0	0.20723362	1
120	4969	416.0	380.0	0.20136853	1
121	4969	426.0	394.0	0.1994135	1
122	4969	443.0	406.0	0.1994135	1
123	4969	468.0	412.0	0.20136853	1
124	4969	496.0	413.0	0.19843598	1
125	4969	525.0	398.0	0.17888562	1
126	4969	552.0	348.0	0.0	0
127	4969	552.0	348.0	0.0	0
128	4969	552.0	348.0	0.0	0
129	4969	552.0	348.0	0.0	0
130	4969	552.0	348.0	0.0	0
131	4969	552.0	348.0	0.0	0
132	4969	552.0	348.0	0.0	0
133	4969	552.0	348.0	0.0	0
134	4969	552.0	348.0	0.0	0
135	4969	552.0	348.0	0.0	0
136	4969	552.0	348.0	0.0	0
137	4969	552.0	348.0	0.0	0
138	4969	552.0	348.0	0.0	0
139	4969	552.0	348.0	0.0	0
140	4969	552.0	348.0	0.0	0
141	4969	552.0	348.0	0.0	0
142	4969	552.0	348.0	0.0	0
143	4969	552.0	348.0	0.0	0
144	4969	552.0	348.0	0.0	0
145	4969	552.0	348.0	0.0	0
146	4969	552.0	348.0	0.0	0
147	4969	552.0	348.0	0.0	0
148	4969	552.0	348.0	0.0	0
149	4969	552.0	348.0	0.0	0
150	4969	552.0	348.0	0.0	0
151	4969	552.0	348.0	0.0	0
152	4969	552.0	348.0	0.0	0
153	4969	552.0	348.0	0.0	0
154	4969	552.0	348.0	0.0	0
155	4969	552.0	348.0	0.0	0
156	4969	552.0	348.0	0.0	0
157	4969	552.0	348.0	0.0	0
158	4969	552.0	348.0	0.0	0
159	4969	552.0	348.0	0.0	0
160	4969	552.0	348.0	0.0	0
161	4969	552.0	348.0	0.0	0
162	4969	552.0	348.0	0.0	0
163	4969	552.0	348.0	0.0	0
164	4969	552.0	348.0	0.0	0
165	4969	552.0	348.0	0.0	0
166	4969	552.0	348.0	0.0	0
167	4969	552.0	348.0	0.0	0
168	4969	552.0	348.0	0.0	0
169	4969	552.0	348.0	0.035190616	1
170	4969	407.0	464.0	0.0801564	1
171	4969	407.0	462.0	0.11730205	1
172	4969	410.0	454.0	0.1368524	1
173	4969	414.0	440.0	0.0801564	1
174	4969	416.0	432.0	0.0	0
175	4969	416.0	432.0	0.0	0
176	4969	416.0	432.0	0.0	0
177	4969	416.0	432.0	0.0	0
178	4969	416.0	432.0	0.0	1
179	4969	410.0	460.0	0.119257085	1
180	4969	410.0	459.0	0.13391985	1
181	4969	413.0	446.0	0.0	0
182	4969	413.0	446.0	0.0	0
183	4969	413.0	446.0	0.0	0
184	4969	413.0	446.0	0.0	0
185	4969	413.0	446.0	0.0	1
186	4969	414.0	458.0	0.045943305	1
187	4969	415.0	457.0	0.0	0
188	4969	415.0	457.0	0.0	0
189	4969	415.0	457.0	0.0	0
190	4969	415.0	457.0	0.02052786	1
191	4969	417.0	476.0	0.024437929	1
192	4969	418.0	477.0	0.058651026	1
193	4969	425.0	459.0	0.049853373	1
194	4969	426.0	456.0	0.0	0
195	4969	426.0	456.0	0.0	0
196	4969	426.0	456.0	0.033235583	1
197	4969	423.0	469.0	0.109481916	1
198	4969	423.0	470.0	0.1319648	1
199	4969	430.0	456.0	0.13782991	1
200	4969	432.0	450.0	0.0	0
201	4969	432.0	450.0	0.0	0
202	4969	432.0	450.0	0.069403715	1
203	4969	435.0	454.0	0.12218964	1
204	4969	436.0	455.0	0.114369504	1
205	4969	442.0	442.0	0.0	0
206	4969	442.0	442.0	0.0	0
207	4969	442.0	442.0	0.0	0
208	4969	442.0	442.0	0.09872923	1
209	4969	450.0	444.0	0.0801564	1
210	4969	458.0	436.0	0.0	0
211	4969	458.0	436.0	0.0	0
212	4969	458.0	436.0	0.0	0
213	4969	458.0	436.0	0.06744868	1
214	4969	472.0	446.0	0.07038123	1
215	4969	473.0	445.0	0.043010753	1
216	4969	482.0	432.0	0.0	0
217	4969	482.0	432.0	0.0	0
218	4984	482.0	432.0	0.09384164	1
219	4984	490.0	437.0	0.10557185	1
220	4984	491.0	438.0	0.04105572	1
221	4984	500.0	428.0	0.0	0
222	4984	500.0	428.0	0.0	0
223	4984	500.0	428.0	0.059628543	1
224	4984	501.0	438.0	0.054740958	1
225	4984	502.0	439.0	0.039100684	1
226	4984	505.0	439.0	0.0	0
227	4984	505.0	439.0	0.0	0
228	4984	505.0	439.0	0.0	0
229	4984	505.0	439.0	0.0	0
230	4984	505.0	439.0	0.14565004	1
231	4984	508.0	420.0	0.1202346	1
232	4984	519.0	431.0	0.0	0
233	4984	519.0	431.0	0.0	0
234	4984	519.0	431.0	0.13294233	1
235	4984	525.0	427.0	0.15640274	1
236	4984	526.0	428.0	0.15542522	1
237	4984	542.0	435.0	0.05767351	1
238	4984	549.0	431.0	0.0	0
239	4984	549.0	431.0	0.0	0
240	4984	549.0	431.0	0.12805474	1
241	4984	563.0	414.0	0.11339199	1
242	4984	584.0	415.0	0.0	0
243	4984	584.0	415.0	0.0	0
244	4984	584.0	415.0	0.08211144	1
245	4984	605.0	389.0	0.11143695	1
246	4984	606.0	388.0	0.074291304	1
247	4984	624.0	378.0	0.0	0
248	4984	624.0	378.0	0.06647117	1
249	4984	628.0	363.0	0.14956012	1
250	4984	628.0	362.0	0.13587488	1
251	4984	628.0	350.0	0.060606062	1
252	4984	628.0	338.0	0.10166178	1
253	4984	628.0	336.0	0.07722385	1
254	4984	628.0	335.0	0.014662757	1
255	4984	628.0	334.0	0.09090909	1
256	4984	630.0	337.0	0.15542522	1
257	4984	640.0	340.0	0.08699902	1
258	4984	647.0	334.0	0.049853373	1
259	4984	650.0	313.0	0.11632454	1
260	4984	650.0	295.0	0.22385141	1
261	4984	649.0	291.0	0.23949169	1
262	4984	649.0	289.0	0.15835777	1
263	4984	649.0	280.0	0.08993158	1
264	4984	649.0	268.0	0.011730205	0
265	4984	649.0	268.0	0.0	0
266	4984	649.0	268.0	0.0	0
267	4984	649.0	268.0	0.15347019	1
268	4984	649.0	254.0	0.08504399	0
269	4984	649.0	254.0	0.0	0
270	4984	649.0	254.0	0.0	0
271	4984	649.0	254.0	0.20918866	1
272	4984	656.0	234.0	0.07820137	1
273	4984	657.0	234.0	0.0	0
274	4984	657.0	234.0	0.0	0
275	4984	657.0	234.0	0.1945259	1
276	4984	700.0	212.0	0.16226783	1
277	4984	701.0	213.0	0.0	0
278	4984	701.0	213.0	0.0	0
279	4984	701.0	213.0	0.21994135	1
280	4984	738.0	204.0	0.24340177	1
281	4984	738.0	204.0	0.054740958	1
282	4984	751.0	197.0	0.0	0
283	4984	751.0	197.0	0.0	1
284	4984	752.0	181.0	0.2521994	1
285	4984	751.0	180.0	0.26099706	1
286	4984	734.0	163.0	0.18963832	1
287	4984	717.0	164.0	0.17204301	1
288	4984	701.0	174.0	0.074291304	1
289	4984	696.0	184.0	0.0	0
290	4984	696.0	184.0	0.0	0
291	4984	696.0	184.0	0.038123168	1
292	4984	683.0	186.0	0.13294233	1
293	4984	679.0	187.0	0.13782991	1
294	4984	678.0	199.0	0.0	0
295	4984	678.0	199.0	0.0	0
296	4984	678.0	199.0	0.0	0
297	4984	678.0	199.0	0.17399804	1
298	4984	668.0	218.0	0.056695994	1
299	4984	686.0	227.0	0.0	0
300	4984	686.0	227.0	0.0	0
301	4984	686.0	227.0	0.18963832	1
302	4984	723.0	238.0	0.16617791	1
303	4984	724.0	239.0	0.10068426	1
304	4984	751.0	240.0	0.038123168	1
305	4984	753.0	246.0	0.13782991	1
306	4984	754.0	256.0	0.17693059	1
307	4984	750.0	271.0	0.0	0
308	4984	750.0	271.0	0.0	0
309	4984	750.0	271.0	0.0	0
310	4984	750.0	271.0	0.40664712	1
311	4984	704.0	330.0	0.20332356	1
312	4984	703.0	331.0	0.02052786	1
313	4984	688.0	357.0	0.0	0
314	4984	688.0	357.0	0.0	0
315	4984	688.0	357.0	0.16226783	1
316	4984	658.0	381.0	0.0	0
317	4984	658.0	381.0	0.0	0
318	4984	658.0	381.0	0.0	0
319	4984	658.0	381.0	0.0	1
320	4984	558.0	412.0	0.0	0
321	4984	558.0	412.0	0.0	0
322	4984	558.0	412.0	0.0	0
323	4984	558.0	412.0	0.0	0
324	4984	558.0	412.0	0.0	0
325	4984	558.0	412.0	0.0	0
326	4984	558.0	412.0	0.0	0
327	4984	558.0	412.0	0.0	0
328	4984	558.0	412.0	0.18670577	1
329	4984	396.0	429.0	0.009775171	0
330	4984	396.0	429.0	0.0	0
331	4984	396.0	429.0	0.0	0
332	4984	396.0	429.0	0.15835777	1
333	4984	359.0	412.0	0.0	0
334	4984	359.0	412.0	0.0	0
335	4984	359.0	412.0	0.3264907	1
336	4984	318.0	414.0	0.3313783	1
337	4984	317.0	415.0	0.10752688	1
338	4984	302.0	415.0	0.0	0
339	4984	302.0	415.0	0.0	1
340	4984	292.0	422.0	0.32355815	1
341	4984	291.0	423.0	0.13489737	1
342	4984	294.0	445.0	0.0	0
343	4984	294.0	445.0	0.12707722	1
344	4984	298.0	463.0	0.14076246	1
345	4984	299.0	464.0	0.076246336	1
346	4984	310.0	477.0	0.092864126	1
347	4984	314.0	482.0	0.19843598	1
348	4984	315.0	488.0	0.076246336	1
349	4984	319.0	492.0	0.0	0
350	4984	319.0	492.0	0.0	1
351	4984	326.0	510.0	0.20136853	1
352	4984	327.0	511.0	0.043010753	1
353	4984	326.0	522.0	0.0	0
354	4984	326.0	522.0	0.0	0
355	4984	326.0	522.0	0.0	0
356	4984	326.0	522.0	0.0	0
357	4984	326.0	522.0	0.0	0
358	4984	326.0	522.0	0.0	0
359	4984	326.0	522.0	0.0	0
360	4984	326.0	522.0	0.0	0
361	4984	326.0	522.0	0.0	0
362	4984	326.0	522.0	0.0	0
363	4984	326.0	522.0	0.0	0
364	4984	326.0	522.0	0.0	0
365	4984	326.0	522.0	0.0	0
366	4984	326.0	522.0	0.0	0
367	4984	326.0	522.0	0.0	0
368	4984	326.0	522.0	0.0	0
369	4984	326.0	522.0	0.0	0
370	4984	326.0	522.0	0.0	0
371	4984	326.0	522.0	0.0	0
372	4984	326.0	522.0	0.0	0
373	4984	326.0	522.0	0.0	0
374	4984	326.0	522.0	0.0	0
375	4984	326.0	522.0	0.0	0
376	4984	326.0	522.0	0.0	0
377	4984	326.0	522.0	0.0	0
378	4984	326.0	522.0	0.0	0
379	4984	326.0	522.0	0.0	0
380	4984	326.0	522.0	0.0	0
381	4984	326.0	522.0	0.0	0
382	4984	326.0	522.0	0.0	0
383	4984	326.0	522.0	0.0	0
384	4984	326.0	522.0	0.0	0
385	4984	326.0	522.0	0.0	0
386	4984	326.0	522.0	0.0	0
387	4984	326.0	522.0	0.0	0
388	4984	326.0	522.0	0.0	0
389	4984	326.0	522.0	0.0	0
390	4984	326.0	522.0	0.0	0
391	4984	326.0	522.0	0.0	0
392	4984	326.0	522.0	0.0	0
393	4984	326.0	522.0	0.0	0
394	4984	326.0	522.0	0.0	0
395	4984	326.0	522.0	0.22873901	1
396	4984	541.0	243.0	0.0	0
397	4984	541.0	243.0	0.0	0
398	4984	541.0	243.0	0.0	0
399	4984	541.0	243.0	0.0	0
400	4984	541.0	243.0	0.0	0
401	4984	541.0	243.0	0.0	0
402	4984	541.0	243.0	0.0	0
403	4984	541.0	243.0	0.0	0
404	4984	541.0	243.0	0.0	0
405	4984	541.0	243.0	0.0	0
406	4984	541.0	243.0	0.0	0
407	4984	541.0	243.0	0.0	0
408	4984	541.0	243.0	0.0	0
409	4984	541.0	243.0	0.0	0
410	4984	541.0	243.0	0.0	0
411	4984	541.0	243.0	0.0	0
412	4984	541.0	243.0	0.0	0
413	4984	541.0	243.0	0.0	0
414	4984	541.0	243.0	0.0	0
415	4984	541.0	243.0	0.0	0
416	4984	541.0	243.0	0.0	0
417	4984	541.0	243.0	0.0	0
418	4984	541.0	243.0	0.0	0
419	4984	541.0	243.0	0.0	1
420	4984	591.0	233.0	0.2111437	1
421	4984	592.0	234.0	0.13294233	1
422	4984	613.0	241.0	0.0	0
423	4984	613.0	241.0	0.0	0
424	4984	613.0	241.0	0.19354838	1
425	4984	659.0	258.0	0.11632454	1
426	4984	660.0	259.0	0.07722385	1
427	4984	710.0	252.0	0.0039100684	0
428	4984	710.0	252.0	0.08504399	1
429	4984	738.0	223.0	0.13294233	1
430	4984	739.0	222.0	0.018572826	1
431	4984	749.0	184.0	0.0	0
432	4984	749.0	184.0	0.0	0
433	4984	749.0	184.0	0.0	0
434	4984	749.0	184.0	0.0	0
435	4984	749.0	184.0	0.0	1
436	4984	668.0	153.0	0.2228739	1
437	4984	667.0	154.0	0.042033236	0
438	4984	667.0	154.0	0.0	0
439	4984	667.0	154.0	0.0	0
440	4984	667.0	154.0	0.1260997	1
441	4984	658.0	178.0	0.07722385	1
442	4984	659.0	179.0	0.0	0
443	4984	659.0	179.0	0.0	0
444	4984	659.0	179.0	0.0	0
445	4984	659.0	179.0	0.052785926	1
446	4984	731.0	249.0	0.05376344	1
447	4984	745.0	259.0	0.0	1
448	4984	749.0	260.0	0.0	0
449	4984	749.0	260.0	0.0	0
450	4984	749.0	260.0	0.28347996	1
451	4984	750.0	273.0	0.23264907	1
452	4984	749.0	274.0	0.0342131	1
453	4984	749.0	286.0	0.0	0
454	4984	749.0	286.0	0.16324535	1
455	4984	739.0	290.0	0.25415444	1
456	4984	727.0	306.0	0.20136853	1
457	4984	720.0	312.0	0.10654937	1
458	4984	707.0	313.0	0.0	0
459	4984	707.0	313.0	0.0	0
460	4984	707.0	313.0	0.0	0
461	4984	707.0	313.0	0.16911046	1
462	4984	660.0	311.0	0.058651026	1
463	4984	659.0	311.0	0.0	0
464	4984	659.0	311.0	0.0	0
465	4984	659.0	311.0	0.0	0
466	4984	659.0	311.0	0.0	0
467	4984	659.0	311.0	0.0	0
468	4984	659.0	311.0	0.0	0
469	4984	659.0	311.0	0.0	0
470	4984	659.0	311.0	0.0	0
471	4984	659.0	311.0	0.0	0
472	4984	659.0	311.0	0.0	0
473	4984	659.0	311.0	0.16617791	1
474	4984	626.0	211.0	0.07135875	1
475	4984	650.0	204.0	0.0	0
476	4984	650.0	204.0	0.0	0
477	4984	650.0	204.0	0.0	0
478	4984	650.0	204.0	0.17986315	1
479	4984	702.0	226.0	0.09677419	1
480	4984	726.0	230.0	0.0	0
481	4984	726.0	230.0	0.14369501	1
482	4984	735.0	233.0	0.23167156	1
483	4984	735.0	234.0	0.09970675	1
484	4984	739.0	238.0	0.0	0
485	4984	739.0	238.0	0.0	0
486	4984	739.0	238.0	0.28934506	1
487	4984	745.0	250.0	0.18963832	1
488	4984	746.0	251.0	0.05767351	0
489	4984	746.0	251.0	0.0	0
490	4984	746.0	251.0	0.0	1
491	4984	771.0	243.0	0.16324535	1
492	4984	772.0	244.0	0.11534702	1
493	4984	781.0	244.0	0.069403715	1
494	4984	787.0	245.0	0.17595308	1
495	4984	797.0	260.0	0.23753665	1
496	4984	809.0	277.0	0.26979473	1
497	4984	815.0	286.0	0.14565004	1
498	4984	816.0	295.0	0.072336264	1
499	4984	811.0	300.0	0.18768328	1
500	4984	804.0	304.0	0.22776149	1
501	4984	799.0	305.0	0.012707722	1
502	4984	796.0	306.0	0.0	0
503	4984	796.0	306.0	0.16715543	1
504	4984	790.0	316.0	0.20136853	1
505	4984	789.0	317.0	0.24144672	1
506	4984	780.0	327.0	0.28347996	1
507	4984	773.0	328.0	0.031280547	0
508	4984	773.0	328.0	0.0	0
509	4984	773.0	328.0	0.0	0
510	4984	773.0	328.0	0.21016617	1
511	4984	758.0	321.0	0.2346041	1
512	4984	757.0	322.0	0.1319648	1
513	4984	758.0	304.0	0.0039100684	0
514	4984	758.0	304.0	0.026392963	1
515	4984	763.0	278.0	0.0048875855	1
516	4984	764.0	277.0	0.0	0
517	4984	764.0	277.0	0.0	0
518	4984	764.0	277.0	0.1652004	1
519	4984	800.0	304.0	0.22189638	1
520	4984	801.0	305.0	0.23558162	1
521	4984	801.0	319.0	0.121212125	1
522	4984	802.0	320.0	0.042033236	1
523	4984	802.0	324.0	0.13489737	1
524	4984	804.0	335.0	0.21603128	1
525	4984	805.0	340.0	0.2170088	1
526	4984	805.0	343.0	0.022482894	0
527	4984	805.0	343.0	0.0	0
528	4984	805.0	343.0	0.10361681	1
529	498