1	35202	970.0	276.0	0.13489737	1
2	35202	965.0	284.0	0.1368524	1
3	35202	959.0	292.0	0.13782991	1
4	35202	954.0	298.0	0.14076246	1
5	35202	949.0	302.0	0.14369501	1
6	35202	943.0	307.0	0.14858261	1
7	35202	939.0	309.0	0.1544477	1
8	35202	934.0	311.0	0.15542522	1
9	35202	928.0	313.0	0.15542522	1
10	35202	923.0	315.0	0.15542522	1
11	35202	918.0	317.0	0.15640274	1
12	35202	914.0	319.0	0.15640274	1
13	35202	910.0	321.0	0.15640274	1
14	35202	905.0	323.0	0.15640274	1
15	35202	902.0	325.0	0.15542522	1
16	35202	897.0	328.0	0.1544477	1
17	35202	892.0	330.0	0.15542522	1
18	35202	888.0	333.0	0.15542522	1
19	35202	884.0	336.0	0.15640274	1
20	35202	881.0	338.0	0.15542522	1
21	35202	877.0	341.0	0.15347019	1
22	35202	872.0	346.0	0.15249267	1
23	35202	867.0	351.0	0.15151516	1
24	35202	862.0	356.0	0.15053764	1
25	35202	860.0	360.0	0.1427175	1
26	35202	857.0	364.0	0.11534702	1
27	35202	856.0	367.0	0.010752688	0
28	35202	856.0	367.0	0.0	0
29	35202	856.0	367.0	0.0	0
30	35202	856.0	367.0	0.0	0
31	35202	856.0	367.0	0.0	0
32	35202	856.0	367.0	0.0	0
33	35202	856.0	367.0	0.0	0
34	35202	856.0	367.0	0.0	0
35	35202	856.0	367.0	0.0	0
36	35202	856.0	367.0	0.0	0
37	35202	856.0	367.0	0.0	0
38	35202	856.0	367.0	0.0	0
39	35202	856.0	367.0	0.0	0
40	35202	856.0	367.0	0.0	0
41	35202	856.0	367.0	0.0	0
42	35202	856.0	367.0	0.0	0
43	35202	856.0	367.0	0.0	0
44	35202	856.0	367.0	0.0	0
45	35202	856.0	367.0	0.0	0
46	35202	856.0	367.0	0.0	0
47	35202	856.0	367.0	0.0	0
48	35202	856.0	367.0	0.069403715	1
49	35202	850.0	262.0	0.12218964	1
50	35202	840.0	254.0	0.1603128	1
51	35202	827.0	246.0	0.19648094	1
52	35202	809.0	239.0	0.22971652	1
53	35202	785.0	234.0	0.23655914	1
54	35202	756.0	232.0	0.24731183	1
55	35202	723.0	233.0	0.25904202	1
56	35202	696.0	237.0	0.26686218	1
57	35202	655.0	246.0	0.27174976	1
58	35202	612.0	259.0	0.2922776	1
59	35202	569.0	276.0	0.31867057	1
60	35202	525.0	301.0	0.31085044	1
61	35202	483.0	337.0	0.31671554	1
62	35202	450.0	387.0	0.30987293	1
63	35202	435.0	430.0	0.31085044	1
64	35202	435.0	495.0	0.3020528	1
65	35202	464.0	560.0	0.29814273	1
66	35202	516.0	606.0	0.2922776	1
67	35202	584.0	625.0	0.22873901	1
68	35202	656.0	615.0	0.04692082	1
69	35202	718.0	565.0	0.0	0
70	35202	718.0	565.0	0.0	0
71	35202	718.0	565.0	0.0	0
72	35202	718.0	565.0	0.0	0
73	35202	718.0	565.0	0.0	0
74	35202	718.0	565.0	0.0	0
75	35202	718.0	565.0	0.0	0
76	35202	718.0	565.0	0.0	0
77	35202	718.0	565.0	0.0	0
78	35202	718.0	565.0	0.0	0
79	35202	718.0	565.0	0.0	0
80	35202	718.0	565.0	0.0	0
81	35202	718.0	565.0	0.0	0
82	35202	718.0	565.0	0.0	0
83	35202	718.0	565.0	0.0	0
84	35202	718.0	565.0	0.0	0
85	35202	718.0	565.0	0.0	0
86	35202	718.0	565.0	0.0	0
87	35202	718.0	565.0	0.0	0
88	35202	718.0	565.0	0.0	0
89	35202	718.0	565.0	0.0	0
90	35202	718.0	565.0	0.0	0
91	35202	718.0	565.0	0.0	0
92	35202	718.0	565.0	0.0	0
93	35202	718.0	565.0	0.0	0
94	35202	718.0	565.0	0.0	0
95	35202	718.0	565.0	0.0	0
96	35202	718.0	565.0	0.0	0
97	35202	718.0	565.0	0.0	0
98	35202	718.0	565.0	0.0	0
99	35202	718.0	565.0	0.0	0
100	35202	718.0	565.0	0.0	0
101	35202	718.0	565.0	0.0	0
102	35202	718.0	565.0	0.0	0
103	35202	718.0	565.0	0.0	0
104	35202	718.0	565.0	0.0	0
105	35202	718.0	565.0	0.0	0
106	35202	718.0	565.0	0.060606062	1
107	35202	116.0	355.0	0.12218964	1
108	35202	111.0	358.0	0.17986315	1
109	35202	104.0	359.0	0.18963832	1
110	35202	95.0	360.0	0.1827957	1
111	35202	76.0	352.0	0.18670577	1
112	35202	53.0	340.0	0.22482893	1
113	35202	34.0	325.0	0.23753665	1
114	35202	21.0	298.0	0.22678398	1
115	35202	19.0	263.0	0.22580644	1
116	35202	30.0	233.0	0.23167156	1
117	35202	56.0	209.0	0.23264907	1
118	35202	95.0	191.0	0.23069404	1
119	35202	145.0	179.0	0.2346041	1
120	35202	185.0	176.0	0.2346041	1
121	35202	239.0	178.0	0.23558162	1
122	35202	284.0	196.0	0.23362659	1
123	35202	303.0	229.0	0.2639296	1
124	35202	296.0	259.0	0.29912025	1
125	35202	272.0	272.0	0.036168132	1
126	35202	254.0	272.0	0.0	0
127	35202	254.0	272.0	0.0	0
128	35202	254.0	272.0	0.0	0
129	35202	254.0	272.0	0.0	0
130	35202	254.0	272.0	0.0	0
131	35202	254.0	272.0	0.0	0
132	35202	254.0	272.0	0.0	0
133	35202	254.0	272.0	0.0	0
134	35202	254.0	272.0	0.0	0
135	35202	254.0	272.0	0.0	0
136	35202	254.0	272.0	0.0	0
137	35202	254.0	272.0	0.0	0
138	35202	254.0	272.0	0.0	0
139	35202	254.0	272.0	0.0	0
140	35202	254.0	272.0	0.0	0
141	35202	254.0	272.0	0.0	0
142	35202	254.0	272.0	0.0	0
143	35202	254.0	272.0	0.0	0
144	35202	254.0	272.0	0.0	0
145	35202	254.0	272.0	0.0	0
146	35202	254.0	272.0	0.0	0
147	35202	254.0	272.0	0.0	0
148	35202	254.0	272.0	0.0	0
149	35202	254.0	272.0	0.0	0
150	35202	254.0	272.0	0.0	0
151	35202	254.0	272.0	0.0	0
152	35202	254.0	272.0	0.0	0
153	35202	254.0	272.0	0.0	0
154	35202	254.0	272.0	0.0	0
155	35202	254.0	272.0	0.0	0
156	35202	254.0	272.0	0.0	0
157	35202	254.0	272.0	0.0	0
158	35202	254.0	272.0	0.0	0
159	35202	254.0	272.0	0.0	0
160	35202	254.0	272.0	0.076246336	1
161	35202	513.0	55.0	0.12903225	1
162	35202	506.0	54.0	0.16226783	1
163	35202	500.0	53.0	0.19061583	1
164	35202	490.0	53.0	0.20332356	1
165	35202	477.0	52.0	0.20723362	1
166	35202	457.0	57.0	0.20723362	1
167	35202	432.0	71.0	0.21407625	1
168	35202	408.0	94.0	0.21994135	1
169	35202	392.0	128.0	0.23264907	1
170	35202	390.0	164.0	0.23558162	1
171	35202	398.0	189.0	0.27174976	1
172	35202	475.0	237.0	0.29912025	1
173	35202	538.0	240.0	0.30498534	1
174	35202	598.0	220.0	0.22971652	1
175	35202	632.0	176.0	0.06744868	1
176	35202	632.0	134.0	0.0	0
177	35202	632.0	134.0	0.0	0
178	35202	632.0	134.0	0.0	0
179	35202	632.0	134.0	0.0	0
180	35202	632.0	134.0	0.0	0
181	35202	632.0	134.0	0.0	0
182	35202	632.0	134.0	0.0	0
183	35202	632.0	134.0	0.0	0
184	35202	632.0	134.0	0.0	0
185	35202	632.0	134.0	0.0	0
186	35202	632.0	134.0	0.0	0
187	35202	632.0	134.0	0.0	0
188	35202	632.0	134.0	0.0	0
189	35202	632.0	134.0	0.0	0
190	35202	632.0	134.0	0.0	0
191	35202	632.0	134.0	0.0	0
192	35202	632.0	134.0	0.0	0
193	35202	632.0	134.0	0.0	0
194	35202	632.0	134.0	0.0	0
195	35202	632.0	134.0	0.0	0
196	35202	632.0	134.0	0.0	0
197	35202	632.0	134.0	0.0	0
198	35202	632.0	134.0	0.0	0
199	35202	632.0	134.0	0.0	0
200	35202	632.0	134.0	0.0	0
201	35202	632.0	134.0	0.0	0
202	35202	632.0	134.0	0.05767351	1
203	35202	631.0	257.0	0.10654937	1
204	35202	627.0	261.0	0.11827957	1
205	35202	620.0	264.0	0.14760508	1
206	35202	611.0	268.0	0.15835777	1
207	35202	603.0	270.0	0.16715543	1
208	35202	592.0	271.0	0.16715543	1
209	35202	578.0	271.0	0.17204301	1
210	35202	563.0	271.0	0.17888562	1
211	35202	547.0	269.0	0.18377322	1
212	35202	532.0	266.0	0.18181819	1
213	35202	518.0	259.0	0.18084067	1
214	35202	509.0	252.0	0.17888562	1
215	35202	496.0	243.0	0.18084067	1
216	35202	484.0	232.0	0.17888562	1
217	35202	474.0	217.0	0.17693059	1
218	35202	466.0	201.0	0.17497556	1
219	35202	460.0	185.0	0.17399804	1
220	35202	459.0	168.0	0.17497556	1
221	35202	461.0	155.0	0.17595308	1
222	35202	472.0	136.0	0.17204301	1
223	35202	493.0	115.0	0.1710655	1
224	35202	524.0	98.0	0.16911046	1
225	35202	562.0	91.0	0.16617791	1
226	35202	601.0	95.0	0.16129032	1
227	35202	632.0	123.0	0.16911046	1
228	35202	647.0	167.0	0.18377322	1
229	35202	645.0	210.0	0.20527859	1
230	35202	627.0	239.0	0.25024438	1
231	35202	586.0	269.0	0.20430107	1
232	35202	532.0	286.0	0.109481916	1
233	35202	485.0	282.0	0.0	0
234	35202	485.0	282.0	0.0	0
235	35202	485.0	282.0	0.0	0
236	35202	485.0	282.0	0.0	0
237	35202	485.0	282.0	0.0	0
238	35202	485.0	282.0	0.0	0
239	35202	485.0	282.0	0.0	0
240	35202	485.0	282.0	0.0	0
241	35202	485.0	282.0	0.0	0
242	35202	485.0	282.0	0.0	0
243	35202	485.0	282.0	0.0	0
244	35202	485.0	282.0	0.0	0
245	35202	485.0	282.0	0.0	0
246	35202	485.0	282.0	0.0	0
247	35202	485.0	282.0	0.0	0
248	35202	485.0	282.0	0.0	0
249	35202	485.0	282.0	0.0	0
250	35202	485.0	282.0	0.0	0
251	35202	485.0	282.0	0.0	0
252	35202	485.0	282.0	0.0	0
253	35202	485.0	282.0	0.0	0
254	35202	485.0	282.0	0.0	0
255	35202	485.0	282.0	0.0	0
256	35202	485.0	282.0	0.0	0
257	35202	485.0	282.0	0.0	0
258	35202	485.0	282.0	0.0	0
259	35202	485.0	282.0	0.0	0
260	35202	485.0	282.0	0.0	0
261	35202	485.0	282.0	0.0	0
262	35202	485.0	282.0	0.0	0
263	35202	485.0	282.0	0.05376344	1
264	35202	583.0	172.0	0.069403715	1
265	35202	579.0	170.0	0.09384164	1
266	35202	574.0	167.0	0.11534702	1
267	35202	567.0	166.0	0.13489737	1
268	35202	560.0	164.0	0.15151516	1
269	35202	549.0	163.0	0.16422288	1
270	35202	536.0	163.0	0.17204301	1
271	35202	521.0	164.0	0.17302053	1
272	35202	500.0	168.0	0.17399804	1
273	35202	477.0	176.0	0.17888562	1
274	35202	452.0	186.0	0.18670577	1
275	35202	432.0	195.0	0.20039101	1
276	35202	406.0	208.0	0.20527859	1
277	35202	379.0	222.0	0.2228739	1
278	35202	354.0	239.0	0.22678398	1
279	35202	334.0	256.0	0.23362659	1
280	35202	322.0	272.0	0.22873901	1
281	35202	316.0	288.0	0.2228739	1
282	35202	316.0	309.0	0.20821114	1
283	35202	323.0	327.0	0.20039101	1
284	35202	347.0	355.0	0.19354838	1
285	35202	371.0	364.0	0.19061583	1
286	35202	410.0	369.0	0.18963832	1
287	35202	458.0	358.0	0.19061583	1
288	35202	509.0	320.0	0.19354838	1
289	35202	547.0	275.0	0.18768328	1
290	35202	562.0	245.0	0.17399804	1
291	35202	563.0	221.0	0.23753665	1
292	35202	540.0	215.0	0.20918866	1
293	35202	495.0	231.0	0.15738025	1
294	35202	449.0	274.0	0.017595308	0
295	35202	449.0	274.0	0.0	0
296	35202	449.0	274.0	0.0	0
297	35202	449.0	274.0	0.0	0
298	35202	449.0	274.0	0.0	0
299	35202	449.0	274.0	0.0	0
300	35202	449.0	274.0	0.0	0
301	35202	449.0	274.0	0.0	0
302	35202	449.0	274.0	0.0	0
303	35202	449.0	274.0	0.0	0
304	35202	449.0	274.0	0.0	0
305	35202	449.0	274.0	0.0	0
306	35202	449.0	274.0	0.0	0
307	35202	449.0	274.0	0.0	0
308	35202	449.0	274.0	0.0	0
309	35202	449.0	274.0	0.0	0
310	35202	449.0	274.0	0.0	0
311	35202	449.0	274.0	0.0	0
312	35202	449.0	274.0	0.0	0
313	35202	449.0	274.0	0.0	0
314	35202	449.0	274.0	0.0	0
315	35202	449.0	274.0	0.0	0
316	35202	449.0	274.0	0.0	0
317	35202	449.0	274.0	0.0	0
318	35202	449.0	274.0	0.0	0
319	35202	449.0	274.0	0.0	0
320	35202	449.0	274.0	0.07722385	1
321	35202	528.0	249.0	0.12512219	1
322	35202	522.0	249.0	0.15738025	1
323	35202	516.0	250.0	0.16715543	1
324	35202	507.0	255.0	0.17204301	1
325	35202	492.0	263.0	0.18475074	1
326	35202	479.0	272.0	0.20332356	1
327	35202	469.0	280.0	0.20527859	1
328	35202	455.0	294.0	0.2062561	1
329	35202	440.0	311.0	0.2062561	1
330	35202	427.0	330.0	0.20918866	1
331	35202	419.0	351.0	0.2111437	1
332	35202	416.0	369.0	0.20723362	1
333	35202	416.0	380.0	0.20136853	1
334	35202	426.0	394.0	0.1994135	1
335	35202	443.0	406.0	0.1994135	1
336	35202	468.0	412.0	0.20136853	1
337	35202	496.0	413.0	0.19843598	1
338	35202	525.0	398.0	0.17888562	1
339	35202	552.0	348.0	0.0	0
340	35202	552.0	348.0	0.0	0
341	35202	552.0	348.0	0.0	0
342	35202	552.0	348.0	0.0	0
343	35202	552.0	348.0	0.0	0
344	35202	552.0	348.0	0.0	0
345	35202	552.0	348.0	0.0	0
346	35202	552.0	348.0	0.0	0
347	35202	552.0	348.0	0.0	0
348	35202	552.0	348.0	0.0	0
349	35202	552.0	348.0	0.0	0
350	35202	552.0	348.0	0.0	0
351	35202	552.0	348.0	0.0	0
352	35202	552.0	348.0	0.0	0
353	35202	552.0	348.0	0.0	0
354	35202	552.0	348.0	0.0	0
355	35202	552.0	348.0	0.0	0
356	35202	552.0	348.0	0.0	0
357	35202	552.0	348.0	0.0	0
358	35202	552.0	348.0	0.0	0
359	35202	552.0	348.0	0.0	0
360	35202	552.0	348.0	0.0	0
361	35202	552.0	348.0	0.0	0
362	35202	552.0	348.0	0.0	0
363	35202	552.0	348.0	0.0	0
364	35202	552.0	348.0	0.0	0
365	35202	552.0	348.0	0.0	0
366	35202	552.0	348.0	0.0	0
367	35202	552.0	348.0	0.0	0
368	35202	552.0	348.0	0.0	0
369	35202	552.0	348.0	0.0	0
370	35202	552.0	348.0	0.0	0
371	35202	552.0	348.0	0.0	0
372	35202	552.0	348.0	0.0	0
373	35202	552.0	348.0	0.0	0
374	35202	552.0	348.0	0.0	0
375	35202	552.0	348.0	0.0	0
376	35202	552.0	348.0	0.0	0
377	35202	552.0	348.0	0.0	0
378	35202	552.0	348.0	0.0	0
379	35202	552.0	348.0	0.0	0
380	35202	552.0	348.0	0.0	0
381	35202	552.0	348.0	0.0	0
382	35202	552.0	348.0	0.035190616	1
383	35202	407.0	464.0	0.0801564	1
384	35202	407.0	462.0	0.11730205	1
385	35202	410.0	454.0	0.1368524	1
386	35202	414.0	440.0	0.0801564	1
387	35202	416.0	432.0	0.0	0
388	35202	416.0	432.0	0.0	0
389	35202	416.0	432.0	0.0	0
390	35202	416.0	432.0	0.0	0
391	35202	416.0	432.0	0.0	1
392	35202	410.0	460.0	0.119257085	1
393	35202	410.0	459.0	0.13391985	1
394	35202	413.0	446.0	0.0	0
395	35202	413.0	446.0	0.0	0
396	35202	413.0	446.0	0.0	0
397	35202	413.0	446.0	0.0	0
398	35202	413.0	446.0	0.0	1
399	35202	414.0	458.0	0.045943305	1
400	35202	415.0	457.0	0.0	0
401	35202	415.0	457.0	0.0	0
402	35202	415.0	457.0	0.0	0
403	35202	415.0	457.0	0.02052786	1
404	35202	417.0	476.0	0.024437929	1
405	35202	418.0	477.0	0.058651026	1
406	35202	425.0	459.0	0.049853373	1
407	35202	426.0	456.0	0.0	0
408	35202	426.0	456.0	0.0	0
409	35202	426.0	456.0	0.033235583	1
410	35202	423.0	469.0	0.109481916	1
411	35202	423.0	470.0	0.1319648	1
412	35202	430.0	456.0	0.13782991	1
413	35202	432.0	450.0	0.0	0
414	35202	432.0	450.0	0.0	0
415	35202	432.0	450.0	0.069403715	1
416	35202	435.0	454.0	0.12218964	1
417	35202	436.0	455.0	0.114369504	1
418	35202	442.0	442.0	0.0	0
419	35202	442.0	442.0	0.0	0
420	35202	442.0	442.0	0.0	0
421	35202	442.0	442.0	0.09872923	1
422	35202	450.0	444.0	0.0801564	1
423	35202	458.0	436.0	0.0	0
424	35202	458.0	436.0	0.0	0
425	35202	458.0	436.0	0.0	0
426	35202	458.0	436.0	0.06744868	1
427	35202	472.0	446.0	0.07038123	1
428	35202	473.0	445.0	0.043010753	1
429	35202	482.0	432.0	0.0	0
430	35202	482.0	432.0	0.0	0
431	35202	482.0	432.0	0.09384164	1
432	35202	490.0	437.0	0.10557185	1
433	35202	491.0	438.0	0.04105572	1
434	35202	500.0	428.0	0.0	0
435	35202	500.0	428.0	0.0	0
436	35202	500.0	428.0	0.059628543	1
437	35202	501.0	438.0	0.054740958	1
438	35202	502.0	439.0	0.039100684	1
439	35202	505.0	439.0	0.0	0
440	35202	505.0	439.0	0.0	0
441	35202	505.0	439.0	0.0	0
442	35202	505.0	439.0	0.0	0
443	35202	505.0	439.0	0.14565004	1
444	35202	508.0	420.0	0.1202346	1
445	35202	519.0	431.0	0.0	0
446	35202	519.0	431.0	0.0	0
447	35202	519.0	431.0	0.13294233	1
448	35202	525.0	427.0	0.15640274	1
449	35202	526.0	428.0	0.15542522	1
450	35202	542.0	435.0	0.05767351	1
451	35202	549.0	431.0	0.0	0
452	35202	549.0	431.0	0.0	0
453	35202	549.0	431.0	0.12805474	1
454	35202	563.0	414.0	0.11339199	1
455	35202	584.0	415.0	0.0	0
456	35202	584.0	415.0	0.0	0
457	35202	584.0	415.0	0.08211144	1
458	35202	605.0	389.0	0.11143695	1
459	35202	606.0	388.0	0.074291304	1
460	35202	624.0	378.0	0.0	0
461	35202	624.0	378.0	0.06647117	1
462	35202	628.0	363.0	0.14956012	1
463	35202	628.0	362.0	0.13587488	1
464	35202	628.0	350.0	0.060606062	1
465	35202	628.0	338.0	0.10166178	1
466	35202	628.0	336.0	0.07722385	1
467	35202	628.0	335.0	0.014662757	1
468	35202	628.0	334.0	0.09090909	1
469	35202	630.0	337.0	0.15542522	1
470	35202	640.0	340.0	0.08699902	1
471	35202	647.0	334.0	0.049853373	1
472	35202	650.0	313.0	0.11632454	1
473	35202	650.0	295.0	0.22385141	1
474	35202	649.0	291.0	0.23949169	1
475	35202	649.0	289.0	0.15835777	1
476	35202	649.0	280.0	0.08993158	1
477	35202	649.0	268.0	0.011730205	0
478	35202	649.0	268.0	0.0	0
479	35202	649.0	268.0	0.0	0
480	35202	649.0	268.0	0.15347019	1
481	35202	649.0	254.0	0.08504399	0
482	35202	649.0	254.0	0.0	0
483	35202	649.0	254.0	0.0	0
484	35202	649.0	254.0	0.20918866	1
485	35202	656.0	234.0	0.07820137	1
486	35202	657.0	234.0	0.0	0
487	35202	657.0	234.0	0.0	0
488	35202	657.0	234.0	0.1945259	1
489	35202	700.0	212.0	0.16226783	1
490	35202	701.0	213.0	0.0	0
491	35202	701.0	213.0	0.0	0
492	35202	701.0	213.0	0.21994135	1
493	35202	738.0	204.0	0.24340177	1
494	35202	738.0	204.0	0.054740958	1
495	35202	751.0	197.0	0.0	0
496	35202	751.0	197.0	0.0	1
497	35202	752.0	181.0	0.2521994	1
498	35202	751.0	180.0	0.26099706	1
499	35202	734.0	163.0	0.18963832	1
500	35202	717.0	164.0	0.17204301	1
501	35202	701.0	174.0	0.074291304	1
502	35202	696.0	184.0	0.0	0
503	35202	696.0	184.0	0.0	0
504	35202	696.0	184.0	0.038123168	1
505	35202	683.0	186.0	0.13294233	1
506	35202	679.0	187.0	0.13782991	1
507	35202	678.0	199.0	0.0	0
508	35202	678.0	199.0	0.0	0
509	35202	678.0	199.0	0.0	0
510	35202	678.0	199.0	0.17399804	1
511	35202	668.0	218.0	0.056695994	1
512	35202	686.0	227.0	0.0	0
513	35202	686.0	227.0	0.0	0
514	35202	686.0	227.0	0.18963832	1
515	35202	723.0	238.0	0.16617791	1
516	35202	724.0	239.0	0.10068426	1
517	35202	751.0	240.0	0.038123168	1
518	35202	753.0	246.0	0.13782991	1
519	35202	754.0	256.0	0.17693059	1
520	35202	750.0	271.0	0.0	0
521	35202	750.0	271.0	0.0	0
522	35202	750.0	271.0	0.0	0
523	35202	750.0	271.0	0.40664712	1
524	35202	704.0	330.0	0.20332356	1
525	35202	703.0	331.0	0.02052786	1
526	35202	688.0	357.0	0.0	0
527	35202	688.0	357.0	0.0	0
528	35202	688.0	357.0	0.16226783	1
529	35202	658.0	381.0	0.0	0
530	35202	658.0	381.0	0.0	0
531	35202	658.0	381.0	0.0	0
532	35202	658.0	381.0	0.0	1
533	35202	558.0	412.0	0.0	0
534	35202	558.0	412.0	0.0	0
535	35202	558.0	412.0	0.0	0
536	35202	558.0	412.0	0.0	0
537	35202	558.0	412.0	0.0	0
538	35202	558.0	412.0	0.0	0
539	35202	558.0	412.0	0.0	0
540	35202	558.0	412.0	0.0	0
541	35202	558.0	412.0	0.18670577	1
542	35202	396.0	429.0	0.009775171	0
543	35202	396.0	429.0	0.0	0
544	35202	396.0	429.0	0.0	0
545	35202	396.0	429.0	0.15835777	1
546	35202	359.0	412.0	0.0	0
547	35202	359.0	412.0	0.0	0
548	35202	359.0	412.0	0.3264907	1
549	35202	318.0	414.0	0.3313783	1
550	35202	317.0	415.0	0.10752688	1
551	35202	302.0	415.0	0.0	0
552	35202	302.0	415.0	0.0	1
553	35202	292.0	422.0	0.32355815	1
554	35202	291.0	423.0	0.13489737	1
555	35202	294.0	445.0	0.0	0
556	35202	294.0	445.0	0.12707722	1
557	35202	298.0	463.0	0.14076246	1
558	35202	299.0	464.0	0.076246336	1
559	35202	310.0	477.0	0.092864126	1
560	35202	314.0	482.0	0.19843598	1
561	35202	315.0	488.0	0.076246336	1
562	35202	319.0	492.0	0.0	0
563	35202	319.0	492.0	0.0	1
564	35202	326.0	510.0	0.20136853	1
565	35202	327.0	511.0	0.043010753	1
566	35202	326.0	522.0	0.0	0
567	35202	326.0	522.0	0.0	0
568	35202	326.0	522.0	0.0	0
569	35202	326.0	522.0	0.0	0
570	35202	326.0	522.0	0.0	0
571	35202	326.0	522.0	0.0	0
572	35202	326.0	522.0	0.0	0
573	35202	326.0	522.0	0.0	0
574	35202	326.0	522.0	0.0	0
575	35202	326.0	522.0	0.0	0
576	35202	326.0	522.0	0.0	0
577	35202	326.0	522.0	0.0	0
578	35202	326.0	522.0	0.0	0
579	35202	326.0	522.0	0.0	0
580	35202	326.0	522.0	0.0	0
581	35202	326.0	522.0	0.0	0
582	35202	326.0	522.0	0.0	0
583	35202	326.0	522.0	0.0	0
584	35202	326.0	522.0	0.0	0
585	35202	326.0	522.0	0.0	0
586	35202	326.0	522.0	0.0	0
587	35202	326.0	522.0	0.0	0
588	35202	326.0	522.0	0.0	0
589	35202	326.0	522.0	0.0	0
590	35202	326.0	522.0	0.0	0
591	35202	326.0	522.0	0.0	0
592	35202	326.0	522.0	0.0	0
593	35202	326.0	522.0	0.0	0
594	35202	326.0	522.0	0.0	0
595	35202	326.0	522.0	0.0	0
596	35202	326.0	522.0	0.0	0
597	35202	326.0	522.0	0.0	0
598	35202	326.0	522.0	0.0	0
599	35202	326.0	522.0	0.0	0
600	35202	326.0	522.0	0.0	0
601	35202	326.0	522.0	0.0	0
602	35202	326.0	522.0	0.0	0
603	35202	326.0	522.0	0.0	0
604	35202	326.0	522.0	0.0	0
605	35202	326.0	522.0	0.0	0
606	35202	326.0	522.0	0.0	0
607	35202	326.0	522.0	0.0	0
608	35202	326.0	522.0	0.22873901	1
609	35202	541.0	243.0	0.0	0
610	35202	541.0	243.0	0.0	0
611	35202	541.0	243.0	0.0	0
612	35202	541.0	243.0	0.0	0
613	35202	541.0	243.0	0.0	0
614	35202	541.0	243.0	0.0	0
615	35202	541.0	243.0	0.0	0
616	35202	541.0	243.0	0.0	0
617	35202	541.0	243.0	0.0	0
618	35202	541.0	243.0	0.0	0
619	35202	541.0	243.0	0.0	0
620	35202	541.0	243.0	0.0	0
621	35202	541.0	243.0	0.0	0
622	35202	541.0	243.0	0.0	0
623	35202	541.0	243.0	0.0	0
624	35202	541.0	243.0	0.0	0
625	35202	541.0	243.0	0.0	0
626	35202	541.0	243.0	0.0	0
627	35202	541.0	243.0	0.0	0
628	35202	541.0	243.0	0.0	0
629	35202	541.0	243.0	0.0	0
630	35202	541.0	243.0	0.0	0
631	35202	541.0	243.0	0.0	0
632	35202	541.0	243.0	0.0	1
633	35202	591.0	233.0	0.2111437	1
634	35202	592.0	234.0	0.13294233	1
635	35202	613.0	241.0	0.0	0
636	35202	613.0	241.0	0.0	0
637	35202	613.0	241.0	0.19354838	1
638	35202	659.0	258.0	0.11632454	1
639	35202	660.0	259.0	0.07722385	1
640	35202	710.0	252.0	0.0039100684	0
641	35202	710.0	252.0	0.08504399	1
642	35202	738.0	223.0	0.13294233	1
643	35202	739.0	222.0	0.018572826	1
644	35202	749.0	184.0	0.0	0
645	35202	749.0	184.0	0.0	0
646	35202	749.0	184.0	0.0	0
647	35202	749.0	184.0	0.0	0
648	35202	749.0	184.0	0.0	1
649	35202	668.0	153.0	0.2228739	1
650	35202	667.0	154.0	0.042033236	0
651	35202	667.0	154.0	0.0	0
652	35202	667.0	154.0	0.0	0
653	35202	667.0	154.0	0.1260997	1
654	35202	658.0	178.0	0.07722385	1
655	35202	659.0	179.0	0.0	0
656	35202	659.0	179.0	0.0	0
657	35202	659.0	179.0	0.0	0
658	35202	659.0	179.0	0.052785926	1
659	35202	731.0	249.0	0.05376344	1
660	35202	745.0	259.0	0.0	1
661	35202	749.0	260.0	0.0	0
662	35202	749.0	260.0	0.0	0
663	35202	749.0	260.0	0.28347996	1
664	35202	750.0	273.0	0.23264907	1
665	35202	749.0	274.0	0.0342131	1
666	35202	749.0	286.0	0.0	0
667	35202	749.0	286.0	0.16324535	1
668	35202	739.0	290.0	0.25415444	1
669	35202	727.0	306.0	0.20136853	1
670	35202	720.0	312.0	0.10654937	1
671	35202	707.0	313.0	0.0	0
672	35202	707.0	313.0	0.0	0
673	35202	707.0	313.0	0.0	0
674	35202	707.0	313.0	0.16911046	1
675	35202	660.0	311.0	0.058651026	1
676	35202	659.0	311.0	0.0	0
677	35202	659.0	311.0	0.0	0
678	35202	659.0	311.0	0.0	0
679	35202	659.0	311.0	0.0	0
680	35202	659.0	311.0	0.0	0
681	35202	659.0	311.0	0.0	0
682	35202	659.0	311.0	0.0	0
683	35202	659.0	311.0	0.0	0
684	35202	659.0	311.0	0.0	0
685	35202	659.0	311.0	0.0	0
686	35202	659.0	311.0	0.16617791	1
687	35202	626.0	211.0	0.07135875	1
688	35202	650.0	204.0	0.0	0
689	35202	650.0	204.0	0.0	0
690	35202	650.0	204.0	0.0	0
691	35202	650.0	204.0	0.17986315	1
692	35202	702.0	226.0	0.09677419	1
693	35202	726.0	230.0	0.0	0
694	35202	726.0	230.0	0.14369501	1
695	35202	735.0	233.0	0.23167156	1
696	35202	735.0	234.0	0.09970675	1
697	35202	739.0	238.0	0.0	0
698	35202	739.0	238.0	0.0	0
699	35202	739.0	238.0	0.28934506	1
700	35202	745.0	250.0	0.18963832	1
701	35202	746.0	251.0	0.05767351	0
702	35202	746.0	251.0	0.0	0
703	35202	746.0	251.0	0.0	1
704	35202	771.0	243.0	0.16324535	1
705	35202	772.0	244.0	0.11534702	1
706	35202	781.0	244.0	0.069403715	1
707	35202	787.0	245.0	0.17595308	1
708	35202	797.0	260.0	0.23753665	1
709	35202	809.0	277.0	0.26979473	1
710	35202	815.0	286.0	0.14565004	1
711	35202	816.0	295.0	0.072336264	1
712	35202	811.0	300.0	0.18768328	1
713	35202	804.0	304.0	0.22776149	1
714	35202	799.0	305.0	0.012707722	1
715	35202	796.0	306.0	0.0	0
716	35202	796.0	306.0	0.16715543	1
717	35202	790.0	316.0	0.20136853	1
718	35202	789.0	317.0	0.24144672	1
719	35202	780.0	327.0	0.28347996	1
720	35202	773.0	328.0	0.031280547	0
721	35202	773.0	328.0	0.0	0
722	35202	773.0	328.0	0.0	0
723	35202	773.0	328.0	0.21016617	1
724	35202	758.0	321.0	0.2346041	1
725	35202	757.0	322.0	0.1319648	1
726	35202	758.0	304.0	0.0039100684	0
727	35202	758.0	304.0	0.026392963	1
728	35202	763.0	278.0	0.0048875855	1
729	35202	764.0	277.0	0.0	0
730	35202	764.0	277.0	0.0	0
731	35202	764.0	277.0	0.1652004	1
732	35202	800.0	304.0	0.22189638	1
733	35202	801.0	305.0	0.23558162	1
734	35202	801.0	319.0	0.121212125	1
735	35202	802.0	320.0	0.042033236	1
736	35202	802.0	324.0	0.13489737	1
737	35202	804.0	335.0	0.21603128	1
738	35202	805.0	340.0	0.2170088	1
739	35202	805.0	343.0	0.022482894	0
740	35202	805.0	343.0	0.0	0
741	35202	805.0	343.0	0.10361681	1
742	35202	774.0	354.0	0.11339199	1
743	35202	773.0	355.0	0.112414464	1
744	35202	751.0	376.0	0.0	0
745	35202	751.0	376.0	0.0	0
746	35202	751.0	376.0	0.0	0
747	35202	751.0	376.0	0.0	0
748	35202	751.0	376.0	0.17204301	1
749	35202	780.0	402.0	0.15640274	1
750	35202	791.0	398.0	0.109481916	1
751	35202	800.0	391.0	0.0801564	1
752	35202	804.0	381.0	0.026392963	1
753	35202	802.0	372.0	0.11045943	1
754	35202	788.0	371.0	0.25415444	1
755	35202	773.0	377.0	0.32844576	1
756	35202	764.0	383.0	0.17986315	1
757	35202	760.0	387.0	0.06353861	1
758	35202	759.0	388.0	0.0	0
759	35202	759.0	388.0	0.0	0
760	35202	759.0	388.0	0.0	1
761	35202	769.0	389.0	0.32160312	1
762	35202	770.0	390.0	0.21016617	1
763	35202	760.0	384.0	0.0	0
764	35202	760.0	384.0	0.0	1
765	35202	748.0	377.0	0.24437928	1
766	35202	747.0	378.0	0.15053764	1
767	352